No:  residues  hmm_col_1  hmm_col_2  hmm_col_3  hmm_col_4  hmm_col_5  hmm_col_6  hmm_col_7  hmm_col_8  hmm_col_9  hmm_col_10  hmm_col_11  hmm_col_12  hmm_col_13  hmm_col_14  hmm_col_15  hmm_col_16  hmm_col_17  hmm_col_18  hmm_col_19  hmm_col_20  hmm_col_21   hmm_col_22   hmm_col_23   hmm_col_24   hmm_col_25   hmm_col_26   hmm_col_27   hmm_col_28   hmm_col_29   hmm_col_30   
1.0    V  0.044718016250716  0.003026780980309  0.023748825881274  0.063813257856700  0.072092850316251  0.006159376359815  0.011874412940637  0.190782401120070  0.032509383328812  0.225156494961982  0.046294993688135  0.005086891365504  0.004759415092481  0.031380235726218  0.078020659306351  0.017241152188156  0.015722778492153  0.108592773143828  0.007437327410137  0.011662331119507  0.997922718999051  0.000000000000000  0.002144712526928  0.166662334636400  0.833353207159218  0.000000000000000  0.000000000000000  0.000825754186892  0.500000000000000  1.000000000000000 
2.0    V  0.017799740269096  0.010068551800664  0.004590923157890  0.012387252134536  0.088572337281764  0.006519603759027  0.005273585879386  0.239816029831316  0.004575039770386  0.249307812838017  0.065289735179014  0.008425628372613  0.000000000000000  0.011257263662796  0.011148550825921  0.006483551449922  0.018645870984871  0.216284172646247  0.005609158244623  0.017911127902006  0.997231251352069  0.001139013056434  0.001353583872705  0.638164384414476  0.361984543094890  1.000000000000000  0.000000000000000  0.000666549666936  0.497924876547229  0.500000000000000 
3.0    Q  0.064928693956104  0.013129902378645  0.035353576963934  0.064793818813733  0.040779842115280  0.025050791543731  0.028537445312875  0.073200636326176  0.051832471613403  0.161880374856803  0.066569262712089  0.026960667016958  0.002217269730754  0.057591511637419  0.086749544938474  0.033866436463899  0.022158438057492  0.055322110286222  0.037369368649254  0.051724801004888  0.997922718999051  0.000539907545567  0.001481218306030  1.000000000000000  0.000000000000000  0.757858283255199  0.241986756723434  0.000592868595896  0.495171435966512  0.490049707670935 
4.0    E  0.082927821287323  0.006015915423719  0.127008767874213  0.170636714735646  0.008229383093397  0.031730190652170  0.021792869786725  0.013424386796050  0.093428078039684  0.048968574184334  0.009368280576493  0.066569262712089  0.009017854824350  0.093234001668217  0.079549683454746  0.063022028430912  0.050310383601320  0.013621222492767  0.003775805066660  0.007370611335120  0.988970916380931  0.008728805766189  0.002368189099730  0.700763724540373  0.299369676154732  0.241316756217939  0.758383772687221  0.000624937702072  0.458502021602336  0.489710148793463 
5.0    A  0.086809695985319  0.022734073181793  0.012595044242078  0.033446521825832  0.044439919080852  0.019064070473003  0.011565728890625  0.121413436942704  0.016874633747389  0.282828615711475  0.040836414184162  0.033492920704259  0.004697145503509  0.019804883156788  0.029769937438873  0.031228346655952  0.061939347704005  0.081616236693057  0.016008700359888  0.028835702895431  0.991029563264079  0.003857815865021  0.005215423059750  0.802737388715953  0.197510327965844  0.155393708612992  0.844400887423782  0.000621481901990  0.489370825198718  0.476649272644080 
6.0    L  0.020503300852999  0.006754197119593  0.002989251503560  0.013811367672870  0.059333882559407  0.005380664243684  0.003670010739117  0.245705149636313  0.016527358806538  0.392020227037869  0.048765342510856  0.008178205327926  0.001623136448425  0.007375722024611  0.013102627881890  0.008783429092020  0.013868927144836  0.122003970097028  0.003817913150042  0.005835208816845  0.976031760776225  0.016424576704495  0.007314626933082  0.441045682598588  0.559030925482931  0.538866572521835  0.461051558956316  0.000637626849165  0.382889499273596  0.448755025333631 
7.0    D  0.077160162930846  0.009909307807233  0.064704057740086  0.095391200560035  0.022908074331081  0.036146505747040  0.021196942616370  0.029625842660270  0.115422788841174  0.067873866020143  0.011454037165541  0.054258764225065  0.007304493732433  0.066247048962330  0.162555018318560  0.052738487258126  0.053660339777360  0.032284824615129  0.004521446160118  0.014588749139302  0.985549336939371  0.007525483547032  0.006688970973019  0.613442488626902  0.386623168727659  0.696888619343735  0.303128204765434  0.000623639530857  0.453759577658580  0.421907898065009 
8.0    K  0.071001829049168  0.003400588137875  0.092077980363530  0.172061950198837  0.007525483547032  0.044687030823803  0.033749267494778  0.017948411796829  0.098823639575493  0.062240609568404  0.015711884068726  0.043555538708983  0.005365766536834  0.085673925311231  0.098481735756168  0.065561832973434  0.047530586038782  0.019998006466317  0.002126947295578  0.012473412286823  0.958599438492977  0.018529914053296  0.022577037467555  0.806082831492968  0.193848301586751  0.333324669272800  0.666649338545599  0.000630594409327  0.353553390593274  0.440434687063490 
9.0    A  0.065880713955671  0.009232902710425  0.008662505028149  0.028775803037658  0.045531222309313  0.007124477855623  0.024586326417299  0.092525831125003  0.033146491917757  0.339151081861918  0.043555538708983  0.019117000642685  0.011398596439376  0.032599643547808  0.044842172956459  0.025808677029241  0.025418099941629  0.056211144509235  0.027054267672489  0.059333882559407  0.891310495896971  0.073812041339346  0.034674046002120  0.812815601984320  0.187115373349086  0.675018992561373  0.325110036637120  0.000623639530857  0.195467410782148  0.334250123851284 
10.0    R  0.146604368653985  0.022390025787080  0.026114592466308  0.040023745666555  0.024998754010399  0.028676246322230  0.032712821311705  0.034220389712299  0.120658378108970  0.087656203165150  0.015030116479137  0.061853541025950  0.017062821027276  0.064569649230258  0.118914784541475  0.062716984281844  0.036372704200067  0.043828101582575  0.006857982793824  0.008674522137724  0.635515844652833  0.343885454534936  0.020803931456818  0.901250462610830  0.098481735756168  0.558256480991286  0.441963765531836  0.000642507092299  0.019505164826588  0.274332984394811 
11.0    E  0.097058609375130  0.003906250000000  0.073760896458513  0.148033951481704  0.007324774191071  0.044071811265137  0.033679160782615  0.009505643426829  0.134436798807172  0.024569290379385  0.006515086279883  0.050555084272609  0.021050524638526  0.088082547196376  0.114864110434881  0.080940187428402  0.039145763707004  0.008710673583810  0.005168638437141  0.008543245761599  0.560194607097088  0.419284092220466  0.020474896935287  0.810565119885309  0.189202099121197  0.603321959860381  0.396392068305142  0.000624504678358  0.007845058931554  0.270368690870904 
12.0    G  0.028696130071904  0.005734963422008  0.077374393177340  0.058476468614463  0.004322255285517  0.408384495555011  0.038875364165577  0.004177918312052  0.061725053840336  0.007954571873161  0.002895443378521  0.105112051906714  0.022081775685668  0.049997508020797  0.038956287321097  0.038181034427297  0.033192474577980  0.005190178961314  0.001977646108106  0.006824788249349  0.961260928388761  0.024013674707625  0.014771908074230  0.650220073274240  0.349654020684615  0.708578698254108  0.291183396617114  0.000654191212123  0.346277367027731  0.269620107923613 
13.0    R  0.076574083244042  0.029421202016913  0.008223680896167  0.012499377005199  0.016851256745226  0.059746582349609  0.016630784100834  0.104169150894902  0.141708676597303  0.072947381363654  0.053846634982001  0.021050524638526  0.011374918351555  0.022813000166477  0.101742898133804  0.052483218309009  0.103020260619155  0.077213664820433  0.005738939973743  0.011965296852300  0.965936328924846  0.025260027150174  0.008759109984598  0.512633618944297  0.487677730763821  0.738669031791280  0.261158940716058  0.000638511400653  0.326012683814640  0.340328529124868 
14.0    T  0.130942015887475  0.023421868777430  0.013276328111541  0.006688970973019  0.001708563993957  0.060833085884890  0.003839142963067  0.066247048962330  0.013574096642978  0.039637231228933  0.016198454703433  0.011304178795863  0.045562793088018  0.010650020369395  0.013574096642978  0.105769824575036  0.398872619904516  0.034458411345904  0.000000000000000  0.003325991045894  0.986232704493359  0.012310216969521  0.001125670260546  0.622437117691085  0.377618146390706  0.579547975952228  0.420156876116641  0.000663783321244  0.427797512841301  0.401646998378517 
15.0    C  0.049928244778072  0.019695365493484  0.007129417879246  0.002808469790717  0.039996012932635  0.005883947135288  0.001992782537595  0.238489887636890  0.004334255750265  0.138984894689638  0.048495678392179  0.004552895305213  0.001635559545915  0.011533706294397  0.022797192878753  0.023308500417054  0.055092509869198  0.304391504665747  0.006642766875502  0.012276133072931  0.988285651500733  0.006810611246383  0.004835899573584  0.281264621172202  0.718968266423479  0.546010272872826  0.454074208860755  0.000652832273147  0.455334916795989  0.447202450891303 
16.0    I  0.007154169425142  0.009875024206663  0.005295563776563  0.000000000000000  0.049309177553279  0.002485927607961  0.000000000000000  0.338212057762569  0.000000000000000  0.293615492803413  0.021241066279793  0.000000000000000  0.003183876298448  0.004496443325499  0.004413075056915  0.004449935067274  0.008223680896167  0.239483804555674  0.003472041723307  0.005255340658288  0.994470168673214  0.005551140793677  0.000000000000000  0.242154547306657  0.757858283255199  0.409234590795402  0.590905773467183  0.000667474341768  0.473685035299634  0.447512535463986 
17.0    M  0.039857637239955  0.018971795068673  0.006651982091789  0.004626060983803  0.098073012237094  0.006958538285990  0.007036140467562  0.196826994142301  0.001703833409709  0.201800268626191  0.118832387653727  0.006049367405103  0.002593291324966  0.004230371271586  0.008004350179944  0.021359178936591  0.026078415036107  0.176287245060549  0.025190088484155  0.028755864082027  0.997231251352069  0.001148526611612  0.001322056913137  0.766841329836546  0.233419986228828  0.263888429409492  0.736113431084089  0.000659198234923  0.488692883205403  0.469761374607006 
18.0    I  0.114228931278675  0.016053147490296  0.007006938747359  0.005083366622820  0.010964622859680  0.007551610133320  0.009638337264137  0.229092161168838  0.000000000000000  0.028183605574445  0.003791540897537  0.012868609644806  0.006011746953753  0.000000000000000  0.003736750617546  0.113991645689971  0.098960733233909  0.325561047392257  0.002439836182917  0.004923841373371  0.997231251352069  0.000393322407739  0.002607711529875  1.000000000000000  0.000000000000000  0.230366046549676  0.769503610080431  0.000661028456569  0.500000000000000  0.471065636952404 
19.0    A  0.063372467486877  0.013012121420009  0.028242272710971  0.059498619281096  0.006546774489593  0.015484836926001  0.023552107961850  0.020847237026215  0.002562912606625  0.031995215638389  0.007609408347994  0.011702819800189  0.005237158560861  0.004661467746218  0.002746861718580  0.293005570918628  0.393108646070166  0.013840117485974  0.000000000000000  0.002964490728465  0.994470168673214  0.002109329218424  0.003217152411201  0.446582926176380  0.553248676546136  0.360232437209480  0.639492790638714  0.000664243580276  0.491410299272626  0.460412848602520 
20.0    H  0.011351289449776  0.004626060983803  0.014680042956469  0.007801677078914  0.001996930723848  0.007193950759414  0.759962428200758  0.003271119091830  0.007002083590386  0.013659040943912  0.004971855215922  0.021838233935173  0.009834040418007  0.043495199744722  0.012081974022739  0.043105028807096  0.021108970070869  0.007006938747359  0.001912930268724  0.002978909479016  0.982820598545251  0.006834255975827  0.010103507280371  0.407818746669505  0.592135805926816  0.209787409276635  0.790041311863377  0.000659198234923  0.449689156073876  0.454074208860755 
21.0    R  0.015843116871719  0.003219383144349  0.324209888662752  0.055130710324824  0.008862933476062  0.012421644546078  0.050765774772265  0.022987605403996  0.033819520141429  0.033866436463899  0.009381276777228  0.113282742283417  0.008355836624103  0.060162152693859  0.115103212150630  0.066338950559362  0.021762679385454  0.014179986801831  0.004876291206647  0.025382887386132  0.973329374158238  0.020832791829550  0.005875795903862  0.613017430026578  0.386891248385597  0.346757742282846  0.653382626946587  0.000651024744673  0.384751805040216  0.411510172639354 
22.0    L  0.051367511705928  0.006857982793824  0.032894723584670  0.042071877164899  0.034722147770472  0.007396200244037  0.017506081471784  0.113912660079643  0.015431263460084  0.234555299125168  0.070903467808497  0.015292838287460  0.119493164699218  0.026259804757290  0.041810236087066  0.032173127607312  0.030926770512975  0.083446768955994  0.009061716050824  0.013917076571979  0.984184022033800  0.011776053980925  0.003941607944706  0.452503231441453  0.547526235396787  0.421031476804208  0.578745108495061  0.000646976082542  0.435577096071128  0.411510172639354 
23.0    S  0.100830219902766  0.007807086663988  0.150308656112272  0.159873197659679  0.016827912128016  0.047695600280017  0.040638754579640  0.005928981456930  0.032554482156507  0.024895003008924  0.010657404959995  0.072393300387165  0.034842694335241  0.044749023162536  0.067358321565229  0.111413811987121  0.031380235726218  0.017775081685508  0.005920767837931  0.016097718025314  0.969961910341735  0.021687386234619  0.008275143239718  0.534032704023926  0.465870214652387  0.339151081861918  0.661127302571287  0.000646527788279  0.383686524000222  0.426908857195622 
24.0    T  0.059416193826864  0.006112592044816  0.073760896458513  0.161880374856803  0.069975805540890  0.015218816695988  0.028795755818709  0.063901783163120  0.011990203875007  0.143487801731875  0.028795755818709  0.019970302550048  0.021717472185037  0.040638754579640  0.041781265481410  0.042718357873182  0.050695447223565  0.080828058242968  0.012310216969521  0.025970183174801  0.978741650397436  0.012913286221160  0.008178205327926  0.536258308408971  0.463615273217731  0.558256480991286  0.441657525740733  0.000643844538326  0.431071772508798  0.393653988284602 
25.0    I  0.198608600024026  0.017457611532378  0.012886461697033  0.025808677029241  0.036423162441705  0.016827912128016  0.010387555532670  0.158878961163208  0.007515058239569  0.212274061611710  0.023715925827720  0.006670450893682  0.015082297263621  0.011662331119507  0.015975445790780  0.042452696392155  0.027261334555336  0.139564120247822  0.010294374622923  0.010265872087104  0.963261894020148  0.020963159763785  0.015766431778823  0.571173123424273  0.428688018317086  0.412652704256329  0.587230985606827  0.000643844538326  0.387965427137428  0.406971592535217 
26.0    Q  0.104313660144426  0.007667648936355  0.065018766657624  0.136219014026666  0.032307210507749  0.028835702895431  0.021914050791288  0.026369243629063  0.084377374070172  0.098073012237094  0.023831275832129  0.027930786323650  0.028636520146105  0.051796556530500  0.091695834010458  0.067358321565229  0.035476315692065  0.034794425569646  0.008413956064008  0.024981432198515  0.947370070599268  0.044842172956459  0.007562086147607  0.782954296256543  0.217336140022505  0.482968164462423  0.516915368123982  0.000645184768388  0.284401306968126  0.363241262392842 
27.0    N  0.088879838161705  0.012073602338250  0.058354996557207  0.086629367853151  0.041723384477997  0.042511589137686  0.044409126349417  0.030734439813320  0.071248329543341  0.079439480581604  0.025050791543731  0.047267749915124  0.032128557083002  0.066247048962330  0.109045338221345  0.057751410777926  0.027431931175297  0.032667503131411  0.006992383366625  0.039418044025977  0.441351498145327  0.555939578758553  0.002575378153305  0.976031760776225  0.023963791557392  0.540737381741809  0.459138081150462  0.000640728151656  0.003908958544776  0.373971439590597 
28.0    T  0.278355404557172  0.155609279422771  0.029749309640548  0.011833330592789  0.057631444869539  0.060664654360597  0.007769298192759  0.035797434311867  0.006777645993376  0.047169561516268  0.020531744174209  0.012779719664965  0.028935813203979  0.009400804890621  0.012913286221160  0.084611642440779  0.041463910643661  0.067873866020143  0.002053072088062  0.028027754989438  0.962594443101751  0.033539383949795  0.003802067867806  0.789493886700555  0.210369870571345  0.493800430722686  0.506277403675246  0.000656917582286  0.328735690051268  0.401368694357977 
29.0    D  0.027469986278493  0.008127345832203  0.456915725114700  0.058435949859466  0.005388128600887  0.038207508677877  0.034602018265134  0.008728805766189  0.023260082111977  0.007411596212035  0.002235789376169  0.080325396091836  0.020963159763785  0.045216715183454  0.023781771575615  0.069444295540943  0.077428043611494  0.008054439990584  0.000000000000000  0.003925249298530  0.986916545885842  0.006372167916711  0.006744840301363  0.415811049187453  0.583983697306559  0.491751037013124  0.508035071496851  0.000643844538326  0.464258426153364  0.430474594169452 
30.0    L  0.023781771575615  0.010554485035435  0.044935516651467  0.055514174740150  0.014751444049223  0.015788303851356  0.072042896674929  0.017157700215423  0.105623298051564  0.022608357591727  0.009061716050824  0.038714021805747  0.012568880795967  0.077804639711386  0.285982743300952  0.048160694272400  0.060329189054485  0.031293351740979  0.016746460352130  0.036524289017539  0.990342871933025  0.008315392050417  0.001273487046151  0.081729459283547  0.918276162300924  0.236678407809178  0.763129604480280  0.000651476157069  0.454389058224260  0.426613049056034 
31.0    I  0.064435519924674  0.018440224114628  0.005738939973743  0.012682649702770  0.031774208540374  0.022514527325593  0.019330194979487  0.247757390816020  0.013303964183577  0.106949378210325  0.015388538170243  0.009118422670457  0.005782864445313  0.009651708102554  0.039968299414920  0.015040538173465  0.049824529783784  0.288571354379210  0.005648173025569  0.018123432101647  0.987600861445373  0.004316267518750  0.007807086663988  0.373453364278086  0.626766510220345  0.131578894338680  0.868140227601043  0.000668400299361  0.475000191437443  0.434070113800521 
32.0    V  0.087656203165150  0.013687473672924  0.004832548744872  0.005663854815933  0.037812315288103  0.028478165019911  0.017301009132567  0.189990607050190  0.006236706143411  0.212863426937236  0.033353916813749  0.002358360530247  0.008212288352248  0.008183875992967  0.013313188985545  0.025880333166705  0.032531924927628  0.168054374269078  0.029502888098445  0.074222479129588  0.988970916380931  0.006112592044816  0.004862789981962  0.101672399766516  0.898132372883934  0.257385020858499  0.742776460330414  0.000663323381127  0.473028823362798  0.399702915176236 
33.0    V  0.040274207202657  0.020645912588410  0.022686848123498  0.039582320428851  0.069060280299994  0.016619260513956  0.028281451965091  0.125782227937223  0.022702578899553  0.146097156070156  0.032464346978052  0.014915953345933  0.009558500321343  0.016561762240583  0.042896388476716  0.029894004940371  0.030777076340486  0.242658617442387  0.019064070473003  0.029400815859806  0.998614666101029  0.000856653856184  0.000793215230817  0.500000000000000  0.500000000000000  0.165625877130651  0.834509281155409  0.000658741471846  0.498270131413934  0.396666921595571 
34.0    I  0.007385954037115  0.005373210227108  0.004664699949510  0.007489058113226  0.049275010878517  0.003812624065532  0.005083366622820  0.188547509585822  0.008662505028149  0.414085330667273  0.167705278110283  0.003105411136519  0.004322255285517  0.006185045827119  0.014377932041014  0.004971855215922  0.007625248131064  0.080492601844364  0.008326927625531  0.008525499039492  0.940826107513788  0.041406469282663  0.017615631439772  0.331941289595609  0.668037039195050  0.124826833262629  0.875391329694264  0.000659198234923  0.300409012381713  0.407818746669505 
35.0    Q  0.063328556259943  0.011430243911753  0.136219014026666  0.129139298460517  0.009439983151484  0.042423280621250  0.058883204619051  0.015560152392101  0.100970097201201  0.031620412532092  0.008674522137724  0.074790560201920  0.014568538850576  0.050906722691888  0.080548414405313  0.077912574642194  0.038714021805747  0.026681803574726  0.001935604615750  0.026241609154504  0.967947026893737  0.014140725982545  0.017652300227658  0.505576040425652  0.494485458190466  0.608783009331493  0.391205890868256  0.000672116992964  0.389852421305662  0.325335463860483 
36.0    K  0.058598193528569  0.007577827424545  0.168054374269078  0.104241380478121  0.006407600868724  0.101531549544529  0.042335155546418  0.002472180847598  0.102025380768863  0.014052786127309  0.003930694623038  0.132494097924660  0.025683755852964  0.072393300387165  0.072092850316251  0.051724801004888  0.015898120189104  0.005211809256554  0.003248523821777  0.009964409309989  0.958599438492977  0.025898278265250  0.015218816695988  0.523405140987288  0.476649272644080  0.517273790759455  0.482968164462423  0.000670256069949  0.334481888696528  0.329876977693224 
37.0    S  0.027757087370075  0.004913613171234  0.022097086912080  0.022483337187669  0.004080608448688  0.665725806618185  0.013248749447393  0.005403088394574  0.040949793870574  0.011776053980925  0.003703230332534  0.032826392000336  0.007324774191071  0.021627339313304  0.042482132559586  0.037188490509584  0.019600034445641  0.005512796263315  0.002396259721199  0.009036626436760  0.971307495541633  0.017948411796829  0.010547171758771  0.462011286223412  0.538120062391899  0.372677596699730  0.627201102260497  0.000631031655585  0.387965427137428  0.333787075823977 
38.0    K  0.044501568612408  0.007309558576808  0.015733680469636  0.097937148368668  0.003887342663360  0.055207190717592  0.039010329653175  0.023131457781251  0.174101435083629  0.024382671255428  0.006301888743923  0.031818287492644  0.017676788481967  0.078345813777543  0.204901151909379  0.062456693311903  0.065743861200242  0.034101996157967  0.005391864661706  0.008178205327926  0.951318276331799  0.032262454233851  0.016561762240583  0.443190849597434  0.557096825409666  0.326238736922239  0.674083865868528  0.000691491913191  0.338681244371342  0.341746862985452 
39.0    V  0.046262915562502  0.011630041055989  0.007154169425142  0.015766431778823  0.031120304784202  0.016435965300061  0.006163647194160  0.254017535748425  0.023357019509921  0.218393223979174  0.029360085912938  0.011710934388715  0.018775563273857  0.018775563273857  0.017445515030978  0.025137761591935  0.028478165019911  0.206040521238310  0.006968191557969  0.007055675860561  0.931740429304773  0.043525358770907  0.024501264189867  0.285190928967106  0.714497069870547  0.425431864753270  0.574747424017338  0.000661486805413  0.289372554247531  0.306721244313451 
40.0    R  0.095855166229568  0.011109979770213  0.015810206266046  0.044347604881262  0.023454360898662  0.017301009132567  0.026904662135591  0.134157535799182  0.053846634982001  0.110337874536332  0.017923547253534  0.017421347167620  0.014278616409834  0.032240099353167  0.050977343333688  0.041694474052430  0.055977854380678  0.208049683677881  0.006596881932998  0.021657341963288  0.927230546435463  0.046746429948825  0.026314467300263  0.311218558845543  0.688725023191569  0.445655247948486  0.554400321801535  0.000651476157069  0.264804583670969  0.282632641781148 
41.0    E  0.132677901118724  0.023963791557392  0.048127323389754  0.141218401821265  0.062586703481958  0.041263213781719  0.032396909406866  0.027680234971949  0.051581588032041  0.062111318332660  0.015898120189104  0.025016087833009  0.028975954576108  0.043706752585577  0.045499673406221  0.056680645558321  0.036957218757629  0.045943354262158  0.019722688001752  0.057992092279455  0.938221196500671  0.034842694335241  0.026848773592100  0.336341802130457  0.663422570298581  0.550570799048982  0.449377563305515  0.000667474341768  0.317097849831467  0.260255399421028 
42.0    H  0.067311648512066  0.022828818414776  0.103377921055408  0.095391200560035  0.038794609110191  0.032599643547808  0.037111239564794  0.053660339777360  0.039582320428851  0.043164826504496  0.020674553748564  0.040079268836320  0.022577037467555  0.073658712988230  0.051868411599374  0.081842838942723  0.064928693956104  0.054033576956742  0.009348820025240  0.047169561516268  0.942131273904809  0.040023745666555  0.017664540111322  0.330563651285644  0.669427628489221  0.437392382452911  0.562529242344405  0.000690533966002  0.332401777045429  0.251913440102626 
43.0    G  0.060790934213268  0.008015454260446  0.066846692992828  0.061426287409078  0.022813000166477  0.426908857195622  0.018517074545962  0.018801609781242  0.031401994388243  0.040638754579640  0.007208925723858  0.035822255804012  0.017973310833603  0.018555619782397  0.023781771575615  0.058476468614463  0.034125642054552  0.029380443828410  0.006801176275751  0.011800567074710  0.968618189226628  0.019505164826588  0.011973593439123  0.306296332976169  0.693515484565693  0.497235084336607  0.502780290199234  0.000717367496718  0.397492625474487  0.277777182163773 
44.0    T  0.065018766657624  0.005730989625654  0.111955708761356  0.068964608752622  0.006306258394568  0.038687196588670  0.016232173489026  0.017015578364627  0.058638824781292  0.023650262390150  0.008189550589976  0.061767853218796  0.122512426917734  0.029749309640548  0.046778843337272  0.146807746401707  0.136597217387619  0.023666661185578  0.002152158429447  0.009565128065627  0.979420297586927  0.009638337264137  0.010642640895629  0.395568650592725  0.604577837916681  0.238159499510984  0.762072415169885  0.000723359276377  0.450937689191125  0.321970407377456 
45.0    H  0.091759414752131  0.007169061580558  0.023732370153352  0.039172906888772  0.034482304376311  0.037629293163482  0.045657636829552  0.053252755942179  0.052084575447451  0.071495685825238  0.023454360898662  0.025506345192216  0.165625877130651  0.023470623858452  0.049790006017849  0.052884912287518  0.077374393177340  0.074376981019167  0.008722757515489  0.042452696392155  0.974004268543241  0.018287478773040  0.007556846325109  0.174584816558425  0.825305408512657  0.288971676638700  0.711038705293637  0.000738046839998  0.410086455598363  0.318861097919636 
46.0    Q  0.110490941382959  0.004319260364532  0.130217928626028  0.163119368461120  0.007604135735611  0.043465061615937  0.025826572442319  0.012199788946990  0.076415017355754  0.028636520146105  0.008906041192918  0.042718357873182  0.039145763707004  0.058314561971050  0.064524908467703  0.095061172077563  0.050171086794747  0.026886019706607  0.002003863565112  0.010019817209080  0.961260928388761  0.029687511964840  0.008949358577967  0.267386771971311  0.732550437305669  0.196554323035083  0.803293996757034  0.000749387742188  0.372419365780676  0.337275633584925 
47.0    Q  0.079219532627152  0.003836482793998  0.136219014026666  0.232290168562728  0.004759415092481  0.043646204139606  0.025347723611783  0.013621222492767  0.055668306287918  0.032644867589507  0.009175484150107  0.049138580758771  0.029258507732328  0.075519865211871  0.044842172956459  0.059087632296921  0.048060650977196  0.039774841727373  0.002234240182039  0.015657525079369  0.955282936382437  0.032464346978052  0.012490716099257  0.281654807124320  0.718470088272032  0.342695701244926  0.657471380102535  0.000720856643400  0.360732171715407  0.314907494986850 
48.0    L  0.059705183523902  0.013433695097547  0.015625000000000  0.022923958502614  0.091188771515011  0.019236631458514  0.012709049970814  0.125260200634954  0.008402299925448  0.290175978595930  0.024552266145862  0.007370611335120  0.020588749245846  0.014538275901610  0.029769937438873  0.022359008125358  0.029462016747445  0.153254357506645  0.010272990314102  0.029238234307231  0.933032991536807  0.027776333786455  0.039445376003504  0.207905524593727  0.792234810924969  0.267757705797864  0.732042847972813  0.000715877322846  0.358986127655859  0.322640622612945 
49.0    L  0.056719947207323  0.015506318354466  0.030948214747907  0.041177498491692  0.071545260037418  0.026132699997314  0.012762015486094  0.081221191403465  0.053734780390188  0.191179534735346  0.042659178683911  0.026793001144818  0.022405550750247  0.037008487870426  0.067032288551121  0.060664654360597  0.044470733163581  0.074842419038683  0.007731692628244  0.035402621415494  0.953298545288159  0.030628106729433  0.016333751565706  0.316658563430804  0.683493725970905  0.455650640318571  0.544121220835402  0.000771524718617  0.354289349127054  0.238489887636890 
50.0    A  0.128871039849349  0.005255340658288  0.071793647187315  0.106431713468618  0.011630041055989  0.040079268836320  0.033936933010072  0.016898043179432  0.078020659306351  0.029708096913432  0.009868181733170  0.068251284109103  0.031598502526603  0.072042896674929  0.088695209762524  0.098141014834197  0.076362068854594  0.021152910610195  0.002877436886360  0.008367428306183  0.953298545288159  0.026387527731993  0.020011872833278  0.349169633116849  0.650670927720967  0.516557193842066  0.483638164806966  0.000805403856065  0.376050937847172  0.278355404557172 
51.0    Q  0.076627178753322  0.005172222306232  0.100133734698703  0.109499789383391  0.012886461697033  0.035109371969739  0.038499939795180  0.014082038478294  0.086150322060977  0.034530140149997  0.008992886650998  0.090621677054928  0.051868411599374  0.069685388670481  0.087716982877442  0.078672323344054  0.056719947207323  0.025524030972188  0.007699604194839  0.009909307807233  0.911933165519769  0.065926394816754  0.021853376292788  0.569197014537439  0.430773079856009  0.323985241358333  0.675955416514063  0.000839605943597  0.254546299941155  0.302288918958340 
52.0    K  0.078726873746712  0.019970302550048  0.090621677054928  0.113047422195136  0.016573245958878  0.047366142703450  0.030691862351981  0.022281651833815  0.067498534989555  0.033655824256033  0.005578140545645  0.072896835611779  0.126657112519886  0.045060277233132  0.053548872173036  0.093040328447909  0.026737344552581  0.019750048413325  0.003930694623038  0.032284824615129  0.903752726751086  0.056680645558321  0.039719740290802  0.470087101254563  0.529976391698641  0.363493129330078  0.636397467637971  0.000930955610633  0.310356872881528  0.292194312140311 
53.0    G  0.091441951294020  0.005354620331952  0.100133734698703  0.122427537198366  0.006647372886770  0.114070686067931  0.023650262390150  0.018085784640471  0.048529304687565  0.053660339777360  0.007159130036526  0.065471007943737  0.052120690239060  0.053623158151793  0.049824529783784  0.090999346812443  0.050800975124020  0.035353576963934  0.001732414658500  0.008967987608242  0.909408251800733  0.073251392729657  0.017579038823263  0.236350529187686  0.763658748980350  0.723969086189780  0.276241121199978  0.000982673655760  0.293005570918628  0.278741554681924 
54.0    I  0.087050717541815  0.003941607944706  0.036880448229256  0.079715274479909  0.046327094056339  0.028915763376183  0.017738157846032  0.068440779424598  0.044749023162536  0.139274206352417  0.019156794688331  0.026515871928309  0.056211144509235  0.037136972033029  0.058476468614463  0.055629733328281  0.050695447223565  0.100133734698703  0.005369487092078  0.037681494615336  0.974679630891549  0.012370091654239  0.012850782323632  0.917004043204671  0.083273426568251  0.611320138846034  0.388773017941279  0.001029386155557  0.480297431976738  0.381564802240140 
55.0    Y  0.042159454198116  0.014998894703733  0.006447698504005  0.040978187944239  0.148650889375340  0.019263317585372  0.021300040738789  0.065335006262823  0.032329611922466  0.126131454230585  0.024654588776640  0.010554485035435  0.013084476367319  0.027661055143111  0.069348092004240  0.032352028870043  0.028716027608720  0.075939799494064  0.014467906601989  0.185694115082604  0.992404374685819  0.004066490615954  0.003773188784863  0.318640156829816  0.681129017320244  0.301451956922690  0.698339266233699  0.000955140110788  0.458819941155683  0.421907898065009 
56.0    F  0.090810315598211  0.007535923317064  0.034530140149997  0.093040328447909  0.048866852695537  0.027853452996780  0.039774841727373  0.031532863557646  0.086869888740146  0.057154068093744  0.014498023069864  0.033100572958871  0.032150834621674  0.047596523115727  0.132127255070173  0.083852639055141  0.034722147770472  0.051796556530500  0.011509747545441  0.040695130924032  0.991029563264079  0.004394759705816  0.004468480364077  0.755759964158113  0.244007940194056  0.156800275565124  0.843231110250112  0.001027960112021  0.488692883205403  0.407536166201313 
57.0    S  0.112344390826379  0.005640348420010  0.121161227116883  0.096254646779509  0.012344395497865  0.047497651762547  0.020305297850866  0.026867390195094  0.084318908396231  0.061128967090459  0.007045901393611  0.025277542136304  0.021403640311962  0.071149626817180  0.096054698830501  0.077160162930846  0.056719947207323  0.036196650193583  0.011063870611051  0.010096506489355  0.971307495541633  0.022498926851792  0.006336930902946  0.365767805176082  0.634195699662934  0.082870360018666  0.917004043204671  0.001110172825426  0.459138081150462  0.414085330667273 
58.0    M  0.054447137008891  0.010768790257622  0.005391864661706  0.024281477149502  0.107544078826430  0.013545899429917  0.017421347167620  0.095656048113917  0.014598864795050  0.268873597614345  0.056719947207323  0.014792400488074  0.011965296852300  0.016921485086343  0.019437682082789  0.023147496844068  0.024826075003003  0.085555238318240  0.011957006014240  0.122257934180917  0.955945317593742  0.016711673248207  0.027508094173848  0.353553390593274  0.646624465943743  0.622005826649234  0.377879982079057  0.001104799280123  0.453759577658580  0.394473420426233 
59.0    V  0.072997962163320  0.013480333508479  0.015229369232680  0.016042024151875  0.097193254485320  0.019037660369925  0.012841877926482  0.084202098554106  0.025312608551001  0.222056698960601  0.034650020112596  0.016390458243359  0.008189550589976  0.027412923397901  0.018401918587422  0.037395280100960  0.037577164028068  0.120909541201742  0.046391361582158  0.074273944066058  0.973329374158238  0.026460791011329  0.000000000000000  0.245875518506562  0.754190038343289  0.961260928388761  0.038526635170744  0.001076825354559  0.443498152576075  0.391748593474670 
60.0    S  0.091252000665908  0.000000000000000  0.065335006262823  0.079825859949712  0.000000000000000  0.151879598988127  0.018736561152986  0.019196671569463  0.073048578035078  0.037864770638445  0.006447698504005  0.069396177101790  0.026424133980547  0.069204036530268  0.096588818705998  0.088633752229966  0.074171049853533  0.020760715845258  0.006197920649931  0.004971855215922  0.965267024871757  0.029217974929733  0.005663854815933  0.261340025051291  0.738669031791280  0.000000000000000  1.000000000000000  0.001110942605344  0.464580337125457  0.498961359499525 
61.0    V  0.131032809439616  0.005524271728020  0.082070070339009  0.079825859949712  0.008795613954193  0.043737058299850  0.031206708315657  0.030353359235676  0.059375023929680  0.082583650353642  0.005339794734148  0.048697786228781  0.058964890680960  0.037421209519342  0.103593113060999  0.079384436408674  0.049997508020797  0.037499105699163  0.005578140545645  0.019050860844942  0.965936328924846  0.030543305200338  0.003250776307467  0.501735874254751  0.498270131413934  0.750539548757186  0.249307812838017  0.001248143909378  0.458502021602336  0.484309094613314 
62.0    Q  0.055016188347697  0.010503398391817  0.093104841445169  0.102948877158447  0.020674553748564  0.058598193528569  0.035624164771671  0.009413846210897  0.053586002289636  0.053105312446166  0.043134917293645  0.039747281460737  0.033539383949795  0.168520966467132  0.052229184932616  0.071843428002167  0.051118878659861  0.025952188252840  0.006647372886770  0.014669871051804  0.919550046151658  0.066754088002991  0.013994463595170  0.275476278969153  0.724471077277439  1.000000000000000  0.000000000000000  0.001335874320217  0.412652704256329  0.488692883205403 
63.0    A  0.095656048113917  0.000000000000000  0.047071577082307  0.076468002570742  0.031423768137452  0.077912574642194  0.013744516811288  0.012797448404060  0.111336612575835  0.088879838161705  0.022734073181793  0.040949793870574  0.029687511964840  0.064034801439550  0.083100444261357  0.121077273653328  0.023584780758134  0.040666932982560  0.000000000000000  0.018853811245637  0.956608158091874  0.036271997324491  0.007208925723858  0.209496783666987  0.790589116603944  0.577142708758419  0.423079298300145  0.001335874320217  0.451876363375543  0.474013482564323 
64.0    G  0.115183023274838  0.004419197120492  0.053215856734309  0.091950421615984  0.000000000000000  0.091886708524315  0.021300040738789  0.010166733245640  0.088879838161705  0.032240099353167  0.014101573866600  0.048227505470592  0.053809324271181  0.073353011142585  0.103952762296863  0.092397651954615  0.038553349056547  0.062413416631314  0.000000000000000  0.003966273831521  0.968618189226628  0.017349044275447  0.014013877494719  0.412366774305041  0.587638164209885  0.824162084953241  0.176043028364010  0.001445716111328  0.488692883205403  0.472373520498603 
65.0    A  0.096856991369896  0.005041259728327  0.085495956493906  0.147624082678691  0.006615197752832  0.137547326170767  0.006040987011370  0.019090517213648  0.046070913040347  0.050310383601320  0.013946046429265  0.016909760070714  0.052084575447451  0.083620472174132  0.033353916813749  0.104096971360069  0.045689295262501  0.017421347167620  0.000000000000000  0.032173127607312  0.882702996290655  0.117196387057139  0.000000000000000  0.426908857195622  0.573156092864189  0.192776353175993  0.807201074504765  0.001958547726369  0.411225034356232  0.457866843209063 
66.0    K  0.107395094368398  0.008501894075553  0.015810206266046  0.118503370641081  0.008974205898414  0.065926394816754  0.090936292727172  0.018645870984871  0.110644220572443  0.056838015737546  0.011573748422034  0.062111318332660  0.046102858033839  0.035550163371016  0.079439480581604  0.092654188112677  0.009943710431843  0.038340155539181  0.000000000000000  0.022051185053261  1.000000000000000  0.000000000000000  0.000000000000000  0.467487598875728  0.532554101696709  1.000000000000000  0.000000000000000  0.002897451042658  0.483973513446869  0.457866843209063 
67.0    R  0.084202098554106  0.019873640730368  0.061939347704005  0.149684838077366  0.000000000000000  0.122852574818156  0.000000000000000  0.046876218415182  0.093234001668217  0.029319412390646  0.000000000000000  0.041435180009333  0.046102858033839  0.068298608693810  0.108517528450130  0.030522141530070  0.057551606075315  0.027795593548059  0.011767894270577  0.000000000000000  0.913831450229400  0.035060733766578  0.051189793616239  0.239816029831316  0.760489376620505  0.000000000000000  0.000000000000000  0.003520509619574  0.475988954248766  1.000000000000000 
68.0    S  0.101813445383777  0.000000000000000  0.073658712988230  0.051225287977345  0.095127086302460  0.000000000000000  0.012438876543418  0.030905341136904  0.013640118611465  0.064748922722501  0.017229205672952  0.019117000642685  0.080828058242968  0.024552266145862  0.022374511581268  0.125869443757090  0.042452696392155  0.013003105229868  0.165281825642822  0.045720975647010  1.000000000000000  0.000000000000000  0.000000000000000  0.000000000000000  0.000000000000000  1.000000000000000  0.000000000000000  0.003952551566511  1.000000000000000  0.467163673441590 
69.0    S  0.067171823303469  0.000000000000000  0.041377778449856  0.153573372555706  0.000000000000000  0.039418044025977  0.121077273653328  0.000000000000000  0.014467906601989  0.041063488348418  0.000000000000000  0.126044056861824  0.016053147490296  0.018671737575887  0.047202268298838  0.295657750061036  0.000000000000000  0.018287478773040  0.000000000000000  0.000000000000000  1.000000000000000  0.000000000000000  0.000000000000000  0.000000000000000  0.000000000000000  0.000000000000000  0.000000000000000  0.004239177233913  1.000000000000000  1.000000000000000 
70.0    T  0.025225033578274  0.000000000000000  0.000000000000000  0.023980407750014  0.023699492896476  0.023195680791079  0.023389421668636  0.042600081477578  0.000000000000000  0.431370672271328  0.000000000000000  0.000000000000000  0.094929480613408  0.024433426347769  0.072543994648983  0.029666941279704  0.185051662250006  0.000000000000000  0.000000000000000  0.000000000000000  1.000000000000000  0.000000000000000  0.000000000000000  0.000000000000000  0.000000000000000  0.000000000000000  0.000000000000000  0.006315006787543  1.000000000000000  1.000000000000000 
71.0    V  0.000000000000000  0.000000000000000  0.000000000000000  0.000000000000000  0.067685940345370  0.000000000000000  0.000000000000000  0.064524908467703  0.034031156729253  0.178872065002864  0.000000000000000  0.026442456143759  0.000000000000000  0.000000000000000  0.028242272710971  0.094469995519764  0.100481373842894  0.359733395002705  0.045468146363586  0.000000000000000  1.000000000000000  0.000000000000000  0.000000000000000  0.000000000000000  0.000000000000000  0.000000000000000  0.000000000000000  0.007921558435860  1.000000000000000  1.000000000000000 
72.0    M  0.087656203165150  0.000000000000000  0.000000000000000  0.000000000000000  0.000000000000000  0.475000191437443  0.000000000000000  0.095259051896236  0.058557590429527  0.000000000000000  0.107917444821801  0.071992977646835  0.000000000000000  0.046487930076078  0.057273040292209  0.000000000000000  0.000000000000000  0.000000000000000  0.000000000000000  0.000000000000000  1.000000000000000  0.000000000000000  0.000000000000000  0.000000000000000  0.000000000000000  0.000000000000000  0.000000000000000  0.015176679617838  1.000000000000000  1.000000000000000 
73.0    I  0.000000000000000  0.000000000000000  0.000000000000000  0.082070070339009  0.000000000000000  0.000000000000000  0.000000000000000  0.558256480991286  0.000000000000000  0.186468003336433  0.000000000000000  0.000000000000000  0.000000000000000  0.000000000000000  0.000000000000000  0.000000000000000  0.101390894447130  0.071793647187315  0.000000000000000  0.000000000000000  1.000000000000000  0.000000000000000  0.000000000000000  1.000000000000000  0.000000000000000  0.000000000000000  0.000000000000000  0.025541729015259  1.000000000000000  1.000000000000000 
