No:  residues  hmm_col_1  hmm_col_2  hmm_col_3  hmm_col_4  hmm_col_5  hmm_col_6  hmm_col_7  hmm_col_8  hmm_col_9  hmm_col_10  hmm_col_11  hmm_col_12  hmm_col_13  hmm_col_14  hmm_col_15  hmm_col_16  hmm_col_17  hmm_col_18  hmm_col_19  hmm_col_20  hmm_col_21   hmm_col_22   hmm_col_23   hmm_col_24   hmm_col_25   hmm_col_26   hmm_col_27   hmm_col_28   hmm_col_29   hmm_col_30   
1.0    M  0.012259126529637  0.003325991045894  0.000000000000000  0.000000000000000  0.005009908604540  0.007080171392714  0.000000000000000  0.009131072254385  0.000000000000000  0.014812921330135  0.926588061890371  0.000000000000000  0.000000000000000  0.000000000000000  0.006867496569623  0.003337538050351  0.000000000000000  0.011751591807724  0.000000000000000  0.000000000000000  0.983502074026248  0.008350046806336  0.007888682012474  0.812815601984320  0.187245116803023  0.000000000000000  0.000000000000000  0.094732285406900  0.488692883205403  1.000000000000000 
2.0    I  0.000000000000000  0.000000000000000  0.007976657232087  0.009459633468364  0.108668070011253  0.005172222306232  0.035353576963934  0.032712821311705  0.049172652834598  0.236678407809178  0.122088566120278  0.030991147835572  0.003876579588616  0.193713982739793  0.039802421103953  0.012656304275501  0.033984012214215  0.015113692650218  0.006730829372750  0.055900306361413  0.994470168673214  0.005273585879386  0.000000000000000  0.366529189297302  0.633317126861609  1.000000000000000  0.000000000000000  0.089746531913965  0.474342157570227  0.496546247718518 
3.0    R  0.011390698272005  0.002027615762779  0.000000000000000  0.010089510549237  0.019464647118273  0.000000000000000  0.002640450845758  0.165970644797805  0.017253106986923  0.127626515713399  0.000000000000000  0.007780076196050  0.009929935072701  0.002262290637099  0.526315577354719  0.011866185076676  0.008060024838292  0.058354996557207  0.002925704950047  0.015975445790780  0.994470168673214  0.000000000000000  0.005295563776563  0.000000000000000  0.000000000000000  0.000000000000000  0.000000000000000  0.084435880283477  1.000000000000000  1.000000000000000 
4.0    T  0.003762741773516  0.006350121890502  0.006944083446614  0.117115180859053  0.013294745773540  0.000000000000000  0.041120453907157  0.079329430376238  0.088510964888409  0.017627845897758  0.004578212045604  0.041607862913637  0.006146581604325  0.062456693311903  0.050836199883258  0.074946244611945  0.352086056728020  0.015722778492153  0.016142412307565  0.001512341851276  0.978741650397436  0.021359178936591  0.000000000000000  0.347720492927497  0.652025367629280  1.000000000000000  0.000000000000000  0.083504629899381  0.467163673441590  0.497235084336607 
5.0    M  0.000000000000000  0.003569654102459  0.000000000000000  0.000000000000000  0.077213664820433  0.000000000000000  0.000000000000000  0.059705183523902  0.000000000000000  0.211686328090632  0.471719125447680  0.000000000000000  0.000000000000000  0.013396500572409  0.001810997161007  0.002735461564233  0.000000000000000  0.144385723069198  0.000000000000000  0.013782677581206  1.000000000000000  0.000000000000000  0.000000000000000  0.000000000000000  0.000000000000000  0.000000000000000  0.000000000000000  0.080884103405178  1.000000000000000  1.000000000000000 
6.0    L  0.003467231786209  0.032419373017675  0.000000000000000  0.000000000000000  0.052556025953357  0.000000000000000  0.005211809256554  0.036574957546081  0.000000000000000  0.660211420507500  0.152301282959399  0.000000000000000  0.004587742075053  0.002948097594767  0.000000000000000  0.000000000000000  0.000000000000000  0.049549008538143  0.000000000000000  0.000000000000000  1.000000000000000  0.000000000000000  0.000000000000000  0.000000000000000  0.000000000000000  0.000000000000000  0.000000000000000  0.080884103405178  1.000000000000000  1.000000000000000 
7.0    Q  0.023930593704600  0.001876161843659  0.000000000000000  0.002589698750583  0.002681024279795  0.023650262390150  0.044997853703584  0.012700243781005  0.559030925482931  0.018998113799736  0.000000000000000  0.034987902770445  0.000000000000000  0.035525530413625  0.136881558849197  0.025242524300300  0.029380443828410  0.001783590332055  0.001970803972353  0.043949787497285  1.000000000000000  0.000000000000000  0.000000000000000  0.000000000000000  0.000000000000000  0.000000000000000  0.000000000000000  0.080884103405178  1.000000000000000  1.000000000000000 
8.0    G  0.259354984141403  0.017973310833603  0.000000000000000  0.000000000000000  0.000000000000000  0.178872065002864  0.000000000000000  0.000000000000000  0.000000000000000  0.000000000000000  0.000000000000000  0.000000000000000  0.005093948184604  0.000000000000000  0.000000000000000  0.525950889601936  0.012665079998208  0.000000000000000  0.000000000000000  0.000000000000000  1.000000000000000  0.000000000000000  0.000000000000000  0.000000000000000  0.000000000000000  0.000000000000000  0.000000000000000  0.080884103405178  1.000000000000000  1.000000000000000 
9.0    K  0.000000000000000  0.000000000000000  0.000000000000000  0.000000000000000  0.000000000000000  0.000000000000000  0.000000000000000  0.000000000000000  1.000000000000000  0.000000000000000  0.000000000000000  0.000000000000000  0.000000000000000  0.000000000000000  0.000000000000000  0.000000000000000  0.000000000000000  0.000000000000000  0.000000000000000  0.000000000000000  1.000000000000000  0.000000000000000  0.000000000000000  0.000000000000000  0.000000000000000  0.000000000000000  0.000000000000000  0.080884103405178  1.000000000000000  1.000000000000000 
10.0    L  0.012770864507629  0.000000000000000  0.000000000000000  0.000000000000000  0.005961950035002  0.000000000000000  0.000000000000000  0.666187412546011  0.000000000000000  0.293412044570338  0.000000000000000  0.000000000000000  0.000000000000000  0.000000000000000  0.000000000000000  0.010813669656652  0.000000000000000  0.011010318399547  0.000000000000000  0.000000000000000  1.000000000000000  0.000000000000000  0.000000000000000  0.000000000000000  0.000000000000000  0.000000000000000  0.000000000000000  0.080884103405178  1.000000000000000  1.000000000000000 
11.0    H  0.000000000000000  0.000000000000000  0.000000000000000  0.000000000000000  0.005758864130043  0.000000000000000  0.963929807740643  0.000000000000000  0.000000000000000  0.006163647194160  0.000000000000000  0.000000000000000  0.000000000000000  0.012073602338250  0.000000000000000  0.011800567074710  0.000000000000000  0.000000000000000  0.000000000000000  0.000000000000000  1.000000000000000  0.000000000000000  0.000000000000000  0.000000000000000  0.000000000000000  0.000000000000000  0.000000000000000  0.080884103405178  1.000000000000000  1.000000000000000 
12.0    R  0.002735461564233  0.010851211998165  0.000000000000000  0.012073602338250  0.000000000000000  0.088449635020416  0.004964967536350  0.000000000000000  0.023831275832129  0.009245711107442  0.028066636652623  0.031250000000000  0.000000000000000  0.031315050158739  0.737645728541420  0.000000000000000  0.007905103133023  0.000000000000000  0.000000000000000  0.011800567074710  1.000000000000000  0.000000000000000  0.000000000000000  0.000000000000000  0.000000000000000  0.000000000000000  0.000000000000000  0.080884103405178  1.000000000000000  1.000000000000000 
13.0    V  0.708087719107272  0.016220926102235  0.000000000000000  0.000000000000000  0.000000000000000  0.016345077184258  0.000000000000000  0.048428495684948  0.000000000000000  0.069204036530268  0.000000000000000  0.000000000000000  0.000000000000000  0.000000000000000  0.000000000000000  0.000000000000000  0.000000000000000  0.141512362763834  0.000000000000000  0.000000000000000  1.000000000000000  0.000000000000000  0.000000000000000  0.000000000000000  0.000000000000000  0.000000000000000  0.000000000000000  0.080884103405178  1.000000000000000  1.000000000000000 
14.0    K  0.022421086478230  0.022005378545501  0.000000000000000  0.010934264574962  0.001906312032766  0.000000000000000  0.015810206266046  0.022639721164920  0.060875266783953  0.000000000000000  0.005111633091621  0.000000000000000  0.000000000000000  0.012922240131926  0.160094982666221  0.012456132445946  0.544876056106664  0.096588818705998  0.000000000000000  0.011218316489246  1.000000000000000  0.000000000000000  0.000000000000000  0.000000000000000  0.000000000000000  0.000000000000000  0.000000000000000  0.082469244423306  1.000000000000000  1.000000000000000 
15.0    V  0.002578950861357  0.003736750617546  0.000000000000000  0.000000000000000  0.000000000000000  0.000000000000000  0.000000000000000  0.077696854306496  0.000000000000000  0.024688790995731  0.004154815128489  0.000000000000000  0.000000000000000  0.000000000000000  0.000000000000000  0.000000000000000  0.011948720920959  0.875391329694264  0.000000000000000  0.000000000000000  1.000000000000000  0.000000000000000  0.000000000000000  0.000000000000000  0.000000000000000  0.000000000000000  0.000000000000000  0.082297932628703  1.000000000000000  1.000000000000000 
16.0    T  0.000000000000000  0.000000000000000  0.000000000000000  0.002300239823428  0.000000000000000  0.000000000000000  0.000000000000000  0.003460029371494  0.003569654102459  0.000000000000000  0.000000000000000  0.000000000000000  0.000000000000000  0.000000000000000  0.002254463706088  0.038075320739850  0.943438250895360  0.007002083590386  0.000000000000000  0.000000000000000  1.000000000000000  0.000000000000000  0.000000000000000  0.000000000000000  0.000000000000000  0.000000000000000  0.000000000000000  0.082297932628703  1.000000000000000  1.000000000000000 
17.0    H  0.032758202359904  0.010152648925433  0.124653906419009  0.258457684061991  0.000000000000000  0.133138525424177  0.129767408817882  0.000000000000000  0.000000000000000  0.002134331521682  0.003069033268233  0.005802941096331  0.000000000000000  0.232451235653290  0.044842172956459  0.019451159927846  0.000000000000000  0.003339852257391  0.000000000000000  0.000000000000000  1.000000000000000  0.000000000000000  0.000000000000000  0.000000000000000  0.000000000000000  0.000000000000000  0.000000000000000  0.082297932628703  1.000000000000000  1.000000000000000 
18.0    A  0.697371833175203  0.054711958105891  0.000000000000000  0.000000000000000  0.000000000000000  0.018517074545962  0.000000000000000  0.004154815128489  0.057432055217441  0.000000000000000  0.000000000000000  0.000000000000000  0.000000000000000  0.000000000000000  0.012065236454559  0.085733330536912  0.061341191490842  0.008460742543171  0.000000000000000  0.000000000000000  1.000000000000000  0.000000000000000  0.000000000000000  0.000000000000000  0.000000000000000  0.000000000000000  0.000000000000000  0.082297932628703  1.000000000000000  1.000000000000000 
19.0    D  0.014013877494719  0.018135998662246  0.376833727389595  0.218090676442690  0.000000000000000  0.000000000000000  0.000000000000000  0.000000000000000  0.020263118041422  0.005547294369310  0.000000000000000  0.293615492803413  0.000000000000000  0.000000000000000  0.008765183441644  0.022592692102277  0.000000000000000  0.022051185053261  0.000000000000000  0.000000000000000  1.000000000000000  0.000000000000000  0.000000000000000  0.000000000000000  0.000000000000000  0.000000000000000  0.000000000000000  0.082297932628703  1.000000000000000  1.000000000000000 
20.0    L  0.000000000000000  0.000000000000000  0.000000000000000  0.000000000000000  0.000000000000000  0.000000000000000  0.000000000000000  0.035402621415494  0.003358423774387  0.852634891767957  0.006236706143411  0.000000000000000  0.012691443693066  0.000000000000000  0.009827226342469  0.000000000000000  0.004114691546699  0.075677067746910  0.000000000000000  0.000000000000000  1.000000000000000  0.000000000000000  0.000000000000000  0.000000000000000  0.000000000000000  0.000000000000000  0.000000000000000  0.082126976696836  1.000000000000000  1.000000000000000 
21.0    H  0.015614173327976  0.000000000000000  0.208771979857092  0.096722812096399  0.018427446754082  0.006578616825066  0.256139205758200  0.000000000000000  0.007154169425142  0.000000000000000  0.000000000000000  0.351598299978280  0.000000000000000  0.008777342992435  0.000000000000000  0.008275143239718  0.000000000000000  0.000000000000000  0.008537326086726  0.013424386796050  1.000000000000000  0.000000000000000  0.000000000000000  0.000000000000000  0.000000000000000  0.000000000000000  0.000000000000000  0.082126976696836  1.000000000000000  1.000000000000000 
22.0    Y  0.000000000000000  0.000000000000000  0.000000000000000  0.000000000000000  0.025772923394065  0.000000000000000  0.010776257201774  0.000000000000000  0.000000000000000  0.000000000000000  0.000000000000000  0.000000000000000  0.000000000000000  0.000000000000000  0.000000000000000  0.000000000000000  0.000000000000000  0.000000000000000  0.000000000000000  0.963261894020148  1.000000000000000  0.000000000000000  0.000000000000000  0.000000000000000  0.000000000000000  0.000000000000000  0.000000000000000  0.082126976696836  1.000000000000000  1.000000000000000 
23.0    E  0.000000000000000  0.000000000000000  0.020151066416498  0.375529981735232  0.000000000000000  0.000000000000000  0.055016188347697  0.062370169937441  0.025772923394065  0.000000000000000  0.031730190652170  0.009169126392823  0.012081974022739  0.018971795068673  0.006258358418669  0.000000000000000  0.000000000000000  0.378141999320990  0.000000000000000  0.004603669561764  1.000000000000000  0.000000000000000  0.000000000000000  0.000000000000000  0.000000000000000  0.000000000000000  0.000000000000000  0.082126976696836  1.000000000000000  1.000000000000000 
24.0    G  0.000000000000000  0.000000000000000  0.025772923394065  0.000000000000000  0.000000000000000  0.974004268543241  0.000000000000000  0.000000000000000  0.000000000000000  0.000000000000000  0.000000000000000  0.000000000000000  0.000000000000000  0.000000000000000  0.000000000000000  0.000000000000000  0.000000000000000  0.000000000000000  0.000000000000000  0.000000000000000  1.000000000000000  0.000000000000000  0.000000000000000  0.000000000000000  0.000000000000000  0.000000000000000  0.000000000000000  0.082126976696836  1.000000000000000  1.000000000000000 
25.0    S  0.000000000000000  0.000000000000000  0.000000000000000  0.000000000000000  0.000000000000000  0.000000000000000  0.000000000000000  0.000000000000000  0.000000000000000  0.000000000000000  0.000000000000000  0.000000000000000  0.000000000000000  0.000000000000000  0.000000000000000  1.000000000000000  0.000000000000000  0.000000000000000  0.000000000000000  0.000000000000000  1.000000000000000  0.000000000000000  0.000000000000000  0.000000000000000  0.000000000000000  0.000000000000000  0.000000000000000  0.082126976696836  1.000000000000000  1.000000000000000 
26.0    C  0.000000000000000  0.168754748140343  0.000000000000000  0.000000000000000  0.000000000000000  0.000000000000000  0.000000000000000  0.618995145418723  0.000000000000000  0.112734422297781  0.007877753553864  0.000000000000000  0.000000000000000  0.000000000000000  0.000000000000000  0.000000000000000  0.000000000000000  0.091823039579894  0.000000000000000  0.000000000000000  1.000000000000000  0.000000000000000  0.000000000000000  0.000000000000000  0.000000000000000  0.000000000000000  0.000000000000000  0.082126976696836  1.000000000000000  1.000000000000000 
27.0    A  0.178129701768598  0.000000000000000  0.000000000000000  0.025952188252840  0.000000000000000  0.032262454233851  0.000000000000000  0.000000000000000  0.003170662425692  0.000000000000000  0.000000000000000  0.000000000000000  0.000000000000000  0.000000000000000  0.000000000000000  0.101461197622160  0.658839975867070  0.000000000000000  0.000000000000000  0.000000000000000  1.000000000000000  0.000000000000000  0.000000000000000  0.000000000000000  0.000000000000000  0.000000000000000  0.000000000000000  0.082126976696836  1.000000000000000  1.000000000000000 
28.0    I  0.000000000000000  0.000000000000000  0.000000000000000  0.000000000000000  0.000000000000000  0.000000000000000  0.000000000000000  0.738669031791280  0.000000000000000  0.121919432690955  0.003264324058288  0.000000000000000  0.000000000000000  0.000000000000000  0.000000000000000  0.000000000000000  0.000000000000000  0.136407984631867  0.000000000000000  0.000000000000000  1.000000000000000  0.000000000000000  0.000000000000000  0.000000000000000  0.000000000000000  0.000000000000000  0.000000000000000  0.082126976696836  1.000000000000000  1.000000000000000 
29.0    D  0.003589503451090  0.011422323815625  0.891928519420093  0.002899460098885  0.000000000000000  0.039912929974856  0.000000000000000  0.000000000000000  0.000000000000000  0.000000000000000  0.000000000000000  0.004989116246857  0.025898278265250  0.000000000000000  0.000000000000000  0.017812082385835  0.000000000000000  0.000000000000000  0.000000000000000  0.001804731586810  1.000000000000000  0.000000000000000  0.000000000000000  0.000000000000000  0.000000000000000  0.000000000000000  0.000000000000000  0.082126976696836  1.000000000000000  1.000000000000000 
30.0    Q  0.099925728794059  0.000000000000000  0.009413846210897  0.298540796768647  0.000000000000000  0.043555538708983  0.000000000000000  0.026607928367155  0.077267203807559  0.013965393161825  0.012806321994336  0.006163647194160  0.125347054487635  0.084318908396231  0.059416193826864  0.077106698113094  0.029708096913432  0.023781771575615  0.000000000000000  0.011981895778696  1.000000000000000  0.000000000000000  0.000000000000000  0.000000000000000  0.000000000000000  0.000000000000000  0.000000000000000  0.082126976696836  1.000000000000000  1.000000000000000 
31.0    D  0.098960733233909  0.000000000000000  0.411510172639354  0.227509706020225  0.003952551566511  0.000000000000000  0.009407323290870  0.007203930608692  0.012967102899843  0.021582413252248  0.000000000000000  0.050345268190547  0.000000000000000  0.015854102290326  0.024620433939042  0.030819772015417  0.027261334555336  0.054334035005626  0.000000000000000  0.003847134542561  1.000000000000000  0.000000000000000  0.000000000000000  0.000000000000000  0.000000000000000  0.000000000000000  0.000000000000000  0.082126976696836  1.000000000000000  1.000000000000000 
32.0    F  0.000000000000000  0.000000000000000  0.000000000000000  0.000000000000000  0.035797434311867  0.000000000000000  0.021388809579560  0.074376981019167  0.000000000000000  0.840896415253715  0.006032618227280  0.000000000000000  0.000000000000000  0.014052786127309  0.000000000000000  0.000000000000000  0.000000000000000  0.000000000000000  0.007164094087536  0.000000000000000  1.000000000000000  0.000000000000000  0.000000000000000  0.000000000000000  0.000000000000000  0.000000000000000  0.000000000000000  0.082126976696836  1.000000000000000  1.000000000000000 
33.0    L  0.020179021098474  0.062586703481958  0.000000000000000  0.000000000000000  0.007509851003037  0.000000000000000  0.000000000000000  0.055437269072009  0.000000000000000  0.488692883205403  0.345079338349157  0.000000000000000  0.000000000000000  0.000000000000000  0.000000000000000  0.000000000000000  0.001876161843659  0.015409886007709  0.000000000000000  0.003250776307467  1.000000000000000  0.000000000000000  0.000000000000000  0.000000000000000  0.000000000000000  0.000000000000000  0.000000000000000  0.080716084393896  1.000000000000000  1.000000000000000 
34.0    D  0.074376981019167  0.000000000000000  0.375009747321455  0.345797657252741  0.000000000000000  0.021974893748642  0.004055231525559  0.004537143484085  0.075258586326963  0.002707167745411  0.000000000000000  0.009188212892898  0.000000000000000  0.018736561152986  0.043164826504496  0.007468322793701  0.013012121420009  0.004710186826917  0.000000000000000  0.000000000000000  1.000000000000000  0.000000000000000  0.000000000000000  0.000000000000000  0.000000000000000  0.000000000000000  0.000000000000000  0.080716084393896  1.000000000000000  1.000000000000000 
35.0    A  0.602486157497393  0.004298353942836  0.002655133284974  0.029894004940371  0.004021640950914  0.003077554242380  0.000000000000000  0.010813669656652  0.105623298051564  0.101180277068426  0.030479858172739  0.001531329011867  0.000000000000000  0.044071811265137  0.026387527731993  0.012806321994336  0.014905617977306  0.005867655964613  0.000000000000000  0.000000000000000  1.000000000000000  0.000000000000000  0.000000000000000  0.000000000000000  0.000000000000000  0.000000000000000  0.000000000000000  0.080716084393896  1.000000000000000  1.000000000000000 
36.0    A  0.682073917439677  0.007134361328219  0.000000000000000  0.000000000000000  0.000000000000000  0.002885425905435  0.000000000000000  0.009820416988452  0.000000000000000  0.011965296852300  0.000000000000000  0.000000000000000  0.000000000000000  0.000000000000000  0.000000000000000  0.146401272652351  0.003754925501519  0.136124626917013  0.000000000000000  0.000000000000000  1.000000000000000  0.000000000000000  0.000000000000000  0.000000000000000  0.000000000000000  0.000000000000000  0.000000000000000  0.080716084393896  1.000000000000000  1.000000000000000 
37.0    G  0.000000000000000  0.000000000000000  0.280680355518402  0.006754197119593  0.000000000000000  0.501735874254751  0.013849714049920  0.000000000000000  0.032284824615129  0.000000000000000  0.000000000000000  0.137452018664319  0.000000000000000  0.011800567074710  0.009400804890621  0.006125316047467  0.000000000000000  0.000000000000000  0.000000000000000  0.000000000000000  1.000000000000000  0.000000000000000  0.000000000000000  0.000000000000000  0.000000000000000  0.000000000000000  0.000000000000000  0.080716084393896  1.000000000000000  1.000000000000000 
38.0    I  0.000000000000000  0.000000000000000  0.000000000000000  0.000000000000000  0.024569290379385  0.000000000000000  0.000000000000000  0.608783009331493  0.000000000000000  0.268129154204486  0.086150322060977  0.000000000000000  0.000000000000000  0.000000000000000  0.000000000000000  0.000000000000000  0.000000000000000  0.012293163208649  0.000000000000000  0.000000000000000  1.000000000000000  0.000000000000000  0.000000000000000  0.000000000000000  0.000000000000000  0.000000000000000  0.000000000000000  0.079936598829839  1.000000000000000  1.000000000000000 
39.0    L  0.029769937438873  0.011469926844016  0.000000000000000  0.004524581274198  0.013907433332070  0.008999122205854  0.036931610841699  0.069348092004240  0.038260512262506  0.426908857195622  0.028419007868773  0.004218658436847  0.000000000000000  0.014710601008456  0.103521332666818  0.009181846315779  0.018932385319223  0.078781461973937  0.046778843337272  0.055398856199679  1.000000000000000  0.000000000000000  0.000000000000000  0.000000000000000  0.000000000000000  0.000000000000000  0.000000000000000  0.079881210200191  1.000000000000000  1.000000000000000 
40.0    E  0.035182455816774  0.000000000000000  0.013840117485974  0.381300413314071  0.000000000000000  0.000000000000000  0.003314483991039  0.016367751985934  0.001751734686840  0.004280514712686  0.002371474383584  0.000000000000000  0.466839972457657  0.016413196000168  0.000000000000000  0.003807342308170  0.007406460665068  0.046973796189549  0.000000000000000  0.000000000000000  1.000000000000000  0.000000000000000  0.000000000000000  0.000000000000000  0.000000000000000  0.000000000000000  0.000000000000000  0.079881210200191  1.000000000000000  1.000000000000000 
41.0    N  0.008949358577967  0.000000000000000  0.000000000000000  0.000000000000000  0.105843164045316  0.257206676973394  0.043045313949473  0.000000000000000  0.000000000000000  0.071396640428034  0.023051429016919  0.165625877130651  0.000000000000000  0.000000000000000  0.000000000000000  0.000000000000000  0.000000000000000  0.000000000000000  0.019873640730368  0.305025127568056  1.000000000000000  0.000000000000000  0.000000000000000  0.000000000000000  0.000000000000000  0.000000000000000  0.000000000000000  0.079881210200191  1.000000000000000  1.000000000000000 
42.0    E  0.008949358577967  0.000000000000000  0.031686233743438  0.867538687152068  0.000000000000000  0.000000000000000  0.000000000000000  0.000000000000000  0.000000000000000  0.000000000000000  0.026024242840017  0.000000000000000  0.000000000000000  0.059622471909222  0.000000000000000  0.000000000000000  0.006210822273039  0.000000000000000  0.000000000000000  0.000000000000000  1.000000000000000  0.000000000000000  0.000000000000000  0.000000000000000  0.000000000000000  0.000000000000000  0.000000000000000  0.079881210200191  1.000000000000000  1.000000000000000 
43.0    A  0.062803988776487  0.000000000000000  0.000000000000000  0.044966674375338  0.048596627242660  0.000000000000000  0.008088007217511  0.018542762463383  0.337509496280686  0.043404847992660  0.035451733904249  0.000000000000000  0.000000000000000  0.239649859623244  0.135371880690741  0.013926726498390  0.000000000000000  0.004072131878286  0.000000000000000  0.007678285926135  1.000000000000000  0.000000000000000  0.000000000000000  0.000000000000000  0.000000000000000  0.000000000000000  0.000000000000000  0.079881210200191  1.000000000000000  1.000000000000000 
44.0    I  0.000000000000000  0.000000000000000  0.000000000000000  0.000000000000000  0.000000000000000  0.000000000000000  0.000000000000000  0.194791144915125  0.000000000000000  0.010237448467643  0.000000000000000  0.000000000000000  0.000000000000000  0.000000000000000  0.000000000000000  0.000000000000000  0.000000000000000  0.794985250948974  0.000000000000000  0.000000000000000  1.000000000000000  0.000000000000000  0.000000000000000  0.000000000000000  0.000000000000000  0.000000000000000  0.000000000000000  0.079881210200191  1.000000000000000  1.000000000000000 
45.0    D  0.027073026762503  0.003572129255859  0.207329886453610  0.096455010941183  0.011833330592789  0.004253894591157  0.118585539392557  0.000000000000000  0.002308225677606  0.088449635020416  0.005644259366889  0.015452670568452  0.000000000000000  0.278934830581241  0.000000000000000  0.074068298183849  0.017615631439772  0.007218926347241  0.015603354157829  0.025612643988672  1.000000000000000  0.000000000000000  0.000000000000000  0.000000000000000  0.000000000000000  0.000000000000000  0.000000000000000  0.079881210200191  1.000000000000000  1.000000000000000 
46.0    I  0.000000000000000  0.010166733245640  0.000000000000000  0.000000000000000  0.000000000000000  0.000000000000000  0.000000000000000  0.525222272005377  0.000000000000000  0.015625000000000  0.003890038098025  0.000000000000000  0.000000000000000  0.000000000000000  0.000000000000000  0.000000000000000  0.000000000000000  0.445346450303340  0.000000000000000  0.000000000000000  1.000000000000000  0.000000000000000  0.000000000000000  0.000000000000000  0.000000000000000  0.000000000000000  0.000000000000000  0.079881210200191  1.000000000000000  1.000000000000000 
47.0    W  0.047828024056958  0.005671712030875  0.005632534654142  0.000000000000000  0.010987446874321  0.009485897534336  0.000000000000000  0.045154074935110  0.000000000000000  0.047497651762547  0.001233522716646  0.011784219349114  0.000000000000000  0.000000000000000  0.000000000000000  0.018736561152986  0.036574957546081  0.424253950852948  0.134810053961806  0.200267469397406  1.000000000000000  0.000000000000000  0.000000000000000  0.000000000000000  0.000000000000000  0.000000000000000  0.000000000000000  0.079881210200191  1.000000000000000  1.000000000000000 
48.0    N  0.000000000000000  0.000000000000000  0.225156494961982  0.000000000000000  0.000000000000000  0.000000000000000  0.000000000000000  0.000000000000000  0.000000000000000  0.000000000000000  0.000000000000000  0.727994774499543  0.000000000000000  0.000000000000000  0.000000000000000  0.041320456410705  0.000000000000000  0.005482311429840  0.000000000000000  0.000000000000000  1.000000000000000  0.000000000000000  0.000000000000000  0.000000000000000  0.000000000000000  0.000000000000000  0.000000000000000  0.079881210200191  1.000000000000000  1.000000000000000 
49.0    V  0.006032618227280  0.007998803909597  0.000000000000000  0.000000000000000  0.000000000000000  0.000000000000000  0.000000000000000  0.261340025051291  0.065607292726442  0.145390005193481  0.020876157474845  0.140242935066311  0.000000000000000  0.003253030355002  0.008326927625531  0.003047833906929  0.000000000000000  0.337977708257031  0.000000000000000  0.000000000000000  1.000000000000000  0.000000000000000  0.000000000000000  0.000000000000000  0.000000000000000  0.000000000000000  0.000000000000000  0.079881210200191  1.000000000000000  1.000000000000000 
50.0    T  0.039830019603727  0.000000000000000  0.109956134490304  0.045060277233132  0.002306626291855  0.000000000000000  0.012691443693066  0.000000000000000  0.000000000000000  0.000000000000000  0.004671171081157  0.439215234119181  0.008943157504677  0.012940166583352  0.005970220784239  0.061213768599183  0.255607132652481  0.000000000000000  0.000000000000000  0.001499814716506  1.000000000000000  0.000000000000000  0.000000000000000  0.000000000000000  0.000000000000000  0.000000000000000  0.000000000000000  0.079881210200191  1.000000000000000  1.000000000000000 
51.0    N  0.007213924302573  0.000000000000000  0.000000000000000  0.000000000000000  0.000000000000000  0.004581386520437  0.000000000000000  0.000000000000000  0.000000000000000  0.000000000000000  0.000000000000000  0.816203046150902  0.000000000000000  0.002245107125068  0.011359160291565  0.100760353936621  0.055283777208221  0.000000000000000  0.000000000000000  0.002602294580258  1.000000000000000  0.000000000000000  0.000000000000000  0.000000000000000  0.000000000000000  0.000000000000000  0.000000000000000  0.079881210200191  1.000000000000000  1.000000000000000 
52.0    G  0.033984012214215  0.000000000000000  0.024535253708549  0.000000000000000  0.000000000000000  0.921464186198704  0.000000000000000  0.000000000000000  0.000000000000000  0.000000000000000  0.000000000000000  0.014189819026899  0.000000000000000  0.000000000000000  0.000000000000000  0.005632534654142  0.000000000000000  0.000000000000000  0.000000000000000  0.000000000000000  1.000000000000000  0.000000000000000  0.000000000000000  0.000000000000000  0.000000000000000  0.000000000000000  0.000000000000000  0.079881210200191  1.000000000000000  1.000000000000000 
53.0    K  0.315781815461450  0.000000000000000  0.005512796263315  0.307359716813645  0.000000000000000  0.001924901048710  0.009752582413294  0.015527829583165  0.027054267672489  0.006032618227280  0.007641120886307  0.117929781361920  0.000000000000000  0.057911753868148  0.000000000000000  0.053105312446166  0.046070913040347  0.028517671516983  0.000000000000000  0.000000000000000  1.000000000000000  0.000000000000000  0.000000000000000  0.000000000000000  0.000000000000000  0.000000000000000  0.000000000000000  0.079881210200191  1.000000000000000  1.000000000000000 
54.0    R  0.000000000000000  0.010686994561738  0.000000000000000  0.000000000000000  0.000000000000000  0.000000000000000  0.008466609115975  0.000000000000000  0.000000000000000  0.013946046429265  0.000000000000000  0.000000000000000  0.000000000000000  0.000000000000000  0.961260928388761  0.005343497280869  0.000000000000000  0.000000000000000  0.000000000000000  0.000000000000000  1.000000000000000  0.000000000000000  0.000000000000000  0.000000000000000  0.000000000000000  0.000000000000000  0.000000000000000  0.079881210200191  1.000000000000000  1.000000000000000 
55.0    F  0.000000000000000  0.000000000000000  0.000000000000000  0.000000000000000  0.529242197437566  0.006032618227280  0.000000000000000  0.082354996983384  0.000000000000000  0.318861097919636  0.002174651598103  0.000000000000000  0.000000000000000  0.000000000000000  0.000000000000000  0.000000000000000  0.000000000000000  0.012259126529637  0.048968574184334  0.000000000000000  1.000000000000000  0.000000000000000  0.000000000000000  0.000000000000000  0.000000000000000  0.000000000000000  0.000000000000000  0.079881210200191  1.000000000000000  1.000000000000000 
56.0    S  0.022374511581268  0.000000000000000  0.016769691974898  0.438606774366411  0.000000000000000  0.000000000000000  0.006416489849626  0.027911432886024  0.004340268471309  0.013677989526473  0.003703230332534  0.000000000000000  0.000000000000000  0.019236631458514  0.011156281091290  0.240815473505037  0.132954084111648  0.061853541025950  0.000000000000000  0.000000000000000  1.000000000000000  0.000000000000000  0.000000000000000  0.000000000000000  0.000000000000000  0.000000000000000  0.000000000000000  0.079936598829839  1.000000000000000  1.000000000000000 
57.0    T  0.014189819026899  0.000000000000000  0.000000000000000  0.000000000000000  0.000000000000000  0.000000000000000  0.000000000000000  0.000000000000000  0.000000000000000  0.000000000000000  0.000000000000000  0.000000000000000  0.000000000000000  0.000000000000000  0.000000000000000  0.000000000000000  0.985549336939371  0.000000000000000  0.000000000000000  0.000000000000000  1.000000000000000  0.000000000000000  0.000000000000000  0.000000000000000  0.000000000000000  0.000000000000000  0.000000000000000  0.079936598829839  1.000000000000000  1.000000000000000 
58.0    Y  0.000000000000000  0.000000000000000  0.000000000000000  0.021241066279793  0.000000000000000  0.000000000000000  0.000000000000000  0.000000000000000  0.000000000000000  0.000000000000000  0.000000000000000  0.000000000000000  0.000000000000000  0.000000000000000  0.000000000000000  0.000000000000000  0.000000000000000  0.017469716421342  0.000000000000000  0.961260928388761  1.000000000000000  0.000000000000000  0.000000000000000  0.000000000000000  0.000000000000000  0.000000000000000  0.000000000000000  0.079936598829839  1.000000000000000  1.000000000000000 
59.0    A  0.332401777045429  0.002203480737220  0.000000000000000  0.000000000000000  0.000000000000000  0.000000000000000  0.000000000000000  0.077804639711386  0.000000000000000  0.015733680469636  0.000000000000000  0.000000000000000  0.000000000000000  0.000000000000000  0.000000000000000  0.000000000000000  0.115422788841174  0.456282744271726  0.000000000000000  0.000000000000000  1.000000000000000  0.000000000000000  0.000000000000000  0.000000000000000  0.000000000000000  0.000000000000000  0.000000000000000  0.079936598829839  1.000000000000000  1.000000000000000 
60.0    I  0.000000000000000  0.000000000000000  0.000000000000000  0.000000000000000  0.007785470803343  0.000000000000000  0.000000000000000  0.894404901782606  0.000000000000000  0.068869069742288  0.006740166754239  0.000000000000000  0.000000000000000  0.000000000000000  0.000000000000000  0.000000000000000  0.010686994561738  0.011816937478781  0.000000000000000  0.000000000000000  1.000000000000000  0.000000000000000  0.000000000000000  0.000000000000000  0.000000000000000  0.000000000000000  0.000000000000000  0.079936598829839  1.000000000000000  1.000000000000000 
61.0    A  0.140145759753564  0.003381783459061  0.004862789981962  0.142892291926755  0.029523345031163  0.000000000000000  0.010686994561738  0.003604462861929  0.151144459479170  0.047894373756493  0.004233304557987  0.005904374719985  0.232612414425754  0.007124477855623  0.102806258589058  0.025665959398502  0.044780051574159  0.016933218231950  0.001712120549445  0.023997035464095  0.998614666101029  0.000000000000000  0.001695586382033  0.000000000000000  0.000000000000000  0.000000000000000  0.000000000000000  0.079936598829839  1.000000000000000  1.000000000000000 
62.0    A  0.164938488846612  0.000000000000000  0.008484233252518  0.011751591807724  0.000000000000000  0.790041311863377  0.000000000000000  0.000000000000000  0.000000000000000  0.000000000000000  0.000000000000000  0.000000000000000  0.000000000000000  0.000000000000000  0.000000000000000  0.020674553748564  0.003933420117409  0.000000000000000  0.000000000000000  0.000000000000000  0.963261894020148  0.011125392153102  0.025382887386132  1.000000000000000  0.000000000000000  1.000000000000000  0.000000000000000  0.079881210200191  0.490389501994276  0.500000000000000 
63.0    E  0.054258764225065  0.000000000000000  0.039692218204337  0.476979775273779  0.000000000000000  0.003241775724961  0.004483993804121  0.038983299122314  0.124653906419009  0.004825854051277  0.000000000000000  0.000000000000000  0.164253953393671  0.039281667953807  0.017313005435389  0.008303872455926  0.012700243781005  0.010911551034902  0.000000000000000  0.000000000000000  0.962594443101751  0.000000000000000  0.037577164028068  0.000000000000000  0.000000000000000  0.765778998547191  0.234230361718106  0.080548414405313  1.000000000000000  0.477972658796871 
64.0    R  0.167009259798762  0.000000000000000  0.018645870984871  0.056719947207323  0.000000000000000  0.011319860582460  0.010308655552913  0.000000000000000  0.069012427947693  0.000000000000000  0.000000000000000  0.005325010184697  0.133971682817037  0.020977695355942  0.478635729097649  0.013677989526473  0.006810611246383  0.000000000000000  0.007437327410137  0.000000000000000  0.963929807740643  0.001957190634921  0.034315400430845  0.333324669272800  0.666649338545599  0.181620631196421  0.818469181590804  0.080214118597682  0.500000000000000  0.461371246326899 
65.0    G  0.004540289482493  0.006210822273039  0.040751585476830  0.008584798574819  0.000000000000000  0.782954296256543  0.016515906883772  0.000000000000000  0.014377932041014  0.000000000000000  0.000000000000000  0.103664943226805  0.000000000000000  0.000000000000000  0.004690638388614  0.003353771236085  0.000000000000000  0.000000000000000  0.000000000000000  0.014548356559847  0.993092495437036  0.000000000000000  0.006920058742987  0.500000000000000  0.500000000000000  0.959264119325264  0.040836414184162  0.082240907814313  0.498961359499525  0.441351498145327 
66.0    S  0.015876095984277  0.000000000000000  0.010598471308185  0.043585739573450  0.000000000000000  0.027622735345740  0.000000000000000  0.000000000000000  0.033960464453939  0.002921651871802  0.000000000000000  0.000000000000000  0.012841877926482  0.014278616409834  0.005778857458003  0.750019494642909  0.078345813777543  0.004221583601716  0.000000000000000  0.000000000000000  0.971307495541633  0.012015162744299  0.016827912128016  0.842062953608416  0.157890907730725  0.426317445883978  0.573553512113083  0.080269738061839  0.488015880388112  0.493458272942921 
67.0    R  0.000000000000000  0.000000000000000  0.000000000000000  0.000000000000000  0.000000000000000  0.736623842908240  0.006528648116577  0.004271622880799  0.080269738061839  0.000000000000000  0.000000000000000  0.023147496844068  0.000000000000000  0.000000000000000  0.131032809439616  0.005798920197770  0.007598866776658  0.000000000000000  0.000000000000000  0.004971855215922  1.000000000000000  0.000000000000000  0.000000000000000  0.000000000000000  0.000000000000000  0.068203992315933  0.931740429304773  0.080381092714413  1.000000000000000  0.469435873657726 
68.0    I  0.015082297263621  0.057392260143808  0.033446521825832  0.167009259798762  0.004440691301703  0.001488422685879  0.001907633845629  0.168520966467132  0.027091798859834  0.004183714153092  0.070707153927869  0.009665097489744  0.000000000000000  0.035451733904249  0.010821167719617  0.010768790257622  0.086930123231874  0.295043585834050  0.000000000000000  0.000000000000000  0.995849753094458  0.000000000000000  0.004265705256819  1.000000000000000  0.000000000000000  1.000000000000000  0.000000000000000  0.080381092714413  0.490729531926740  0.471719125447680 
69.0    I  0.004063672916102  0.059251685320540  0.000000000000000  0.000000000000000  0.023486898094774  0.000000000000000  0.000000000000000  0.720464874418961  0.000000000000000  0.015441963304699  0.019613624863791  0.000000000000000  0.000000000000000  0.000000000000000  0.000000000000000  0.011678509754960  0.001495662106537  0.144586022988161  0.000000000000000  0.000000000000000  0.988285651500733  0.000000000000000  0.011678509754960  0.000000000000000  0.000000000000000  0.000000000000000  1.000000000000000  0.078781461973937  1.000000000000000  0.498615625676035 
70.0    S  0.024637505439259  0.429282718218877  0.000000000000000  0.026552656223083  0.000000000000000  0.140632310586101  0.000000000000000  0.056445406884489  0.002223425838037  0.016265962463814  0.000000000000000  0.008789519411631  0.000000000000000  0.041781265481410  0.008519591661447  0.188025468923586  0.014874654820274  0.042042725266307  0.000000000000000  0.000000000000000  1.000000000000000  0.000000000000000  0.000000000000000  0.000000000000000  0.000000000000000  1.000000000000000  0.000000000000000  0.080214118597682  1.000000000000000  0.487339815445774 
71.0    V  0.013003105229868  0.000000000000000  0.000000000000000  0.000000000000000  0.000000000000000  0.000000000000000  0.000000000000000  0.183010711993203  0.000000000000000  0.573156092864189  0.035304600455316  0.000000000000000  0.028875705388963  0.000000000000000  0.000000000000000  0.000000000000000  0.000000000000000  0.166662334636400  0.000000000000000  0.000000000000000  1.000000000000000  0.000000000000000  0.000000000000000  0.000000000000000  0.000000000000000  0.000000000000000  0.000000000000000  0.079549683454746  1.000000000000000  1.000000000000000 
72.0    N  0.000000000000000  0.000000000000000  0.000000000000000  0.000000000000000  0.000000000000000  0.000000000000000  0.000000000000000  0.000000000000000  0.000000000000000  0.000000000000000  0.000000000000000  0.982820598545251  0.000000000000000  0.000000000000000  0.010187896369208  0.000000000000000  0.000000000000000  0.000000000000000  0.000000000000000  0.007329853097661  1.000000000000000  0.000000000000000  0.000000000000000  0.000000000000000  0.000000000000000  0.000000000000000  0.000000000000000  0.079549683454746  1.000000000000000  1.000000000000000 
73.0    G  0.000000000000000  0.000000000000000  0.000000000000000  0.000000000000000  0.000000000000000  1.000000000000000  0.000000000000000  0.000000000000000  0.000000000000000  0.000000000000000  0.000000000000000  0.000000000000000  0.000000000000000  0.000000000000000  0.000000000000000  0.000000000000000  0.000000000000000  0.000000000000000  0.000000000000000  0.000000000000000  1.000000000000000  0.000000000000000  0.000000000000000  0.000000000000000  0.000000000000000  0.000000000000000  0.000000000000000  0.079549683454746  1.000000000000000  1.000000000000000 
74.0    A  0.797192476540536  0.000000000000000  0.025898278265250  0.000000000000000  0.000000000000000  0.054409410206008  0.000000000000000  0.000000000000000  0.014072280935124  0.000000000000000  0.000000000000000  0.000000000000000  0.074273944066058  0.000000000000000  0.000000000000000  0.025400487562010  0.008943157504677  0.000000000000000  0.000000000000000  0.000000000000000  1.000000000000000  0.000000000000000  0.000000000000000  0.000000000000000  0.000000000000000  0.000000000000000  0.000000000000000  0.079494562921473  1.000000000000000  1.000000000000000 
75.0    A  0.891928519420093  0.002243551474604  0.000000000000000  0.000000000000000  0.000000000000000  0.013433695097547  0.000000000000000  0.000000000000000  0.000000000000000  0.000000000000000  0.006024261036750  0.025898278265250  0.023308500417054  0.000000000000000  0.000000000000000  0.005916665296394  0.017337023001060  0.000000000000000  0.000000000000000  0.014072280935124  1.000000000000000  0.000000000000000  0.000000000000000  0.000000000000000  0.000000000000000  0.000000000000000  0.000000000000000  0.079494562921473  1.000000000000000  1.000000000000000 
76.0    A  0.929160674250913  0.000000000000000  0.000000000000000  0.000000000000000  0.000000000000000  0.000000000000000  0.000000000000000  0.000000000000000  0.000000000000000  0.000000000000000  0.000000000000000  0.000000000000000  0.000000000000000  0.000000000000000  0.000000000000000  0.031120304784202  0.000000000000000  0.039968299414920  0.000000000000000  0.000000000000000  1.000000000000000  0.000000000000000  0.000000000000000  0.000000000000000  0.000000000000000  0.000000000000000  0.000000000000000  0.079494562921473  1.000000000000000  1.000000000000000 
77.0    H  0.000000000000000  0.000000000000000  0.000000000000000  0.000000000000000  0.000000000000000  0.000000000000000  0.324659650682471  0.000000000000000  0.011493802701998  0.031077192771038  0.000000000000000  0.000000000000000  0.000000000000000  0.000000000000000  0.632878296985140  0.000000000000000  0.000000000000000  0.000000000000000  0.000000000000000  0.000000000000000  1.000000000000000  0.000000000000000  0.000000000000000  0.000000000000000  0.000000000000000  0.000000000000000  0.000000000000000  0.079494562921473  1.000000000000000  1.000000000000000 
78.0    C  0.003841804976665  0.061383724703962  0.000000000000000  0.001881370886758  0.000000000000000  0.000000000000000  0.059457392270737  0.000000000000000  0.193579756963305  0.497235084336607  0.024433426347769  0.000000000000000  0.000000000000000  0.011866185076676  0.061256213458867  0.003206021909416  0.048327896090957  0.000000000000000  0.004795842515293  0.028895727441053  1.000000000000000  0.000000000000000  0.000000000000000  0.000000000000000  0.000000000000000  0.000000000000000  0.000000000000000  0.079439480581604  1.000000000000000  1.000000000000000 
79.0    A  0.268129154204486  0.094929480613408  0.000000000000000  0.000000000000000  0.061086610400675  0.116548310804604  0.000000000000000  0.072695002596741  0.000000000000000  0.000000000000000  0.003241775724961  0.009604991150426  0.000000000000000  0.000000000000000  0.000000000000000  0.000000000000000  0.005742919282770  0.359235044136016  0.008875228631146  0.000000000000000  1.000000000000000  0.000000000000000  0.000000000000000  0.000000000000000  0.000000000000000  0.000000000000000  0.000000000000000  0.079439480581604  1.000000000000000  1.000000000000000 
80.0    S  0.094863703310878  0.030164594527242  0.015166163590149  0.091125586176036  0.000000000000000  0.017277041458129  0.109879945113973  0.004958089398515  0.105916554368265  0.022235366581791  0.014905617977306  0.037864770638445  0.000000000000000  0.292802545304702  0.030416542942445  0.097193254485320  0.025559439329931  0.009779659833234  0.000000000000000  0.000000000000000  1.000000000000000  0.000000000000000  0.000000000000000  0.000000000000000  0.000000000000000  0.000000000000000  0.000000000000000  0.079439480581604  1.000000000000000  1.000000000000000 
81.0    V  0.035797434311867  0.000000000000000  0.000000000000000  0.034915223064757  0.000000000000000  0.000000000000000  0.000000000000000  0.061383724703962  0.140729823267095  0.028755864082027  0.000000000000000  0.000000000000000  0.360982298880624  0.024298313621330  0.019037660369925  0.004934090866585  0.042042725266307  0.243838865381910  0.000000000000000  0.003291589177747  0.991029563264079  0.008875228631146  0.000000000000000  0.500000000000000  0.500000000000000  0.000000000000000  0.000000000000000  0.079439480581604  0.489031736723670  1.000000000000000 
82.0    G  0.000000000000000  0.000000000000000  0.056094378166704  0.006108356586942  0.000000000000000  0.903752726751086  0.003443281866825  0.000000000000000  0.003621994322014  0.000000000000000  0.000000000000000  0.016607744911852  0.000000000000000  0.007198938954677  0.000000000000000  0.003462428512480  0.000000000000000  0.000000000000000  0.000000000000000  0.000000000000000  1.000000000000000  0.000000000000000  0.000000000000000  0.000000000000000  0.000000000000000  0.000000000000000  0.000000000000000  0.079439480581604  1.000000000000000  1.000000000000000 
83.0    D  0.000000000000000  0.000000000000000  0.936272247434492  0.028895727441053  0.000000000000000  0.000000000000000  0.014741222670240  0.000000000000000  0.000000000000000  0.000000000000000  0.000000000000000  0.003039395220920  0.000000000000000  0.017241152188156  0.000000000000000  0.000000000000000  0.000000000000000  0.000000000000000  0.000000000000000  0.000000000000000  1.000000000000000  0.000000000000000  0.000000000000000  0.000000000000000  0.000000000000000  0.000000000000000  0.000000000000000  0.079439480581604  1.000000000000000  1.000000000000000 
84.0    I  0.000000000000000  0.001849050061009  0.004160578919506  0.073200636326176  0.002513650873635  0.000000000000000  0.018224208902945  0.119576019761484  0.120993378361717  0.226251615720726  0.027718634536005  0.002629492322806  0.012779719664965  0.055629733328281  0.168287508659598  0.000000000000000  0.074531804520664  0.091632297324326  0.000000000000000  0.000000000000000  1.000000000000000  0.000000000000000  0.000000000000000  0.000000000000000  0.000000000000000  0.000000000000000  0.000000000000000  0.079439480581604  1.000000000000000  1.000000000000000 
85.0    V  0.008315392050417  0.000000000000000  0.000000000000000  0.000000000000000  0.000000000000000  0.000000000000000  0.000000000000000  0.289974913626359  0.000000000000000  0.174827010342308  0.011981895778696  0.000000000000000  0.000000000000000  0.000000000000000  0.000000000000000  0.000000000000000  0.000000000000000  0.514770041716999  0.000000000000000  0.000000000000000  1.000000000000000  0.000000000000000  0.000000000000000  0.000000000000000  0.000000000000000  0.000000000000000  0.000000000000000  0.081108672933699  1.000000000000000  1.000000000000000 
86.0    I  0.000000000000000  0.000000000000000  0.000000000000000  0.000000000000000  0.011335564123705  0.000000000000000  0.012208248127692  0.917004043204671  0.000000000000000  0.002686605113554  0.000000000000000  0.000000000000000  0.008955563951003  0.000000000000000  0.000000000000000  0.000000000000000  0.016630784100834  0.030883926609398  0.000000000000000  0.000000000000000  0.991029563264079  0.000000000000000  0.008955563951003  0.000000000000000  0.000000000000000  0.000000000000000  0.000000000000000  0.081108672933699  1.000000000000000  1.000000000000000 
87.0    I  0.000000000000000  0.000000000000000  0.000000000000000  0.000000000000000  0.000000000000000  0.000000000000000  0.000000000000000  0.780245480173703  0.000000000000000  0.082526427563438  0.003933420117409  0.000000000000000  0.000000000000000  0.000000000000000  0.000000000000000  0.000000000000000  0.000000000000000  0.133323222603971  0.000000000000000  0.000000000000000  1.000000000000000  0.000000000000000  0.000000000000000  0.000000000000000  0.000000000000000  0.000000000000000  1.000000000000000  0.080158537672641  1.000000000000000  0.489031736723670 
88.0    A  0.182124889237251  0.115103212150630  0.000000000000000  0.000000000000000  0.029319412390646  0.000000000000000  0.000000000000000  0.226722582233286  0.000000000000000  0.101601950248040  0.260255399421028  0.000000000000000  0.000000000000000  0.000000000000000  0.000000000000000  0.010131559020711  0.002855580953906  0.052374195916747  0.008930768245422  0.010547171758771  1.000000000000000  0.000000000000000  0.000000000000000  0.000000000000000  0.000000000000000  0.000000000000000  1.000000000000000  0.080158537672641  1.000000000000000  0.489031736723670 
89.0    S  0.406971592535217  0.026223426159579  0.000000000000000  0.000000000000000  0.000000000000000  0.051617354058483  0.000000000000000  0.000000000000000  0.000000000000000  0.000000000000000  0.000000000000000  0.029728696135369  0.000000000000000  0.000000000000000  0.000000000000000  0.346998179753898  0.129318447689864  0.009226505167418  0.000000000000000  0.000000000000000  0.997231251352069  0.002729779241897  0.000000000000000  1.000000000000000  0.000000000000000  1.000000000000000  0.000000000000000  0.080158537672641  0.498961359499525  0.489031736723670 
90.0    F  0.006262697885933  0.000000000000000  0.000000000000000  0.000000000000000  0.189727406621757  0.000000000000000  0.000000000000000  0.000000000000000  0.000000000000000  0.006443230848516  0.004446851676074  0.011866185076676  0.000000000000000  0.000000000000000  0.000000000000000  0.032284824615129  0.008178205327926  0.004035603076891  0.008048859012657  0.728499556949005  0.991029563264079  0.000000000000000  0.008955563951003  0.000000000000000  0.000000000000000  0.000000000000000  0.000000000000000  0.081108672933699  1.000000000000000  1.000000000000000 
91.0    V  0.437089310205187  0.048832992510770  0.011541703621739  0.069012427947693  0.002729779241897  0.190782401120070  0.007193950759414  0.017050998078983  0.009638337264137  0.007567329603333  0.005762857254230  0.000000000000000  0.000000000000000  0.008026573745148  0.027680234971949  0.043615961378818  0.027489033622576  0.086030975099419  0.000000000000000  0.000000000000000  0.985549336939371  0.009407323290870  0.005291894443302  1.000000000000000  0.000000000000000  0.000000000000000  1.000000000000000  0.080158537672641  0.493116352246680  0.489031736723670 
92.0    T  0.011257263662796  0.006066163085946  0.042452696392155  0.050765774772265  0.022452190258501  0.020803931456818  0.055437269072009  0.030649343874642  0.000000000000000  0.135465745855598  0.090558884659680  0.037707622491274  0.015603354157829  0.230525779478158  0.008015454260446  0.049962864397030  0.038983299122314  0.045185384204555  0.047497651762547  0.060706718471352  0.979420297586927  0.000000000000000  0.020474896935287  0.000000000000000  0.000000000000000  0.262975444800968  0.737134608645551  0.080381092714413  1.000000000000000  0.484644908467533 
93.0    M  0.006501552614934  0.041406469282663  0.004543437662296  0.000000000000000  0.085614561247848  0.002463627751624  0.000000000000000  0.118503370641081  0.000000000000000  0.167589073947542  0.235859562723840  0.000000000000000  0.000000000000000  0.000000000000000  0.013868927144836  0.019545766876770  0.017098339082199  0.174705871481383  0.000000000000000  0.112188756333408  0.995159721820083  0.000000000000000  0.004862789981962  0.000000000000000  0.000000000000000  0.000000000000000  1.000000000000000  0.082870360018666  1.000000000000000  0.470739232270603 
94.0    P  0.061383724703962  0.000000000000000  0.279903222163560  0.138792354203580  0.000000000000000  0.004049613675858  0.007223931860263  0.000000000000000  0.014121136355486  0.009017854824350  0.000000000000000  0.066201145917742  0.096588818705998  0.007866840234818  0.014130927774392  0.124136561929630  0.164481815628626  0.012191335627714  0.000000000000000  0.000000000000000  0.938221196500671  0.022955759894974  0.039091533753540  1.000000000000000  0.000000000000000  0.035921714001084  0.963929807740643  0.082985322398902  0.481630947010074  0.466516495768404 
95.0    D  0.074222479129588  0.000000000000000  0.163458918567095  0.416099367355762  0.022813000166477  0.009800017222820  0.007031265076512  0.008478354467827  0.014864348067684  0.020081349022959  0.012490716099257  0.017385158134138  0.113518552215189  0.016619260513956  0.042393885232740  0.018465805420849  0.019103754338939  0.016619260513956  0.000000000000000  0.006656594492772  0.995849753094458  0.000000000000000  0.003903543331994  0.000000000000000  0.000000000000000  0.000000000000000  1.000000000000000  0.085318357367823  1.000000000000000  0.435275281648062 
96.0    E  0.177759676323409  0.000000000000000  0.132310549359392  0.373453364278086  0.000000000000000  0.021687386234619  0.004869535915137  0.003812624065532  0.060959716345478  0.007742418463001  0.000000000000000  0.021065120808392  0.016367751985934  0.046359216682535  0.025648175275328  0.058720171825876  0.033123524481165  0.014417851447716  0.000000000000000  0.001651508373784  1.000000000000000  0.000000000000000  0.000000000000000  1.000000000000000  0.000000000000000  0.397492625474487  0.602486157497393  0.085436715746363  0.498961359499525  0.433468781757343 
97.0    E  0.023292349793733  0.000000000000000  0.081559684230560  0.694477567882555  0.000000000000000  0.000000000000000  0.022686848123498  0.004496443325499  0.040414029121484  0.005609158244623  0.000000000000000  0.020207014560742  0.007823337935245  0.026607928367155  0.019223302261737  0.031708204580653  0.010474317121721  0.009194583884522  0.000000000000000  0.002314634318245  0.945402116750744  0.016584737639841  0.038181034427297  0.826450318154212  0.173258735706302  0.000000000000000  1.000000000000000  0.083736475151740  0.487339815445774  0.459456441739525 
98.0    A  0.421907898065009  0.014150530984653  0.015250496262129  0.009618315729257  0.000000000000000  0.004021640950914  0.009459633468364  0.140145759753564  0.000000000000000  0.203626890767554  0.019668080836013  0.004597291942261  0.014130927774392  0.003155315537538  0.008986655416802  0.010716666317114  0.004215735298845  0.103952762296863  0.006642766875502  0.005754873772721  0.967276329613932  0.032849153408991  0.000000000000000  0.619424348891954  0.380772184925815  0.538120062391899  0.462011286223412  0.085259239679960  0.467487598875728  0.429282718218877 
99.0    R  0.150517172653927  0.002406246237199  0.047662551664259  0.082640912821411  0.000000000000000  0.012140738574751  0.007085080694790  0.012157580883678  0.241986756723434  0.014179986801831  0.000000000000000  0.049002528379734  0.048529304687565  0.025862400502444  0.202922395244320  0.040190546357206  0.017229205672952  0.023147496844068  0.000000000000000  0.022266212721075  0.974004268543241  0.015920174947136  0.009840859218339  0.555169416814320  0.444729496768949  1.000000000000000  0.000000000000000  0.082297932628703  0.487677730763821  0.466839972457657 
100.0    T  0.071446145963377  0.002173144766767  0.070903467808497  0.068869069742288  0.002022001804378  0.106063487713237  0.025952188252840  0.005147187311461  0.077106698113094  0.014761672515581  0.001529207609876  0.109879945113973  0.039664715188119  0.055245470691479  0.065018766657624  0.085733330536912  0.175799149989140  0.012395841299862  0.000000000000000  0.010258758792376  0.997922718999051  0.002276447652607  0.000000000000000  1.000000000000000  0.000000000000000  1.000000000000000  0.000000000000000  0.080102995260012  0.490049707670935  0.484644908467533 
101.0    W  0.011102281587354  0.000000000000000  0.000000000000000  0.000000000000000  0.219759890227947  0.001139013056434  0.342695701244926  0.049893649147291  0.008992886650998  0.066017851584491  0.003464829317001  0.004671171081157  0.006434304822403  0.006763566918122  0.023601134149419  0.003734161396851  0.003148761060519  0.017591227908387  0.056602123938614  0.174222154835934  1.000000000000000  0.000000000000000  0.000000000000000  0.000000000000000  0.000000000000000  0.000000000000000  0.000000000000000  0.081052472165688  1.000000000000000  1.000000000000000 
102.0    R  0.056445406884489  0.001633293749832  0.013257935964155  0.082985322398902  0.004616451355212  0.002727887758725  0.044625124365158  0.031077192771038  0.355273010795340  0.009658400475945  0.000000000000000  0.022066475068512  0.015388538170243  0.105769824575036  0.108743419088581  0.049309177553279  0.039527485698561  0.053400608805608  0.000000000000000  0.003486511607316  1.000000000000000  0.000000000000000  0.000000000000000  0.000000000000000  0.000000000000000  0.000000000000000  0.000000000000000  0.081052472165688  1.000000000000000  1.000000000000000 
103.0    P  0.064569649230258  0.004352318948513  0.000000000000000  0.000000000000000  0.000000000000000  0.009611651130868  0.000000000000000  0.000000000000000  0.000000000000000  0.002243551474604  0.000000000000000  0.000000000000000  0.837406487508427  0.002422983003350  0.000000000000000  0.012744335833422  0.051367511705928  0.015166163590149  0.000000000000000  0.000000000000000  1.000000000000000  0.000000000000000  0.000000000000000  0.000000000000000  0.000000000000000  0.000000000000000  0.000000000000000  0.081052472165688  1.000000000000000  1.000000000000000 
104.0    N  0.022452190258501  0.010532560404196  0.005429368046259  0.003312187361848  0.003436129202822  0.000000000000000  0.031708204580653  0.013452331067795  0.312515575646302  0.017241152188156  0.019183370061173  0.050101583087462  0.009446528717448  0.042130241616783  0.221288441144886  0.058193426239389  0.129947429396910  0.028735938942239  0.004805825565434  0.016198454703433  1.000000000000000  0.000000000000000  0.000000000000000  0.000000000000000  0.000000000000000  0.000000000000000  0.000000000000000  0.081052472165688  1.000000000000000  1.000000000000000 
105.0    V  0.005819052590323  0.005193777766335  0.000000000000000  0.000000000000000  0.009011606289531  0.000000000000000  0.000000000000000  0.176287245060549  0.014278616409834  0.200545291588122  0.012904338514621  0.000000000000000  0.000000000000000  0.000000000000000  0.007731692628244  0.000000000000000  0.012700243781005  0.555554364327547  0.000000000000000  0.000000000000000  1.000000000000000  0.000000000000000  0.000000000000000  0.000000000000000  0.000000000000000  0.000000000000000  0.000000000000000  0.081052472165688  1.000000000000000  1.000000000000000 
106.0    A  0.064123634083571  0.008602668735140  0.000000000000000  0.000000000000000  0.004729816734182  0.002122529028371  0.000000000000000  0.156691627555086  0.000000000000000  0.126832818322610  0.000000000000000  0.000000000000000  0.003547454756725  0.000000000000000  0.000000000000000  0.000000000000000  0.003255285965466  0.630251695791493  0.000000000000000  0.000000000000000  0.990342871933025  0.009446528717448  0.000000000000000  1.000000000000000  0.000000000000000  0.000000000000000  0.000000000000000  0.081052472165688  0.493116352246680  1.000000000000000 
107.0    Y  0.020992241026895  0.000000000000000  0.011390698272005  0.000000000000000  0.280097303548544  0.000000000000000  0.069637103176208  0.095921631000055  0.010605820155313  0.176654205485341  0.016630784100834  0.000000000000000  0.000000000000000  0.032284824615129  0.015733680469636  0.000000000000000  0.045310838527464  0.072443496994028  0.000000000000000  0.152406886759538  1.000000000000000  0.000000000000000  0.000000000000000  0.000000000000000  0.000000000000000  0.000000000000000  0.000000000000000  0.081052472165688  1.000000000000000  1.000000000000000 
108.0    F  0.051904376505681  0.011923900070004  0.000000000000000  0.000000000000000  0.082755556899712  0.000000000000000  0.000000000000000  0.014802657353114  0.000000000000000  0.177021929776818  0.054939972556987  0.000000000000000  0.048765342510856  0.000000000000000  0.000000000000000  0.005827125104264  0.003974530047276  0.545253866332629  0.000000000000000  0.002750672318188  0.994470168673214  0.000000000000000  0.005284563402540  0.000000000000000  0.000000000000000  0.000000000000000  0.000000000000000  0.081052472165688  1.000000000000000  1.000000000000000 
109.0    E  0.014782150730087  0.000000000000000  0.616853584904748  0.023947186878247  0.000000000000000  0.062934721878545  0.000000000000000  0.000000000000000  0.011422323815625  0.010532560404196  0.000000000000000  0.218999578766781  0.000000000000000  0.016401823181610  0.000000000000000  0.005970220784239  0.018173750649185  0.000000000000000  0.000000000000000  0.000000000000000  0.995849753094458  0.003820560443154  0.000000000000000  1.000000000000000  0.000000000000000  1.000000000000000  0.000000000000000  0.081333865965121  0.493800430722686  0.497579860910041 
110.0    G  0.119493164699218  0.000000000000000  0.148650889375340  0.336575017319196  0.000000000000000  0.076256281892014  0.018211581220852  0.000000000000000  0.035060733766578  0.005738939973743  0.040330077826618  0.027054267672489  0.067639040282857  0.044563303667629  0.031576607702711  0.031077192771038  0.015953314464175  0.001736020861653  0.000000000000000  0.000000000000000  0.994470168673214  0.002167127875133  0.003698100122018  0.062500000000000  0.937571096457110  0.000000000000000  0.000000000000000  0.080996310339583  0.498961359499525  1.000000000000000 
111.0    D  0.040610595701733  0.004413075056915  0.190782401120070  0.087899574994570  0.011010318399547  0.070364911633548  0.065199287095616  0.000000000000000  0.165396429988515  0.009220112057314  0.002976845371757  0.165970644797805  0.003129179209334  0.053215856734309  0.065607292726442  0.031928752584822  0.012958117903351  0.011367036590897  0.000000000000000  0.008032139270751  0.991029563264079  0.008961773626767  0.000000000000000  1.000000000000000  0.000000000000000  0.000000000000000  1.000000000000000  0.081164912670618  0.493458272942921  0.498961359499525 
112.0    N  0.000000000000000  0.003547454756725  0.011422323815625  0.005667782061852  0.000000000000000  0.009957504900932  0.000000000000000  0.000000000000000  0.002194335748109  0.000000000000000  0.000000000000000  0.936921446872426  0.000000000000000  0.000000000000000  0.008955563951003  0.003129179209334  0.012717862266726  0.000000000000000  0.000000000000000  0.005652089397932  0.990342871933025  0.009624984948795  0.000000000000000  0.378141999320990  0.622005826649234  1.000000000000000  0.000000000000000  0.081164912670618  0.490049707670935  0.498961359499525 
113.0    E  0.039719740290802  0.006470083291676  0.016746460352130  0.119493164699218  0.023421868777430  0.008992886650998  0.044286168640882  0.013955716443012  0.136124626917013  0.004684140288247  0.023765293019391  0.067265007798987  0.004253894591157  0.082583650353642  0.308213081365952  0.030290306779221  0.050942020775164  0.018710604759671  0.000000000000000  0.000000000000000  0.996540262827868  0.003197145240589  0.000000000000000  0.439215234119181  0.560583039014254  0.000000000000000  0.000000000000000  0.082469244423306  0.498961359499525  1.000000000000000 
114.0    M  0.016379101179952  0.016086563803656  0.000000000000000  0.004292399287410  0.008949358577967  0.000000000000000  0.000000000000000  0.473028823362798  0.003374758544532  0.107693269964002  0.026278012976679  0.000000000000000  0.073251392729657  0.016886334406865  0.016120049676584  0.005597506446770  0.014387901518829  0.217788548035564  0.000000000000000  0.000000000000000  0.985549336939371  0.000000000000000  0.014538275901610  0.000000000000000  0.000000000000000  0.000000000000000  0.000000000000000  0.082469244423306  1.000000000000000  1.000000000000000 
115.0    K  0.031862427593693  0.002008034817688  0.033655824256033  0.034149304346905  0.005945442893904  0.000000000000000  0.003944341006237  0.133230842008493  0.164595865257405  0.110797712399358  0.003690418128895  0.011063870611051  0.000000000000000  0.026774436086518  0.033679160782615  0.059663813383732  0.125086673432823  0.217788548035564  0.000000000000000  0.002017801538446  0.876605721316035  0.091062444618626  0.032173127607312  0.437695664847132  0.562529242344405  0.290175978595930  0.710053679271714  0.083158065067543  0.426908857195622  0.487339815445774 
116.0    R  0.036246864203295  0.000000000000000  0.076097876166437  0.237171078785113  0.006533174999329  0.052301640167712  0.069733707645310  0.010272990314102  0.118339203904589  0.002847674568001  0.001679211887193  0.027988927190339  0.002047387647494  0.074016975740852  0.178996092650143  0.076521024525013  0.021959667190730  0.000000000000000  0.001676885618042  0.005463344073197  0.761544369851631  0.235043550627282  0.003496191683312  0.406407800992160  0.593779833036705  0.413798408039103  0.586011141837257  0.086809695985319  0.355273010795340  0.460093825312437 
117.0    T  0.034987902770445  0.004587742075053  0.033123524481165  0.027091798859834  0.035896823593657  0.008396477912934  0.014926295880976  0.168170901065228  0.025630403474898  0.126657112519886  0.025137761591935  0.007593601468604  0.006057759424586  0.027412923397901  0.059210629412454  0.045216715183454  0.142694338390847  0.168637816792462  0.000000000000000  0.038660389958974  0.977385766410805  0.022844647631251  0.000000000000000  0.339386244970002  0.660669202829133  0.091886708524315  0.908148417721510  0.096455010941183  0.488354264481114  0.473028823362798 
118.0    A  0.098277161517541  0.000000000000000  0.045689295262501  0.032017400719775  0.017445515030978  0.101040108600696  0.050101583087462  0.033819520141429  0.078672323344054  0.086809695985319  0.004206978032004  0.033077637339848  0.007380836257791  0.010244546986060  0.156691627555086  0.121413436942704  0.075050214217826  0.034891030061955  0.000000000000000  0.013157233650131  0.995849753094458  0.004035603076891  0.000000000000000  0.166662334636400  0.833353207159218  0.721464343430814  0.278548412704833  0.089622203000989  0.500000000000000  0.475659138165900 
119.0    K  0.046391361582158  0.000000000000000  0.056328153913177  0.093363341069521  0.000000000000000  0.047894373756493  0.064973714698455  0.009525430422471  0.130579470358029  0.021344379011787  0.008460742543171  0.159541096103619  0.030819772015417  0.038048938083218  0.057035343033966  0.077966598244628  0.069300040225192  0.029380443828410  0.000000000000000  0.059087632296921  0.764718138941384  0.000000000000000  0.235369616135302  0.500000000000000  0.500000000000000  0.657015813574686  0.343171107813728  0.091695834010458  0.492774668469685  0.494828328207603 
120.0    A  0.143189737247470  0.013725476066224  0.029441602309525  0.172779025816073  0.010635266535152  0.074686950303549  0.077804639711386  0.018325546081748  0.029977003728915  0.025347723611783  0.000000000000000  0.000000000000000  0.027508094173848  0.055745532463756  0.011148550825921  0.084553014440642  0.061128967090459  0.065743861200242  0.000000000000000  0.098277161517541  0.750539548757186  0.249307812838017  0.000000000000000  0.865136690584988  0.135090675254919  0.978741650397436  0.021021362633154  0.093428078039684  0.421907898065009  0.394200087028139 
121.0    I  0.020760715845258  0.000000000000000  0.077428043611494  0.184283652161388  0.003549914517377  0.010344444612464  0.006948898387015  0.248789930455021  0.133508176005981  0.021079727099058  0.000000000000000  0.007921558435860  0.059251685320540  0.013368672276291  0.045436641166260  0.028975954576108  0.061383724703962  0.072795849154279  0.000000000000000  0.004177918312052  1.000000000000000  0.000000000000000  0.000000000000000  0.000000000000000  0.000000000000000  1.000000000000000  0.000000000000000  0.093492859897649  1.000000000000000  0.499653546495226 
122.0    P  0.097328086382708  0.011414409207388  0.008531410513638  0.046327094056339  0.006542238183660  0.019873640730368  0.120074357994185  0.016277241078253  0.039857637239955  0.074480160910878  0.000000000000000  0.029935475569459  0.398872619904516  0.021388809579560  0.013331657783001  0.020207014560742  0.006420938963241  0.056211144509235  0.000000000000000  0.012895397008010  0.986916545885842  0.013093548979187  0.000000000000000  1.000000000000000  0.000000000000000  0.000000000000000  0.000000000000000  0.093622558401511  0.496890546661277  1.000000000000000 
123.0    V  0.103020260619155  0.000000000000000  0.027680234971949  0.033123524481165  0.008332701412748  0.258816230960344  0.060454770600871  0.047662551664259  0.021314809919990  0.041263213781719  0.008200911590805  0.021597378227009  0.025577161924713  0.019196671569463  0.016075417310837  0.069927318814732  0.049652150006007  0.185308376225354  0.000000000000000  0.002709044861585  1.000000000000000  0.000000000000000  0.000000000000000  0.000000000000000  0.000000000000000  0.000000000000000  0.000000000000000  0.094339123032535  1.000000000000000  1.000000000000000 
124.0    Q  0.000000000000000  0.006688970973019  0.010166733245640  0.099856489556144  0.000000000000000  0.000000000000000  0.019011286853657  0.000000000000000  0.015082297263621  0.034602018265134  0.000000000000000  0.000000000000000  0.117034030929312  0.444729496768949  0.070267432736164  0.056172195413189  0.111568371434122  0.014782150730087  0.000000000000000  0.000000000000000  1.000000000000000  0.000000000000000  0.000000000000000  0.000000000000000  0.000000000000000  0.000000000000000  0.000000000000000  0.103736823198748  1.000000000000000  1.000000000000000 
125.0    V  0.142003658098336  0.031730190652170  0.007982188146205  0.026259804757290  0.000000000000000  0.000000000000000  0.000000000000000  0.152090294829258  0.039637231228933  0.167240944348264  0.007588339808919  0.057871626407958  0.018186352100033  0.012216713173884  0.040864729641774  0.005339794734148  0.072042896674929  0.218999578766781  0.000000000000000  0.000000000000000  1.000000000000000  0.000000000000000  0.000000000000000  0.000000000000000  0.000000000000000  0.000000000000000  0.000000000000000  0.103521332666818  1.000000000000000  1.000000000000000 
126.0    A  0.676893139526230  0.000000000000000  0.000000000000000  0.000000000000000  0.000000000000000  0.000000000000000  0.000000000000000  0.030522141530070  0.021914050791288  0.094732285406900  0.000000000000000  0.000000000000000  0.031840349894273  0.018173750649185  0.035304600455316  0.000000000000000  0.027892092858531  0.000000000000000  0.062716984281844  0.000000000000000  1.000000000000000  0.000000000000000  0.000000000000000  1.000000000000000  0.000000000000000  0.000000000000000  0.000000000000000  0.143487801731875  1.000000000000000  1.000000000000000 
