No:  residues  hmm_col_1  hmm_col_2  hmm_col_3  hmm_col_4  hmm_col_5  hmm_col_6  hmm_col_7  hmm_col_8  hmm_col_9  hmm_col_10  hmm_col_11  hmm_col_12  hmm_col_13  hmm_col_14  hmm_col_15  hmm_col_16  hmm_col_17  hmm_col_18  hmm_col_19  hmm_col_20  hmm_col_21   hmm_col_22   hmm_col_23   hmm_col_24   hmm_col_25   hmm_col_26   hmm_col_27   hmm_col_28   hmm_col_29   hmm_col_30   
1.0    M  0.011973593439123  0.003346804510815  0.000000000000000  0.000000000000000  0.004992575637512  0.007406460665068  0.000000000000000  0.009245711107442  0.000000000000000  0.015975445790780  0.921464186198704  0.000000000000000  0.000000000000000  0.000000000000000  0.008408125974873  0.003419497381618  0.000000000000000  0.013489680602725  0.000000000000000  0.000000000000000  0.983502074026248  0.008590751166520  0.007688937672139  0.813379198132126  0.186597297912119  0.000000000000000  0.000000000000000  0.096321388544801  0.487677730763821  1.000000000000000 
2.0    T  0.000000000000000  0.000000000000000  0.006474569566312  0.009571760405505  0.105112051906714  0.005182988830458  0.036121459579837  0.031055659166330  0.049997508020797  0.237006741282161  0.129587637627465  0.031511014215456  0.003841804976665  0.193848301586751  0.040358042196948  0.013021143861863  0.030290306779221  0.015314053364717  0.006829520471956  0.054901904264898  0.991029563264079  0.008674522137724  0.000000000000000  0.374230746698173  0.625898229326997  1.000000000000000  0.000000000000000  0.090810315598211  0.475659138165900  0.496202187342909 
3.0    F  0.010315803445430  0.002050227897701  0.000000000000000  0.010244546986060  0.015197733553317  0.000000000000000  0.002699672278376  0.170755032094299  0.017409275794052  0.129857387912208  0.000000000000000  0.007763914791582  0.010075533208249  0.002285934846630  0.521955963710860  0.012023493907507  0.008172538592129  0.059829466137206  0.002962436612059  0.016493026838093  0.994470168673214  0.000000000000000  0.005421846558655  0.000000000000000  0.000000000000000  0.000000000000000  0.000000000000000  0.085023178275372  1.000000000000000  1.000000000000000 
4.0    E  0.000000000000000  0.006350121890502  0.007050786933300  0.114704985288921  0.012859692894980  0.000000000000000  0.041926319527571  0.080269738061839  0.086629367853151  0.017289021142067  0.004575039770386  0.041752314949691  0.006197920649931  0.060917476930722  0.058435949859466  0.076045147414629  0.351111218934499  0.015997607819194  0.016299821773904  0.001561339512407  0.979420297586927  0.020574483157176  0.000000000000000  0.353553390593274  0.646624465943743  1.000000000000000  0.000000000000000  0.084494427064258  0.469435873657726  0.497235084336607 
5.0    M  0.000000000000000  0.003616976650497  0.000000000000000  0.000000000000000  0.076627178753322  0.000000000000000  0.000000000000000  0.060203868376259  0.000000000000000  0.213011023768717  0.472046209575125  0.000000000000000  0.000000000000000  0.012922240131926  0.001836277739276  0.002760221960708  0.000000000000000  0.142892291926755  0.000000000000000  0.013975076590353  1.000000000000000  0.000000000000000  0.000000000000000  0.000000000000000  0.000000000000000  0.000000000000000  0.000000000000000  0.082126976696836  1.000000000000000  1.000000000000000 
6.0    L  0.003525393466650  0.030500992524257  0.000000000000000  0.000000000000000  0.053215856734309  0.000000000000000  0.005200982864205  0.037162722343835  0.000000000000000  0.660669202829133  0.150725978461345  0.000000000000000  0.004622855553721  0.003001709338453  0.000000000000000  0.000000000000000  0.000000000000000  0.051474438579223  0.000000000000000  0.000000000000000  1.000000000000000  0.000000000000000  0.000000000000000  0.000000000000000  0.000000000000000  0.000000000000000  0.000000000000000  0.081842838942723  1.000000000000000  1.000000000000000 
7.0    Y  0.025155191800660  0.001916912234089  0.000000000000000  0.002570028369197  0.002806523782313  0.022671128247409  0.045975210807992  0.012859692894980  0.559418550517856  0.016700093612672  0.000000000000000  0.034031156729253  0.000000000000000  0.035996488823417  0.141120550600766  0.024929538744032  0.029708096913432  0.001824858099381  0.002016403389616  0.040134869030920  1.000000000000000  0.000000000000000  0.000000000000000  0.000000000000000  0.000000000000000  0.000000000000000  0.000000000000000  0.081842838942723  1.000000000000000  1.000000000000000 
8.0    S  0.262793227271927  0.018338252785646  0.000000000000000  0.000000000000000  0.000000000000000  0.176776695296637  0.000000000000000  0.000000000000000  0.000000000000000  0.000000000000000  0.000000000000000  0.000000000000000  0.005193777766335  0.000000000000000  0.000000000000000  0.523768063549899  0.013175486097658  0.000000000000000  0.000000000000000  0.000000000000000  1.000000000000000  0.000000000000000  0.000000000000000  0.000000000000000  0.000000000000000  0.000000000000000  0.000000000000000  0.081842838942723  1.000000000000000  1.000000000000000 
9.0    K  0.000000000000000  0.000000000000000  0.000000000000000  0.000000000000000  0.000000000000000  0.000000000000000  0.000000000000000  0.000000000000000  1.000000000000000  0.000000000000000  0.000000000000000  0.000000000000000  0.000000000000000  0.000000000000000  0.000000000000000  0.000000000000000  0.000000000000000  0.000000000000000  0.000000000000000  0.000000000000000  1.000000000000000  0.000000000000000  0.000000000000000  0.000000000000000  0.000000000000000  0.000000000000000  0.000000000000000  0.081842838942723  1.000000000000000  1.000000000000000 
10.0    I  0.013021143861863  0.000000000000000  0.000000000000000  0.000000000000000  0.006074578405332  0.000000000000000  0.000000000000000  0.661585719954060  0.000000000000000  0.297920643643512  0.000000000000000  0.000000000000000  0.000000000000000  0.000000000000000  0.000000000000000  0.011048543456040  0.000000000000000  0.010672189505894  0.000000000000000  0.000000000000000  1.000000000000000  0.000000000000000  0.000000000000000  0.000000000000000  0.000000000000000  0.000000000000000  0.000000000000000  0.081842838942723  1.000000000000000  1.000000000000000 
11.0    H  0.000000000000000  0.000000000000000  0.000000000000000  0.000000000000000  0.005644259366889  0.000000000000000  0.964598184584138  0.000000000000000  0.000000000000000  0.006407600868724  0.000000000000000  0.000000000000000  0.000000000000000  0.011493802701998  0.000000000000000  0.011735311929226  0.000000000000000  0.000000000000000  0.000000000000000  0.000000000000000  1.000000000000000  0.000000000000000  0.000000000000000  0.000000000000000  0.000000000000000  0.000000000000000  0.000000000000000  0.081842838942723  1.000000000000000  1.000000000000000 
12.0    R  0.002754488204071  0.011010318399547  0.000000000000000  0.011493802701998  0.000000000000000  0.091823039579894  0.005132936043552  0.000000000000000  0.024063661694877  0.009207339123529  0.028458432299749  0.029137077701151  0.000000000000000  0.032217759962337  0.735093668194520  0.000000000000000  0.008116086744513  0.000000000000000  0.000000000000000  0.011735311929226  1.000000000000000  0.000000000000000  0.000000000000000  0.000000000000000  0.000000000000000  0.000000000000000  0.000000000000000  0.081842838942723  1.000000000000000  1.000000000000000 
13.0    A  0.708578698254108  0.014013877494719  0.000000000000000  0.000000000000000  0.000000000000000  0.016700093612672  0.000000000000000  0.051653144884638  0.000000000000000  0.069878865685366  0.000000000000000  0.000000000000000  0.000000000000000  0.000000000000000  0.000000000000000  0.000000000000000  0.000000000000000  0.139081265073104  0.000000000000000  0.000000000000000  1.000000000000000  0.000000000000000  0.000000000000000  0.000000000000000  0.000000000000000  0.000000000000000  0.000000000000000  0.081842838942723  1.000000000000000  1.000000000000000 
14.0    T  0.021138253610161  0.022204563174709  0.000000000000000  0.011187255790634  0.001936946739723  0.000000000000000  0.017762765206813  0.022828818414776  0.059912464905811  0.000000000000000  0.005172222306232  0.000000000000000  0.000000000000000  0.013499034178129  0.161432168787792  0.011932167952818  0.541862983422390  0.097598311575924  0.000000000000000  0.011414409207388  1.000000000000000  0.000000000000000  0.000000000000000  0.000000000000000  0.000000000000000  0.000000000000000  0.000000000000000  0.081842838942723  1.000000000000000  1.000000000000000 
15.0    I  0.002614951673786  0.003781043073804  0.000000000000000  0.000000000000000  0.000000000000000  0.000000000000000  0.000000000000000  0.073454770526236  0.000000000000000  0.022561393680039  0.004166350706374  0.000000000000000  0.000000000000000  0.000000000000000  0.000000000000000  0.000000000000000  0.012073602338250  0.881480157907170  0.000000000000000  0.000000000000000  1.000000000000000  0.000000000000000  0.000000000000000  0.000000000000000  0.000000000000000  0.000000000000000  0.000000000000000  0.081672828368323  1.000000000000000  1.000000000000000 
16.0    T  0.000000000000000  0.000000000000000  0.000000000000000  0.002333967196986  0.000000000000000  0.000000000000000  0.000000000000000  0.003518070233781  0.003627018954323  0.000000000000000  0.000000000000000  0.000000000000000  0.000000000000000  0.000000000000000  0.002248221662750  0.036021448337465  0.945402116750744  0.007129417879246  0.000000000000000  0.000000000000000  1.000000000000000  0.000000000000000  0.000000000000000  0.000000000000000  0.000000000000000  0.000000000000000  0.000000000000000  0.081672828368323  1.000000000000000  1.000000000000000 
17.0    D  0.032826392000336  0.009374776424791  0.121245238792717  0.259175275254930  0.000000000000000  0.133138525424177  0.132402291835485  0.000000000000000  0.000000000000000  0.002182201441547  0.003142220198992  0.005863590224666  0.000000000000000  0.232451235653290  0.045185384204555  0.019791160214425  0.000000000000000  0.003284751622085  0.000000000000000  0.000000000000000  1.000000000000000  0.000000000000000  0.000000000000000  0.000000000000000  0.000000000000000  0.000000000000000  0.000000000000000  0.081672828368323  1.000000000000000  1.000000000000000 
18.0    A  0.695923195915551  0.055977854380678  0.000000000000000  0.000000000000000  0.000000000000000  0.018866884241977  0.000000000000000  0.004166350706374  0.057631444869539  0.000000000000000  0.000000000000000  0.000000000000000  0.000000000000000  0.000000000000000  0.012464769372016  0.085259239679960  0.061086610400675  0.008501894075553  0.000000000000000  0.000000000000000  1.000000000000000  0.000000000000000  0.000000000000000  0.000000000000000  0.000000000000000  0.000000000000000  0.000000000000000  0.081672828368323  1.000000000000000  1.000000000000000 
19.0    N  0.014397877909355  0.018325546081748  0.378666578969244  0.220522841299294  0.000000000000000  0.000000000000000  0.000000000000000  0.000000000000000  0.021079727099058  0.005667782061852  0.000000000000000  0.287572973337651  0.000000000000000  0.000000000000000  0.007971130150379  0.022158438057492  0.000000000000000  0.023798261557863  0.000000000000000  0.000000000000000  1.000000000000000  0.000000000000000  0.000000000000000  0.000000000000000  0.000000000000000  0.000000000000000  0.000000000000000  0.081672828368323  1.000000000000000  1.000000000000000 
20.0    L  0.000000000000000  0.000000000000000  0.000000000000000  0.000000000000000  0.000000000000000  0.000000000000000  0.000000000000000  0.031185084968720  0.003462428512480  0.855595025682602  0.006293158523818  0.000000000000000  0.013276328111541  0.000000000000000  0.009950605275988  0.000000000000000  0.004163463812765  0.075834597515543  0.000000000000000  0.000000000000000  1.000000000000000  0.000000000000000  0.000000000000000  0.000000000000000  0.000000000000000  0.000000000000000  0.000000000000000  0.081503170953660  1.000000000000000  1.000000000000000 
21.0    N  0.015832139064986  0.000000000000000  0.209496783666987  0.096588818705998  0.018211581220852  0.006707542472170  0.259714775824416  0.000000000000000  0.007391075365044  0.000000000000000  0.000000000000000  0.346517471412604  0.000000000000000  0.008881382603406  0.000000000000000  0.008454880035357  0.000000000000000  0.000000000000000  0.008668511500530  0.013555291986751  1.000000000000000  0.000000000000000  0.000000000000000  0.000000000000000  0.000000000000000  0.000000000000000  0.000000000000000  0.081503170953660  1.000000000000000  1.000000000000000 
22.0    Y  0.000000000000000  0.000000000000000  0.000000000000000  0.000000000000000  0.025970183174801  0.000000000000000  0.010911551034902  0.000000000000000  0.000000000000000  0.000000000000000  0.000000000000000  0.000000000000000  0.000000000000000  0.000000000000000  0.000000000000000  0.000000000000000  0.000000000000000  0.000000000000000  0.000000000000000  0.963261894020148  1.000000000000000  0.000000000000000  0.000000000000000  0.000000000000000  0.000000000000000  0.000000000000000  0.000000000000000  0.081503170953660  1.000000000000000  1.000000000000000 
23.0    I  0.000000000000000  0.000000000000000  0.020503300852999  0.380508345209840  0.000000000000000  0.000000000000000  0.058476468614463  0.060664654360597  0.025970183174801  0.000000000000000  0.031973045929201  0.009264957026648  0.011398596439376  0.019491649561157  0.005317633267576  0.000000000000000  0.000000000000000  0.371903440608626  0.000000000000000  0.004597291942261  1.000000000000000  0.000000000000000  0.000000000000000  0.000000000000000  0.000000000000000  0.000000000000000  0.000000000000000  0.081503170953660  1.000000000000000  1.000000000000000 
24.0    G  0.000000000000000  0.000000000000000  0.025970183174801  0.000000000000000  0.000000000000000  0.974004268543241  0.000000000000000  0.000000000000000  0.000000000000000  0.000000000000000  0.000000000000000  0.000000000000000  0.000000000000000  0.000000000000000  0.000000000000000  0.000000000000000  0.000000000000000  0.000000000000000  0.000000000000000  0.000000000000000  1.000000000000000  0.000000000000000  0.000000000000000  0.000000000000000  0.000000000000000  0.000000000000000  0.000000000000000  0.081503170953660  1.000000000000000  1.000000000000000 
25.0    S  0.000000000000000  0.000000000000000  0.000000000000000  0.000000000000000  0.000000000000000  0.000000000000000  0.000000000000000  0.000000000000000  0.000000000000000  0.000000000000000  0.000000000000000  0.000000000000000  0.000000000000000  0.000000000000000  0.000000000000000  1.000000000000000  0.000000000000000  0.000000000000000  0.000000000000000  0.000000000000000  0.998614666101029  0.001239522349629  0.000000000000000  1.000000000000000  0.000000000000000  0.000000000000000  0.000000000000000  0.081503170953660  0.500000000000000  1.000000000000000 
26.0    I  0.000000000000000  0.170400325910313  0.000000000000000  0.000000000000000  0.000000000000000  0.000000000000000  0.000000000000000  0.612168196200102  0.000000000000000  0.114149781251499  0.008104843254419  0.000000000000000  0.000000000000000  0.000000000000000  0.000000000000000  0.000000000000000  0.000000000000000  0.095325103328518  0.000000000000000  0.000000000000000  1.000000000000000  0.000000000000000  0.000000000000000  0.000000000000000  0.000000000000000  0.000000000000000  0.000000000000000  0.081559684230560  1.000000000000000  1.000000000000000 
27.0    T  0.179742066605870  0.000000000000000  0.000000000000000  0.026114592466308  0.000000000000000  0.033031813767543  0.000000000000000  0.000000000000000  0.003217152411201  0.000000000000000  0.000000000000000  0.000000000000000  0.000000000000000  0.000000000000000  0.000000000000000  0.097058609375130  0.660669202829133  0.000000000000000  0.000000000000000  0.000000000000000  1.000000000000000  0.000000000000000  0.000000000000000  0.000000000000000  0.000000000000000  0.000000000000000  0.000000000000000  0.081559684230560  1.000000000000000  1.000000000000000 
28.0    I  0.000000000000000  0.000000000000000  0.000000000000000  0.000000000000000  0.000000000000000  0.000000000000000  0.000000000000000  0.735603372927869  0.000000000000000  0.122257934180917  0.003309892324008  0.000000000000000  0.000000000000000  0.000000000000000  0.000000000000000  0.000000000000000  0.000000000000000  0.138792354203580  0.000000000000000  0.000000000000000  1.000000000000000  0.000000000000000  0.000000000000000  0.000000000000000  0.000000000000000  0.000000000000000  0.000000000000000  0.081559684230560  1.000000000000000  1.000000000000000 
29.0    D  0.003634568975402  0.011414409207388  0.891928519420093  0.003022587878012  0.000000000000000  0.040893064732969  0.000000000000000  0.000000000000000  0.000000000000000  0.000000000000000  0.000000000000000  0.005048253244678  0.024774504269071  0.000000000000000  0.000000000000000  0.017385158134138  0.000000000000000  0.000000000000000  0.000000000000000  0.001912930268724  1.000000000000000  0.000000000000000  0.000000000000000  0.000000000000000  0.000000000000000  0.000000000000000  0.000000000000000  0.081559684230560  1.000000000000000  1.000000000000000 
30.0    E  0.101813445383777  0.000000000000000  0.008155561932982  0.288571354379210  0.000000000000000  0.044470733163581  0.000000000000000  0.026114592466308  0.080828058242968  0.014298424501999  0.012744335833422  0.006288797950165  0.125086673432823  0.086809695985319  0.061298687749284  0.078128893911576  0.028320685570854  0.025050791543731  0.000000000000000  0.011998517732048  1.000000000000000  0.000000000000000  0.000000000000000  0.000000000000000  0.000000000000000  0.000000000000000  0.000000000000000  0.081559684230560  1.000000000000000  1.000000000000000 
31.0    D  0.099373156368622  0.000000000000000  0.410086455598363  0.229092161168838  0.003871209231500  0.000000000000000  0.009678505451437  0.004422261336370  0.012753172596108  0.021823102069803  0.000000000000000  0.053215856734309  0.000000000000000  0.017664540111322  0.025400487562010  0.031206708315657  0.027242444985533  0.051940366349603  0.000000000000000  0.002416274372436  1.000000000000000  0.000000000000000  0.000000000000000  0.000000000000000  0.000000000000000  0.000000000000000  0.000000000000000  0.081559684230560  1.000000000000000  1.000000000000000 
32.0    L  0.000000000000000  0.000000000000000  0.000000000000000  0.000000000000000  0.036121459579837  0.000000000000000  0.022467758325734  0.074998211398326  0.000000000000000  0.837406487508427  0.005982648426150  0.000000000000000  0.000000000000000  0.015517070241204  0.000000000000000  0.000000000000000  0.000000000000000  0.000000000000000  0.007249011534932  0.000000000000000  1.000000000000000  0.000000000000000  0.000000000000000  0.000000000000000  0.000000000000000  0.000000000000000  0.000000000000000  0.081559684230560  1.000000000000000  1.000000000000000 
33.0    A  0.015898120189104  0.065335006262823  0.000000000000000  0.000000000000000  0.007609408347994  0.000000000000000  0.000000000000000  0.055322110286222  0.000000000000000  0.492433221447775  0.342220953272960  0.000000000000000  0.000000000000000  0.000000000000000  0.000000000000000  0.000000000000000  0.001895770448769  0.015975445790780  0.000000000000000  0.003298440966499  1.000000000000000  0.000000000000000  0.000000000000000  0.000000000000000  0.000000000000000  0.000000000000000  0.000000000000000  0.080214118597682  1.000000000000000  1.000000000000000 
34.0    K  0.076893209046947  0.000000000000000  0.378929141627600  0.344362511595784  0.000000000000000  0.022143084320441  0.004233304557987  0.004594106446449  0.071248329543341  0.002748766358057  0.000000000000000  0.010387555532670  0.000000000000000  0.018607138271328  0.040218413978165  0.007577827424545  0.013239569296033  0.004739662344721  0.000000000000000  0.000000000000000  1.000000000000000  0.000000000000000  0.000000000000000  0.000000000000000  0.000000000000000  0.000000000000000  0.000000000000000  0.080214118597682  1.000000000000000  1.000000000000000 
35.0    L  0.613017430026578  0.004337261068862  0.002681024279795  0.027988927190339  0.001849050061009  0.003118353071706  0.000000000000000  0.010813669656652  0.103163176064082  0.101954686667376  0.030122806491895  0.001463866798589  0.000000000000000  0.043858491438721  0.026848773592100  0.012922240131926  0.014091802787223  0.001742047889492  0.000000000000000  0.000000000000000  1.000000000000000  0.000000000000000  0.000000000000000  0.000000000000000  0.000000000000000  0.000000000000000  0.000000000000000  0.080214118597682  1.000000000000000  1.000000000000000 
36.0    A  0.679714120953369  0.005269931774764  0.000000000000000  0.000000000000000  0.000000000000000  0.002911543724217  0.000000000000000  0.010152648925433  0.000000000000000  0.012115518849172  0.000000000000000  0.000000000000000  0.000000000000000  0.000000000000000  0.000000000000000  0.150204506190856  0.003860490826175  0.135747732040287  0.000000000000000  0.000000000000000  1.000000000000000  0.000000000000000  0.000000000000000  0.000000000000000  0.000000000000000  0.000000000000000  0.000000000000000  0.080214118597682  1.000000000000000  1.000000000000000 
37.0    K  0.000000000000000  0.000000000000000  0.282828615711475  0.006877023543462  0.000000000000000  0.504525816922341  0.014884968719437  0.000000000000000  0.028537445312875  0.000000000000000  0.000000000000000  0.137261601723381  0.000000000000000  0.011990203875007  0.006896117158521  0.006301888743923  0.000000000000000  0.000000000000000  0.000000000000000  0.000000000000000  1.000000000000000  0.000000000000000  0.000000000000000  0.000000000000000  0.000000000000000  0.000000000000000  0.000000000000000  0.080214118597682  1.000000000000000  1.000000000000000 
38.0    L  0.000000000000000  0.000000000000000  0.000000000000000  0.000000000000000  0.024946824573645  0.000000000000000  0.000000000000000  0.612592665952338  0.000000000000000  0.265539796623843  0.087171479146900  0.000000000000000  0.000000000000000  0.000000000000000  0.000000000000000  0.000000000000000  0.000000000000000  0.009618315729257  0.000000000000000  0.000000000000000  1.000000000000000  0.000000000000000  0.000000000000000  0.000000000000000  0.000000000000000  0.000000000000000  0.000000000000000  0.079825859949712  1.000000000000000  1.000000000000000 
39.0    R  0.026607928367155  0.010026764824710  0.000000000000000  0.004581386520437  0.014407861217385  0.008223680896167  0.037629293163482  0.071001829049168  0.038983299122314  0.430176315305720  0.029056404456661  0.004055231525559  0.000000000000000  0.015082297263621  0.098618355106558  0.009169126392823  0.018645870984871  0.079770548051810  0.046455718263469  0.057511728164055  1.000000000000000  0.000000000000000  0.000000000000000  0.000000000000000  0.000000000000000  0.000000000000000  0.000000000000000  0.079715274479909  1.000000000000000  1.000000000000000 
40.0    E  0.035402621415494  0.000000000000000  0.014013877494719  0.380508345209840  0.000000000000000  0.000000000000000  0.003328297246386  0.016008700359888  0.001781119463906  0.004343277959051  0.002414600118986  0.000000000000000  0.469435873657726  0.016176014435022  0.000000000000000  0.003762741773516  0.007269137950805  0.045626000332954  0.000000000000000  0.000000000000000  1.000000000000000  0.000000000000000  0.000000000000000  0.000000000000000  0.000000000000000  0.000000000000000  0.000000000000000  0.079715274479909  1.000000000000000  1.000000000000000 
41.0    G  0.006223750752231  0.000000000000000  0.000000000000000  0.000000000000000  0.107767943127199  0.255076164812114  0.042570563582515  0.000000000000000  0.000000000000000  0.073658712988230  0.024214247842474  0.165281825642822  0.000000000000000  0.000000000000000  0.000000000000000  0.000000000000000  0.000000000000000  0.000000000000000  0.020775111065339  0.304391504665747  1.000000000000000  0.000000000000000  0.000000000000000  0.000000000000000  0.000000000000000  0.000000000000000  0.000000000000000  0.079715274479909  1.000000000000000  1.000000000000000 
42.0    M  0.006223750752231  0.000000000000000  0.031950891581560  0.873572895916694  0.000000000000000  0.000000000000000  0.000000000000000  0.000000000000000  0.000000000000000  0.000000000000000  0.022158438057492  0.000000000000000  0.000000000000000  0.060078808024298  0.000000000000000  0.000000000000000  0.006275734349664  0.000000000000000  0.000000000000000  0.000000000000000  1.000000000000000  0.000000000000000  0.000000000000000  0.000000000000000  0.000000000000000  0.000000000000000  0.000000000000000  0.079715274479909  1.000000000000000  1.000000000000000 
43.0    K  0.063680699788545  0.000000000000000  0.000000000000000  0.045154074935110  0.051367511705928  0.000000000000000  0.008144263756571  0.018801609781242  0.334481888696528  0.042836962655616  0.034220389712299  0.000000000000000  0.000000000000000  0.240315232097190  0.134716643130459  0.014140725982545  0.000000000000000  0.004120399676047  0.000000000000000  0.008082402980616  1.000000000000000  0.000000000000000  0.000000000000000  0.000000000000000  0.000000000000000  0.000000000000000  0.000000000000000  0.079715274479909  1.000000000000000  1.000000000000000 
44.0    V  0.000000000000000  0.000000000000000  0.000000000000000  0.000000000000000  0.000000000000000  0.000000000000000  0.000000000000000  0.197236710213116  0.000000000000000  0.010315803445430  0.000000000000000  0.000000000000000  0.000000000000000  0.000000000000000  0.000000000000000  0.000000000000000  0.000000000000000  0.792234810924969  0.000000000000000  0.000000000000000  1.000000000000000  0.000000000000000  0.000000000000000  0.000000000000000  0.000000000000000  0.000000000000000  0.000000000000000  0.079715274479909  1.000000000000000  1.000000000000000 
45.0    E  0.027280237222930  0.003621994322014  0.210369870571345  0.093557686674543  0.011359160291565  0.004304316858893  0.118585539392557  0.000000000000000  0.002355093413459  0.088818252698835  0.005778857458003  0.017050998078983  0.000000000000000  0.278934830581241  0.000000000000000  0.070560275300383  0.018211581220852  0.007391075365044  0.015603354157829  0.026223426159579  1.000000000000000  0.000000000000000  0.000000000000000  0.000000000000000  0.000000000000000  0.000000000000000  0.000000000000000  0.079715274479909  1.000000000000000  1.000000000000000 
46.0    I  0.000000000000000  0.010380357922629  0.000000000000000  0.000000000000000  0.000000000000000  0.000000000000000  0.000000000000000  0.527045711645369  0.000000000000000  0.015887104270187  0.003985565075189  0.000000000000000  0.000000000000000  0.000000000000000  0.000000000000000  0.000000000000000  0.000000000000000  0.442883759551180  0.000000000000000  0.000000000000000  1.000000000000000  0.000000000000000  0.000000000000000  0.000000000000000  0.000000000000000  0.000000000000000  0.000000000000000  0.079715274479909  1.000000000000000  1.000000000000000 
47.0    V  0.048664043191354  0.005912565597537  0.005782864445313  0.000000000000000  0.011288518733778  0.009820416988452  0.000000000000000  0.045468146363586  0.000000000000000  0.048428495684948  0.001242102545648  0.011312016971715  0.000000000000000  0.000000000000000  0.000000000000000  0.019196671569463  0.034578042284134  0.418993567333974  0.135653671485226  0.203626890767554  1.000000000000000  0.000000000000000  0.000000000000000  0.000000000000000  0.000000000000000  0.000000000000000  0.000000000000000  0.079770548051810  1.000000000000000  1.000000000000000 
48.0    D  0.000000000000000  0.000000000000000  0.225468844595562  0.000000000000000  0.000000000000000  0.000000000000000  0.000000000000000  0.000000000000000  0.000000000000000  0.000000000000000  0.000000000000000  0.727490341817379  0.000000000000000  0.000000000000000  0.000000000000000  0.041263213781719  0.000000000000000  0.005640348420010  0.000000000000000  0.000000000000000  1.000000000000000  0.000000000000000  0.000000000000000  0.000000000000000  0.000000000000000  0.000000000000000  0.000000000000000  0.079770548051810  1.000000000000000  1.000000000000000 
49.0    V  0.006206518750751  0.008263679403269  0.000000000000000  0.000000000000000  0.000000000000000  0.000000000000000  0.000000000000000  0.260977981855430  0.065471007943737  0.147011406286371  0.021433332634228  0.140632310586101  0.000000000000000  0.003388822996688  0.008777342992435  0.000000000000000  0.000000000000000  0.337743521133909  0.000000000000000  0.000000000000000  1.000000000000000  0.000000000000000  0.000000000000000  0.000000000000000  0.000000000000000  0.000000000000000  0.000000000000000  0.079770548051810  1.000000000000000  1.000000000000000 
50.0    N  0.038287041622021  0.000000000000000  0.110567554416443  0.043075161030488  0.002353461552724  0.000000000000000  0.013148116910709  0.000000000000000  0.000000000000000  0.000000000000000  0.004759415092481  0.439519780455894  0.006223750752231  0.013322420183874  0.006091444082901  0.062025273417864  0.259175275254930  0.000000000000000  0.000000000000000  0.001522861020725  1.000000000000000  0.000000000000000  0.000000000000000  0.000000000000000  0.000000000000000  0.000000000000000  0.000000000000000  0.079770548051810  1.000000000000000  1.000000000000000 
51.0    N  0.007385954037115  0.000000000000000  0.000000000000000  0.000000000000000  0.000000000000000  0.004543437662296  0.000000000000000  0.000000000000000  0.000000000000000  0.000000000000000  0.000000000000000  0.813943185070435  0.000000000000000  0.002268571742042  0.011517728260087  0.104096971360069  0.053623158151793  0.000000000000000  0.000000000000000  0.002624030128362  1.000000000000000  0.000000000000000  0.000000000000000  0.000000000000000  0.000000000000000  0.000000000000000  0.000000000000000  0.079770548051810  1.000000000000000  1.000000000000000 
52.0    G  0.034363004666080  0.000000000000000  0.024705909893873  0.000000000000000  0.000000000000000  0.920825697205040  0.000000000000000  0.000000000000000  0.000000000000000  0.000000000000000  0.000000000000000  0.014338123161115  0.000000000000000  0.000000000000000  0.000000000000000  0.005782864445313  0.000000000000000  0.000000000000000  0.000000000000000  0.000000000000000  1.000000000000000  0.000000000000000  0.000000000000000  0.000000000000000  0.000000000000000  0.000000000000000  0.000000000000000  0.079770548051810  1.000000000000000  1.000000000000000 
53.0    E  0.315125847895746  0.000000000000000  0.005463344073197  0.306721244313451  0.000000000000000  0.001962624649265  0.009712106788312  0.015560152392101  0.027584468634083  0.006206518750751  0.008161216897377  0.117277649562584  0.000000000000000  0.055322110286222  0.000000000000000  0.057233355401133  0.046973796189549  0.026681803574726  0.000000000000000  0.000000000000000  1.000000000000000  0.000000000000000  0.000000000000000  0.000000000000000  0.000000000000000  0.000000000000000  0.000000000000000  0.079770548051810  1.000000000000000  1.000000000000000 
54.0    R  0.000000000000000  0.010821167719617  0.000000000000000  0.000000000000000  0.000000000000000  0.000000000000000  0.008443167203432  0.000000000000000  0.000000000000000  0.012352954946937  0.000000000000000  0.000000000000000  0.000000000000000  0.000000000000000  0.962594443101751  0.005531935305526  0.000000000000000  0.000000000000000  0.000000000000000  0.000000000000000  1.000000000000000  0.000000000000000  0.000000000000000  0.000000000000000  0.000000000000000  0.000000000000000  0.000000000000000  0.079770548051810  1.000000000000000  1.000000000000000 
55.0    F  0.000000000000000  0.000000000000000  0.000000000000000  0.000000000000000  0.526680517977418  0.006206518750751  0.000000000000000  0.085318357367823  0.000000000000000  0.322640622612945  0.002182201441547  0.000000000000000  0.000000000000000  0.000000000000000  0.000000000000000  0.000000000000000  0.000000000000000  0.009551877169469  0.047267749915124  0.000000000000000  1.000000000000000  0.000000000000000  0.000000000000000  0.000000000000000  0.000000000000000  0.000000000000000  0.000000000000000  0.079770548051810  1.000000000000000  1.000000000000000 
56.0    S  0.022939853688033  0.000000000000000  0.016481598704188  0.441657525740733  0.000000000000000  0.000000000000000  0.006693609021629  0.025916235806701  0.004456108265111  0.011171757705951  0.003757529119784  0.000000000000000  0.000000000000000  0.019846109102169  0.009061716050824  0.241149546146035  0.134903529563053  0.061810682273808  0.000000000000000  0.000000000000000  1.000000000000000  0.000000000000000  0.000000000000000  0.000000000000000  0.000000000000000  0.000000000000000  0.000000000000000  0.079770548051810  1.000000000000000  1.000000000000000 
57.0    T  0.014338123161115  0.000000000000000  0.000000000000000  0.000000000000000  0.000000000000000  0.000000000000000  0.000000000000000  0.000000000000000  0.000000000000000  0.000000000000000  0.000000000000000  0.000000000000000  0.000000000000000  0.000000000000000  0.000000000000000  0.000000000000000  0.985549336939371  0.000000000000000  0.000000000000000  0.000000000000000  1.000000000000000  0.000000000000000  0.000000000000000  0.000000000000000  0.000000000000000  0.000000000000000  0.000000000000000  0.079770548051810  1.000000000000000  1.000000000000000 
58.0    Y  0.000000000000000  0.000000000000000  0.000000000000000  0.021448194238358  0.000000000000000  0.000000000000000  0.000000000000000  0.000000000000000  0.000000000000000  0.000000000000000  0.000000000000000  0.000000000000000  0.000000000000000  0.000000000000000  0.000000000000000  0.000000000000000  0.000000000000000  0.017591227908387  0.000000000000000  0.961260928388761  1.000000000000000  0.000000000000000  0.000000000000000  0.000000000000000  0.000000000000000  0.000000000000000  0.000000000000000  0.079770548051810  1.000000000000000  1.000000000000000 
59.0    V  0.331481440074665  0.002231145013376  0.000000000000000  0.000000000000000  0.000000000000000  0.000000000000000  0.000000000000000  0.079439480581604  0.000000000000000  0.015197733553317  0.000000000000000  0.000000000000000  0.000000000000000  0.000000000000000  0.000000000000000  0.000000000000000  0.115103212150630  0.456599125005996  0.000000000000000  0.000000000000000  1.000000000000000  0.000000000000000  0.000000000000000  0.000000000000000  0.000000000000000  0.000000000000000  0.000000000000000  0.079770548051810  1.000000000000000  1.000000000000000 
60.0    I  0.000000000000000  0.000000000000000  0.000000000000000  0.000000000000000  0.007987722895390  0.000000000000000  0.000000000000000  0.890692900606681  0.000000000000000  0.072343138561883  0.006867496569623  0.000000000000000  0.000000000000000  0.000000000000000  0.000000000000000  0.000000000000000  0.010821167719617  0.011343424061749  0.000000000000000  0.000000000000000  1.000000000000000  0.000000000000000  0.000000000000000  0.000000000000000  0.000000000000000  0.000000000000000  0.000000000000000  0.079770548051810  1.000000000000000  1.000000000000000 
61.0    L  0.136030305208850  0.003440895992684  0.004947790053606  0.146706022285169  0.024688790995731  0.000000000000000  0.010821167719617  0.003652246866217  0.151249261152412  0.045531222309313  0.004440691301703  0.006167920989848  0.233096621609208  0.007254037908646  0.103808753011362  0.027016788478371  0.045847917005229  0.017542522219900  0.001733615893104  0.025970183174801  0.998614666101029  0.000000000000000  0.001524973618374  0.000000000000000  0.000000000000000  0.000000000000000  0.000000000000000  0.079770548051810  1.000000000000000  1.000000000000000 
62.0    G  0.163685677885446  0.000000000000000  0.008454880035357  0.012149156810665  0.000000000000000  0.792234810924969  0.000000000000000  0.000000000000000  0.000000000000000  0.000000000000000  0.000000000000000  0.000000000000000  0.000000000000000  0.000000000000000  0.000000000000000  0.020489093972119  0.003179465566681  0.000000000000000  0.000000000000000  0.000000000000000  0.963261894020148  0.011662331119507  0.025365299405540  1.000000000000000  0.000000000000000  1.000000000000000  0.000000000000000  0.079715274479909  0.489710148793463  0.500000000000000 
63.0    K  0.051581588032041  0.000000000000000  0.037733768483953  0.484309094613314  0.000000000000000  0.003266587499664  0.004648561313698  0.039308905369876  0.121245238792717  0.004856053394156  0.000000000000000  0.000000000000000  0.162780523696129  0.039091533753540  0.016504462896123  0.010746420454217  0.012824087637664  0.011040887842834  0.000000000000000  0.000000000000000  0.958599438492977  0.000000000000000  0.041521431690516  0.000000000000000  0.000000000000000  0.771105412703970  0.228774792031982  0.080325396091836  1.000000000000000  0.476979775273779 
64.0    K  0.166085726762064  0.000000000000000  0.018607138271328  0.059169601952295  0.000000000000000  0.005628631831398  0.010503398391817  0.000000000000000  0.066063627535086  0.000000000000000  0.000000000000000  0.006763566918122  0.133046272806670  0.020688889224928  0.486664687079119  0.011792390379067  0.007345110957103  0.000000000000000  0.007604135735611  0.000000000000000  0.040978187944239  0.935623497831400  0.023438109207591  0.990342871933025  0.009888723390393  1.000000000000000  0.000000000000000  0.082013203411998  0.097058609375130  0.455334916795989 
65.0    R  0.015399208389678  0.000000000000000  0.009732323559137  0.043767385027725  0.000000000000000  0.021433332634228  0.000000000000000  0.000000000000000  0.034172983046395  0.002976845371757  0.000000000000000  0.002102031493718  0.012877532577394  0.014978116226453  0.005667782061852  0.758383772687221  0.078237278665875  0.000000000000000  0.000000000000000  0.000000000000000  0.984184022033800  0.000000000000000  0.015560152392101  0.500000000000000  0.500000000000000  0.744838731561351  0.254899420749548  0.081786129465938  0.499307333050514  0.476318999021969 
66.0    G  0.000000000000000  0.000000000000000  0.000000000000000  0.000000000000000  0.000000000000000  0.739181215636921  0.006328152137750  0.000000000000000  0.074790560201920  0.000000000000000  0.000000000000000  0.033539383949795  0.000000000000000  0.000000000000000  0.124653906419009  0.008555097428075  0.007604135735611  0.000000000000000  0.000000000000000  0.005122273493030  0.996540262827868  0.003291589177747  0.000000000000000  1.000000000000000  0.000000000000000  0.173378871141423  0.826450318154212  0.080102995260012  0.498270131413934  0.479964630519454 
67.0    E  0.015061403245948  0.046746429948825  0.034578042284134  0.167472950303480  0.000000000000000  0.012682649702770  0.001970803972353  0.165625877130651  0.026774436086518  0.004313276746731  0.071594868623735  0.009854511006494  0.000000000000000  0.034722147770472  0.010315803445430  0.016164805961233  0.086269834587289  0.295862755438143  0.000000000000000  0.000000000000000  0.988285651500733  0.011501772360689  0.000000000000000  1.000000000000000  0.000000000000000  1.000000000000000  0.000000000000000  0.080158537672641  0.490729531926740  0.483638164806966 
68.0    I  0.000000000000000  0.054484889971066  0.000000000000000  0.000000000000000  0.024281477149502  0.000000000000000  0.000000000000000  0.735603372927869  0.000000000000000  0.016187230680625  0.020404059173264  0.000000000000000  0.000000000000000  0.000000000000000  0.005482311429840  0.000000000000000  0.000000000000000  0.143388378028271  0.000000000000000  0.000000000000000  1.000000000000000  0.000000000000000  0.000000000000000  0.000000000000000  0.000000000000000  0.000000000000000  1.000000000000000  0.081446696835206  1.000000000000000  0.490729531926740 
69.0    C  0.025190088484155  0.437695664847132  0.000000000000000  0.024808872841614  0.000000000000000  0.143289023216047  0.000000000000000  0.050800975124020  0.002424663069387  0.016550286479436  0.000000000000000  0.008826150113829  0.000000000000000  0.042541066140609  0.006867496569623  0.184411432135355  0.015145153389610  0.041349107497129  0.000000000000000  0.000000000000000  0.994470168673214  0.005539609514373  0.000000000000000  0.500000000000000  0.500000000000000  1.000000000000000  0.000000000000000  0.081390261848064  0.485317234884773  0.490729531926740 
70.0    V  0.013230395505664  0.000000000000000  0.000000000000000  0.000000000000000  0.000000000000000  0.000000000000000  0.000000000000000  0.184155960727060  0.000000000000000  0.569986636346731  0.035624164771671  0.000000000000000  0.028875705388963  0.000000000000000  0.000000000000000  0.000000000000000  0.000000000000000  0.168054374269078  0.000000000000000  0.000000000000000  1.000000000000000  0.000000000000000  0.000000000000000  0.000000000000000  0.000000000000000  0.000000000000000  0.000000000000000  0.080772051914843  1.000000000000000  1.000000000000000 
71.0    N  0.000000000000000  0.000000000000000  0.000000000000000  0.000000000000000  0.000000000000000  0.000000000000000  0.000000000000000  0.000000000000000  0.000000000000000  0.000000000000000  0.000000000000000  0.982139595263391  0.000000000000000  0.000000000000000  0.010467059393968  0.000000000000000  0.000000000000000  0.000000000000000  0.000000000000000  0.007329853097661  1.000000000000000  0.000000000000000  0.000000000000000  0.000000000000000  0.000000000000000  0.000000000000000  0.000000000000000  0.080772051914843  1.000000000000000  1.000000000000000 
72.0    G  0.000000000000000  0.000000000000000  0.000000000000000  0.000000000000000  0.000000000000000  1.000000000000000  0.000000000000000  0.000000000000000  0.000000000000000  0.000000000000000  0.000000000000000  0.000000000000000  0.000000000000000  0.000000000000000  0.000000000000000  0.000000000000000  0.000000000000000  0.000000000000000  0.000000000000000  0.000000000000000  1.000000000000000  0.000000000000000  0.000000000000000  0.000000000000000  0.000000000000000  0.000000000000000  0.000000000000000  0.080772051914843  1.000000000000000  1.000000000000000 
73.0    A  0.800514810656303  0.000000000000000  0.026296233821418  0.000000000000000  0.000000000000000  0.051868411599374  0.000000000000000  0.000000000000000  0.014338123161115  0.000000000000000  0.000000000000000  0.000000000000000  0.074119656213184  0.000000000000000  0.000000000000000  0.023765293019391  0.008924580053504  0.000000000000000  0.000000000000000  0.000000000000000  1.000000000000000  0.000000000000000  0.000000000000000  0.000000000000000  0.000000000000000  0.000000000000000  0.000000000000000  0.080716084393896  1.000000000000000  1.000000000000000 
74.0    A  0.895645670090849  0.002279605667614  0.000000000000000  0.000000000000000  0.000000000000000  0.012913286221160  0.000000000000000  0.000000000000000  0.000000000000000  0.000000000000000  0.006232384686008  0.026296233821418  0.022020636799094  0.000000000000000  0.000000000000000  0.006116830439504  0.014043048853297  0.000000000000000  0.000000000000000  0.014338123161115  1.000000000000000  0.000000000000000  0.000000000000000  0.000000000000000  0.000000000000000  0.000000000000000  0.000000000000000  0.080716084393896  1.000000000000000  1.000000000000000 
75.0    A  0.927873476471283  0.000000000000000  0.000000000000000  0.000000000000000  0.000000000000000  0.000000000000000  0.000000000000000  0.000000000000000  0.000000000000000  0.000000000000000  0.000000000000000  0.000000000000000  0.000000000000000  0.000000000000000  0.000000000000000  0.031380235726218  0.000000000000000  0.040638754579640  0.000000000000000  0.000000000000000  1.000000000000000  0.000000000000000  0.000000000000000  0.000000000000000  0.000000000000000  0.000000000000000  0.000000000000000  0.080716084393896  1.000000000000000  1.000000000000000 
76.0    R  0.000000000000000  0.000000000000000  0.000000000000000  0.000000000000000  0.000000000000000  0.000000000000000  0.327598350964591  0.000000000000000  0.011597840395539  0.031185084968720  0.000000000000000  0.000000000000000  0.000000000000000  0.000000000000000  0.629378586752429  0.000000000000000  0.000000000000000  0.000000000000000  0.000000000000000  0.000000000000000  1.000000000000000  0.000000000000000  0.000000000000000  0.000000000000000  0.000000000000000  0.000000000000000  0.000000000000000  0.080716084393896  1.000000000000000  1.000000000000000 
77.0    K  0.003817913150042  0.062197482613755  0.000000000000000  0.001961264732889  0.000000000000000  0.000000000000000  0.056759276107594  0.000000000000000  0.191976283712762  0.496546247718518  0.024365776331604  0.000000000000000  0.000000000000000  0.011857962913860  0.061511501377113  0.003168465451473  0.051796556530500  0.000000000000000  0.004822510183178  0.029319412390646  1.000000000000000  0.000000000000000  0.000000000000000  0.000000000000000  0.000000000000000  0.000000000000000  0.000000000000000  0.080716084393896  1.000000000000000  1.000000000000000 
78.0    V  0.267943365634073  0.098209064583448  0.000000000000000  0.000000000000000  0.059622471909222  0.115422788841174  0.000000000000000  0.073048578035078  0.000000000000000  0.000000000000000  0.003305307017970  0.009705377201441  0.000000000000000  0.000000000000000  0.000000000000000  0.000000000000000  0.005999258866024  0.360482217865056  0.006228066222973  0.000000000000000  1.000000000000000  0.000000000000000  0.000000000000000  0.000000000000000  0.000000000000000  0.000000000000000  0.000000000000000  0.080716084393896  1.000000000000000  1.000000000000000 
79.0    A  0.093428078039684  0.029873291174804  0.015441963304699  0.090621677054928  0.000000000000000  0.017421347167620  0.109803808529795  0.002319452472800  0.106063487713237  0.022908074331081  0.015377875344278  0.038526635170744  0.000000000000000  0.293615492803413  0.031445556984306  0.097530685021713  0.025683755852964  0.010005936416639  0.000000000000000  0.000000000000000  1.000000000000000  0.000000000000000  0.000000000000000  0.000000000000000  0.000000000000000  0.000000000000000  0.000000000000000  0.080716084393896  1.000000000000000  1.000000000000000 
80.0    I  0.035896823593657  0.000000000000000  0.000000000000000  0.036701936600427  0.000000000000000  0.000000000000000  0.000000000000000  0.060496689180859  0.140242935066311  0.027950153180706  0.000000000000000  0.000000000000000  0.360232437209480  0.026168952734638  0.019777446780786  0.005129379396188  0.041006601705999  0.243163736853071  0.000000000000000  0.003230560032982  0.993781093322555  0.006228066222973  0.000000000000000  0.500000000000000  0.500000000000000  0.000000000000000  0.000000000000000  0.080716084393896  0.490729531926740  1.000000000000000 
81.0    G  0.000000000000000  0.000000000000000  0.060580613558442  0.006398724202030  0.000000000000000  0.898132372883934  0.003518070233781  0.000000000000000  0.003510762213324  0.000000000000000  0.000000000000000  0.016792955825867  0.000000000000000  0.007340021478234  0.000000000000000  0.003562238927812  0.000000000000000  0.000000000000000  0.000000000000000  0.000000000000000  1.000000000000000  0.000000000000000  0.000000000000000  0.000000000000000  0.000000000000000  0.000000000000000  0.000000000000000  0.080716084393896  1.000000000000000  1.000000000000000 
82.0    D  0.000000000000000  0.000000000000000  0.936921446872426  0.029096713119695  0.000000000000000  0.000000000000000  0.014548356559847  0.000000000000000  0.000000000000000  0.000000000000000  0.000000000000000  0.003056296022408  0.000000000000000  0.016356410655853  0.000000000000000  0.000000000000000  0.000000000000000  0.000000000000000  0.000000000000000  0.000000000000000  1.000000000000000  0.000000000000000  0.000000000000000  0.000000000000000  0.000000000000000  0.000000000000000  0.000000000000000  0.080716084393896  1.000000000000000  1.000000000000000 
83.0    V  0.000000000000000  0.001890521536902  0.004103299000042  0.076415017355754  0.002582528525669  0.000000000000000  0.018568486016515  0.121497623497669  0.121161227116883  0.229092161168838  0.027603595358796  0.002664351239999  0.015953314464175  0.054522669110672  0.161992620679167  0.000000000000000  0.071893243334413  0.090245574720156  0.000000000000000  0.000000000000000  1.000000000000000  0.000000000000000  0.000000000000000  0.000000000000000  0.000000000000000  0.000000000000000  0.000000000000000  0.080716084393896  1.000000000000000  1.000000000000000 
84.0    V  0.006301888743923  0.000000000000000  0.000000000000000  0.000000000000000  0.000000000000000  0.000000000000000  0.000000000000000  0.289573201548661  0.000000000000000  0.174705871481383  0.012335841979696  0.000000000000000  0.000000000000000  0.000000000000000  0.000000000000000  0.000000000000000  0.000000000000000  0.516915368123982  0.000000000000000  0.000000000000000  1.000000000000000  0.000000000000000  0.000000000000000  0.000000000000000  0.000000000000000  0.000000000000000  0.000000000000000  0.080716084393896  1.000000000000000  1.000000000000000 
85.0    I  0.000000000000000  0.000000000000000  0.000000000000000  0.000000000000000  0.011509747545441  0.000000000000000  0.011743449047387  0.927873476471283  0.000000000000000  0.002960383918966  0.000000000000000  0.000000000000000  0.000000000000000  0.000000000000000  0.000000000000000  0.000000000000000  0.014278616409834  0.031576607702711  0.000000000000000  0.000000000000000  1.000000000000000  0.000000000000000  0.000000000000000  0.000000000000000  0.000000000000000  0.000000000000000  0.000000000000000  0.081108672933699  1.000000000000000  1.000000000000000 
86.0    I  0.000000000000000  0.000000000000000  0.000000000000000  0.000000000000000  0.000000000000000  0.000000000000000  0.000000000000000  0.780786492607391  0.000000000000000  0.081956375888478  0.003860490826175  0.000000000000000  0.000000000000000  0.000000000000000  0.000000000000000  0.000000000000000  0.000000000000000  0.133230842008493  0.000000000000000  0.000000000000000  1.000000000000000  0.000000000000000  0.000000000000000  0.000000000000000  0.000000000000000  0.000000000000000  0.000000000000000  0.081108672933699  1.000000000000000  1.000000000000000 
87.0    L  0.181872585454345  0.115422788841174  0.000000000000000  0.000000000000000  0.029096713119695  0.000000000000000  0.000000000000000  0.226094844390272  0.000000000000000  0.099718154976129  0.258816230960344  0.000000000000000  0.000000000000000  0.000000000000000  0.000000000000000  0.011727180449331  0.002921651871802  0.054221167947004  0.009175484150107  0.010949433195943  1.000000000000000  0.000000000000000  0.000000000000000  0.000000000000000  0.000000000000000  0.000000000000000  0.000000000000000  0.081108672933699  1.000000000000000  1.000000000000000 
88.0    A  0.414085330667273  0.026607928367155  0.000000000000000  0.000000000000000  0.000000000000000  0.052556025953357  0.000000000000000  0.000000000000000  0.000000000000000  0.000000000000000  0.000000000000000  0.031077192771038  0.000000000000000  0.000000000000000  0.000000000000000  0.341510064188599  0.124913386623807  0.009239304689407  0.000000000000000  0.000000000000000  0.997231251352069  0.002743056397926  0.000000000000000  1.000000000000000  0.000000000000000  0.000000000000000  0.000000000000000  0.081108672933699  0.498961359499525  1.000000000000000 
89.0    Y  0.006376586298054  0.000000000000000  0.000000000000000  0.000000000000000  0.190650206657036  0.000000000000000  0.000000000000000  0.000000000000000  0.000000000000000  0.004215735298845  0.004590923157890  0.012525395771866  0.000000000000000  0.000000000000000  0.000000000000000  0.034267862143372  0.008223680896167  0.005433132701992  0.008121714337307  0.725476103917089  1.000000000000000  0.000000000000000  0.000000000000000  0.000000000000000  0.000000000000000  0.000000000000000  0.000000000000000  0.081108672933699  1.000000000000000  1.000000000000000 
90.0    A  0.431969093700139  0.049583365199446  0.011759740214149  0.072393300387165  0.002743056397926  0.189858961226816  0.007223931860263  0.018287478773040  0.009604991150426  0.007683609953330  0.005847355417159  0.000000000000000  0.000000000000000  0.008240799352094  0.027911432886024  0.045060277233132  0.027680234971949  0.084260483233566  0.000000000000000  0.000000000000000  0.984866442895551  0.009518830184962  0.005395603313062  1.000000000000000  0.000000000000000  0.000000000000000  0.000000000000000  0.081108672933699  0.492774668469685  1.000000000000000 
91.0    S  0.011272880366106  0.006202218210404  0.043194756454018  0.053400608805608  0.022671128247409  0.020919613390288  0.056523711097568  0.030969673852002  0.000000000000000  0.134997069979110  0.088510964888409  0.036880448229256  0.013461658745500  0.228616272374975  0.008099227351717  0.049997508020797  0.040610595701733  0.045279442329840  0.044594203303684  0.063769041203029  0.955282936382437  0.000000000000000  0.044625124365158  0.000000000000000  0.000000000000000  1.000000000000000  0.000000000000000  0.081333865965121  1.000000000000000  0.496890546661277 
92.0    M  0.006758880395195  0.040610595701733  0.000000000000000  0.000000000000000  0.087111077417967  0.002587904330166  0.000000000000000  0.125520942904872  0.000000000000000  0.169106028881284  0.240481863666194  0.000000000000000  0.000000000000000  0.000000000000000  0.014358013804360  0.006624374723696  0.011249463425896  0.178872065002864  0.000000000000000  0.116790918360398  0.995159721820083  0.000000000000000  0.005065779510356  0.000000000000000  0.000000000000000  0.000000000000000  1.000000000000000  0.083736475151740  1.000000000000000  0.459456441739525 
93.0    N  0.058720171825876  0.000000000000000  0.277584708407160  0.139370777340962  0.000000000000000  0.004163463812765  0.007380836257791  0.000000000000000  0.015303442149796  0.009049162548396  0.000000000000000  0.067592172717726  0.099580012035698  0.004370457425921  0.014219356626264  0.122682382981685  0.167240944348264  0.012638771068152  0.000000000000000  0.000000000000000  0.960594863953477  0.023715925827720  0.015441963304699  1.000000000000000  0.000000000000000  0.021762679385454  0.978063473447339  0.083852639055141  0.479964630519454  0.455019412040450 
94.0    E  0.076203443379769  0.000000000000000  0.164140140678019  0.409802303818759  0.023131457781251  0.011280696840020  0.006977858221506  0.008093615340313  0.015271652600169  0.021433332634228  0.012508043916505  0.017397212784823  0.111955708761356  0.016839580391307  0.044102370106522  0.017849160107009  0.019357010902874  0.016804599850897  0.000000000000000  0.006848482197782  0.995849753094458  0.000000000000000  0.003958034766246  0.000000000000000  0.000000000000000  0.000000000000000  1.000000000000000  0.084435880283477  1.000000000000000  0.444113397921202 
95.0    D  0.169458040850000  0.000000000000000  0.133323222603971  0.377095019171645  0.000000000000000  0.021388809579560  0.004958089398515  0.004930672000438  0.061682284117865  0.008032139270751  0.000000000000000  0.020963159763785  0.016153605253874  0.046198825977308  0.025471010387582  0.060203868376259  0.033796086358863  0.014568538850576  0.000000000000000  0.001694411498344  1.000000000000000  0.000000000000000  0.000000000000000  1.000000000000000  0.000000000000000  0.874178620410373  0.126044056861824  0.084611642440779  0.498615625676035  0.441963765531836 
96.0    E  0.022734073181793  0.000000000000000  0.085082132281217  0.670821112441131  0.000000000000000  0.000000000000000  0.023486898094774  0.004434539461508  0.041263213781719  0.005597506446770  0.000000000000000  0.020291228167654  0.007905103133023  0.025719385789960  0.019064070473003  0.044904380517002  0.017799740269096  0.008728805766189  0.000000000000000  0.002234240182039  0.942131273904809  0.019984149707460  0.038154578520910  0.778624691061662  0.221441879775590  0.000000000000000  1.000000000000000  0.081221191403465  0.482968164462423  0.494142825750366 
97.0    I  0.416965521912482  0.013994463595170  0.027431931175297  0.013574096642978  0.000000000000000  0.004010506037969  0.009290680585959  0.139564120247822  0.000000000000000  0.195061370043426  0.019024469041609  0.004169239601719  0.014121136355486  0.007396200244037  0.008930768245422  0.010337276874282  0.004397806977097  0.101531549544529  0.004286452881169  0.006032618227280  0.979420297586927  0.020389921057640  0.000000000000000  0.576343173399432  0.423666217473059  0.129408115480172  0.870550563296124  0.082640912821411  0.482299092292069  0.458502021602336 
98.0    N  0.147726443366796  0.002438145603323  0.044163551371335  0.086930123231874  0.000000000000000  0.012586317047637  0.011727180449331  0.014130927774392  0.242995246995338  0.016345077184258  0.000000000000000  0.047794883683837  0.049824529783784  0.025137761591935  0.195738574064136  0.035772630018709  0.018529914053296  0.023503183615448  0.000000000000000  0.024723040662045  0.964598184584138  0.025102937398657  0.010019817209080  0.599569956895556  0.400257405328151  1.000000000000000  0.000000000000000  0.082354996983384  0.478635729097649  0.463936738235641 
99.0    A  0.073914437515259  0.002164125679424  0.071198961076382  0.069156084568267  0.002029021686128  0.105257869201052  0.025242524300300  0.007478683267151  0.080102995260012  0.016288527513143  0.001572199487541  0.112969090843886  0.039968299414920  0.054071043161562  0.066430979647410  0.087231922757635  0.160205990520024  0.014268722656437  0.000000000000000  0.010474317121721  0.997922718999051  0.002248221662750  0.000000000000000  1.000000000000000  0.000000000000000  1.000000000000000  0.000000000000000  0.081842838942723  0.489710148793463  0.483973513446869 
100.0    H  0.011533706294397  0.000000000000000  0.000000000000000  0.000000000000000  0.216584214100022  0.001152514007164  0.338446569763115  0.050240686921447  0.009322935492435  0.070316155293051  0.003562238927812  0.004886441719192  0.006707542472170  0.006810611246383  0.025312608551001  0.003823209571865  0.003280201144313  0.017493951385222  0.056562903930182  0.173860246463749  1.000000000000000  0.000000000000000  0.000000000000000  0.000000000000000  0.000000000000000  0.000000000000000  0.000000000000000  0.080996310339583  1.000000000000000  1.000000000000000 
101.0    K  0.057511728164055  0.001658391106341  0.013359409029562  0.083446768955994  0.004762715211236  0.002789070272822  0.046487930076078  0.031973045929201  0.359484133211739  0.008602668735140  0.000000000000000  0.022158438057492  0.006679704514781  0.106431713468618  0.109575715164504  0.047927583114784  0.037707622491274  0.055822865772048  0.000000000000000  0.003741934446182  1.000000000000000  0.000000000000000  0.000000000000000  0.000000000000000  0.000000000000000  0.000000000000000  0.000000000000000  0.080996310339583  1.000000000000000  1.000000000000000 
102.0    P  0.063328556259943  0.004716721060494  0.000000000000000  0.000000000000000  0.000000000000000  0.009779659833234  0.000000000000000  0.000000000000000  0.000000000000000  0.002285934846630  0.000000000000000  0.000000000000000  0.837406487508427  0.002342070144123  0.000000000000000  0.012595044242078  0.052192994964273  0.015452670568452  0.000000000000000  0.000000000000000  1.000000000000000  0.000000000000000  0.000000000000000  0.000000000000000  0.000000000000000  0.000000000000000  0.000000000000000  0.080996310339583  1.000000000000000  1.000000000000000 
103.0    C  0.023276210361292  0.010131559020711  0.005501344636375  0.001678048349506  0.003695537682522  0.000000000000000  0.034078366645789  0.013840117485974  0.314907494986850  0.017627845897758  0.019681718436678  0.050942020775164  0.009525430422471  0.042836962655616  0.222210670291643  0.046811279200756  0.130217928626028  0.031950891581560  0.004927255503247  0.016086563803656  1.000000000000000  0.000000000000000  0.000000000000000  0.000000000000000  0.000000000000000  0.000000000000000  0.000000000000000  0.080996310339583  1.000000000000000  1.000000000000000 
104.0    I  0.006619784648017  0.005369487092078  0.000000000000000  0.000000000000000  0.008943157504677  0.000000000000000  0.000000000000000  0.181494784987987  0.014558444207887  0.192109397661002  0.011156281091290  0.000000000000000  0.000000000000000  0.000000000000000  0.007334935525902  0.000000000000000  0.012779719664965  0.559806444327120  0.000000000000000  0.000000000000000  1.000000000000000  0.000000000000000  0.000000000000000  0.000000000000000  0.000000000000000  0.000000000000000  0.000000000000000  0.080996310339583  1.000000000000000  1.000000000000000 
105.0    V  0.067545337627459  0.008722757515489  0.000000000000000  0.000000000000000  0.005328702479997  0.000000000000000  0.000000000000000  0.160094982666221  0.000000000000000  0.118175264593843  0.000000000000000  0.000000000000000  0.003847134542561  0.000000000000000  0.000000000000000  0.000000000000000  0.003503469373680  0.632878296985140  0.000000000000000  0.000000000000000  0.990342871933025  0.009525430422471  0.000000000000000  1.000000000000000  0.000000000000000  0.000000000000000  0.000000000000000  0.080996310339583  0.492774668469685  1.000000000000000 
106.0    L  0.012560171730362  0.000000000000000  0.011573748422034  0.000000000000000  0.282436803642531  0.000000000000000  0.068298608693810  0.094077921713192  0.010881339692727  0.177144674563527  0.016550286479436  0.000000000000000  0.000000000000000  0.032917532373589  0.015335297872711  0.000000000000000  0.048968574184334  0.074068298183849  0.000000000000000  0.155178436440764  1.000000000000000  0.000000000000000  0.000000000000000  0.000000000000000  0.000000000000000  0.000000000000000  0.000000000000000  0.080996310339583  1.000000000000000  1.000000000000000 
107.0    V  0.053031743856619  0.012191335627714  0.000000000000000  0.000000000000000  0.087777804733625  0.000000000000000  0.000000000000000  0.014967737784730  0.000000000000000  0.178376813214735  0.053252755942179  0.000000000000000  0.049652150006007  0.000000000000000  0.000000000000000  0.005273585879386  0.003887342663360  0.539240215847226  0.000000000000000  0.002524126622339  0.994470168673214  0.000000000000000  0.005410583859808  0.000000000000000  0.000000000000000  0.000000000000000  0.000000000000000  0.080996310339583  1.000000000000000  1.000000000000000 
108.0    D  0.012868609644806  0.000000000000000  0.623300597137549  0.022005378545501  0.000000000000000  0.064123634083571  0.000000000000000  0.000000000000000  0.011597840395539  0.010731533073669  0.000000000000000  0.222982129855023  0.000000000000000  0.007785470803343  0.000000000000000  0.005949565389466  0.018866884241977  0.000000000000000  0.000000000000000  0.000000000000000  0.995849753094458  0.003841804976665  0.000000000000000  1.000000000000000  0.000000000000000  1.000000000000000  0.000000000000000  0.081333865965121  0.493458272942921  0.496890546661277 
109.0    E  0.129947429396910  0.000000000000000  0.146604368653985  0.336575017319196  0.000000000000000  0.074790560201920  0.009598335784732  0.000000000000000  0.036803837174843  0.005908468739390  0.040978187944239  0.026515871928309  0.066063627535086  0.045029054651185  0.032374461361251  0.030522141530070  0.016550286479436  0.001762696733325  0.000000000000000  0.000000000000000  0.993781093322555  0.002183714552668  0.003767961658532  0.062500000000000  0.937571096457110  0.000000000000000  0.000000000000000  0.080996310339583  0.500000000000000  1.000000000000000 
110.0    K  0.041435180009333  0.004693890818464  0.190122344155126  0.089003137224817  0.011233879162867  0.071248329543341  0.064793818813733  0.000000000000000  0.160985203688728  0.009387781636929  0.002972721446952  0.166777896209721  0.003303016747568  0.056367211148891  0.060120465916548  0.034267862143372  0.013387218043259  0.011719054603795  0.000000000000000  0.008116086744513  0.991029563264079  0.009245711107442  0.000000000000000  1.000000000000000  0.000000000000000  0.000000000000000  1.000000000000000  0.081108672933699  0.493116352246680  0.498615625676035 
111.0    N  0.000000000000000  0.003849802097419  0.011605882192663  0.005679580145782  0.000000000000000  0.010510681316577  0.000000000000000  0.000000000000000  0.002345319194307  0.000000000000000  0.000000000000000  0.944092419150250  0.000000000000000  0.000000000000000  0.000000000000000  0.003303016747568  0.012603777487846  0.000000000000000  0.000000000000000  0.005794902085317  0.990342871933025  0.009631658792686  0.000000000000000  0.372936006672866  0.627201102260497  1.000000000000000  0.000000000000000  0.081108672933699  0.489370825198718  0.498615625676035 
112.0    E  0.040864729641774  0.006456643110580  0.017506081471784  0.113991645689971  0.023568438698228  0.008217982650030  0.044873265956982  0.015625000000000  0.137356777197110  0.004842608202887  0.024080347136200  0.063197005053207  0.004154815128489  0.083968964107581  0.305025127568056  0.031906628928350  0.051083458030518  0.020067434515460  0.000000000000000  0.003316782212683  0.997231251352069  0.003073290802162  0.000000000000000  0.441045682598588  0.558643569036110  0.000000000000000  0.000000000000000  0.082013203411998  0.498961359499525  1.000000000000000 
113.0    I  0.016176014435022  0.013452331067795  0.000000000000000  0.004221583601716  0.009532035236502  0.000000000000000  0.000000000000000  0.476979775273779  0.003460029371494  0.100830219902766  0.027393928791126  0.000000000000000  0.074016975740852  0.014608987464866  0.017086491523197  0.005601387687562  0.014358013804360  0.222210670291643  0.000000000000000  0.000000000000000  0.991716730738293  0.003421868418231  0.004937512103331  0.027035521580781  0.972654947412286  0.000000000000000  0.000000000000000  0.082070070339009  0.498961359499525  1.000000000000000 
114.0    L  0.032531924927628  0.002040304224344  0.023454360898662  0.033796086358863  0.005900283537355  0.000000000000000  0.004063672916102  0.133046272806670  0.167821562847533  0.110720939887795  0.003765350811487  0.012525395771866  0.000000000000000  0.021138253610161  0.034578042284134  0.060959716345478  0.123108305361944  0.228457862557350  0.000000000000000  0.002070220280073  0.934975197751455  0.065289735179014  0.000000000000000  0.610050255136112  0.390122740086852  1.000000000000000  0.000000000000000  0.083215725827273  0.448444079831007  0.497579860910041 
115.0    E  0.038794609110191  0.000000000000000  0.080996310339583  0.267386771971311  0.007515058239569  0.045468146363586  0.068251284109103  0.010159688644910  0.126044056861824  0.000000000000000  0.001725224709925  0.027699428099840  0.002138774357019  0.078508898821470  0.155393708612992  0.064928693956104  0.017506081471784  0.000000000000000  0.001863202247163  0.005663854815933  1.000000000000000  0.000000000000000  0.000000000000000  0.000000000000000  0.000000000000000  0.000000000000000  0.000000000000000  0.085436715746363  1.000000000000000  1.000000000000000 
116.0    K  0.000000000000000  0.000000000000000  0.000000000000000  0.000000000000000  0.000000000000000  0.000000000000000  0.000000000000000  0.000000000000000  0.517273790759455  0.230525779478158  0.000000000000000  0.000000000000000  0.000000000000000  0.000000000000000  0.000000000000000  0.000000000000000  0.252088113723649  0.000000000000000  0.000000000000000  0.000000000000000  1.000000000000000  0.000000000000000  0.000000000000000  1.000000000000000  0.000000000000000  0.000000000000000  0.000000000000000  0.271495464080574  1.000000000000000  1.000000000000000 
