No:  residues  hmm_col_1  hmm_col_2  hmm_col_3  hmm_col_4  hmm_col_5  hmm_col_6  hmm_col_7  hmm_col_8  hmm_col_9  hmm_col_10  hmm_col_11  hmm_col_12  hmm_col_13  hmm_col_14  hmm_col_15  hmm_col_16  hmm_col_17  hmm_col_18  hmm_col_19  hmm_col_20  hmm_col_21   hmm_col_22   hmm_col_23   hmm_col_24   hmm_col_25   hmm_col_26   hmm_col_27   hmm_col_28   hmm_col_29   hmm_col_30   
1.0    A  0.766309980103892  0.000000000000000  0.004825854051277  0.029523345031163  0.000000000000000  0.000000000000000  0.000000000000000  0.000000000000000  0.039637231228933  0.000000000000000  0.000000000000000  0.012225184089633  0.017652300227658  0.014457881688091  0.014833470639852  0.043949787497285  0.035896823593657  0.020617311105826  0.000000000000000  0.000000000000000  0.984184022033800  0.016019800592009  0.000000000000000  0.333324669272800  0.666649338545599  0.000000000000000  0.000000000000000  0.072846324883410  0.498270131413934  1.000000000000000 
2.0    R  0.026497498894786  0.031511014215456  0.010409178321031  0.023748825881274  0.000000000000000  0.025330159996416  0.057233355401133  0.000000000000000  0.055552667572911  0.010919116967586  0.009188212892898  0.044718016250716  0.000000000000000  0.020560226953578  0.595015848153338  0.035574813408590  0.000000000000000  0.030353359235676  0.015887104270187  0.007694269085121  0.942784535918240  0.026571067502006  0.030437633391976  1.000000000000000  0.000000000000000  0.000000000000000  0.000000000000000  0.063504383937106  0.488692883205403  1.000000000000000 
3.0    K  0.030905341136904  0.000000000000000  0.000000000000000  0.003754925501519  0.010131559020711  0.020333466491280  0.010423618513108  0.012438876543418  0.635956503371787  0.000000000000000  0.034506213973847  0.010972225591703  0.008850655353873  0.015134659206666  0.097801472717064  0.032284824615129  0.062111318332660  0.014318260073052  0.000000000000000  0.000000000000000  0.970634469769547  0.029584800976147  0.000000000000000  0.312299031413344  0.687770909069872  0.504875648798343  0.494828328207603  0.060037178997092  0.490729531926740  0.475329550614909 
4.0    S  0.068109507013333  0.010159688644910  0.000000000000000  0.021344379011787  0.013602352551502  0.024281477149502  0.000000000000000  0.027242444985533  0.034746223672410  0.000000000000000  0.009239304689407  0.006241030597259  0.075887180274690  0.013517760790390  0.074790560201920  0.509798841499095  0.088082547196376  0.016734856612366  0.000000000000000  0.006197920649931  1.000000000000000  0.000000000000000  0.000000000000000  0.000000000000000  0.000000000000000  0.000000000000000  1.000000000000000  0.056562903930182  1.000000000000000  0.489031736723670 
5.0    T  0.048361406048200  0.000000000000000  0.000000000000000  0.019357010902874  0.005350910077990  0.015581738302376  0.016688522000748  0.019970302550048  0.077589218220382  0.006533174999329  0.012225184089633  0.014608987464866  0.009685216405773  0.012023493907507  0.075887180274690  0.031664278129971  0.584388624280623  0.040978187944239  0.000000000000000  0.009181846315779  0.997922718999051  0.002194335748109  0.000000000000000  1.000000000000000  0.000000000000000  0.000000000000000  1.000000000000000  0.056995822844986  0.500000000000000  0.489031736723670 
6.0    G  0.056484545421943  0.009207339123529  0.015292838287460  0.023486898094774  0.000000000000000  0.510506062853597  0.001419895036446  0.005671712030875  0.109879945113973  0.004502681042183  0.000000000000000  0.008566965535843  0.038553349056547  0.029914733068603  0.025648175275328  0.082985322398902  0.065607292726442  0.000000000000000  0.000000000000000  0.012293163208649  0.936921446872426  0.041955390711883  0.021123606766064  0.390934821564297  0.608783009331493  0.000000000000000  1.000000000000000  0.050977343333688  0.474342157570227  0.489031736723670 
7.0    G  0.041435180009333  0.000000000000000  0.000000000000000  0.030969673852002  0.002292281598206  0.550189304683069  0.006638164055771  0.011446100582901  0.022987605403996  0.006434304822403  0.000000000000000  0.031532863557646  0.059210629412454  0.009718841041394  0.033679160782615  0.088327102742671  0.044224817510208  0.028875705388963  0.023666661185578  0.008338479203437  0.986232704493359  0.013489680602725  0.000000000000000  0.305025127568056  0.694959109921168  0.480630464194381  0.519069635271529  0.053142135004012  0.494485458190466  0.460093825312437 
8.0    K  0.068440779424598  0.000000000000000  0.020446532366485  0.069108165832517  0.000000000000000  0.003462428512480  0.021807980689409  0.006271385849343  0.592546385470791  0.012922240131926  0.000000000000000  0.023748825881274  0.027603595358796  0.032173127607312  0.036600318163088  0.036121459579837  0.029625842660270  0.019343598294335  0.000000000000000  0.000000000000000  0.986916545885842  0.009290680585959  0.003849802097419  0.118339203904589  0.881480157907170  0.281850103036355  0.717972255311718  0.050625217102003  0.496202187342909  0.480297431976738 
9.0    A  0.524131237758464  0.007238969233519  0.008537326086726  0.003963525572582  0.000000000000000  0.040358042196948  0.013175486097658  0.008127345832203  0.028027754989438  0.026332713421973  0.011509747545441  0.015335297872711  0.072745408400134  0.033031813767543  0.015082297263621  0.059210629412454  0.065835064747177  0.067451764781527  0.000000000000000  0.000000000000000  0.988970916380931  0.011218316489246  0.000000000000000  0.145087989297965  0.855002177891973  0.458184322337676  0.541862983422390  0.050520054300348  0.494485458190466  0.483973513446869 
10.0    P  0.054183597719668  0.000000000000000  0.007720981652349  0.000000000000000  0.007588339808919  0.010896434893363  0.011414409207388  0.014023594541676  0.054901904264898  0.014101573866600  0.005659930291230  0.028996046139728  0.590905773467183  0.056094378166704  0.022624033943431  0.088449635020416  0.019956464987428  0.012499377005199  0.000000000000000  0.000000000000000  0.986232704493359  0.006024261036750  0.007699604194839  0.093947592379098  0.906261938267334  0.000000000000000  1.000000000000000  0.050450067156548  0.495514781632040  0.492774668469685 
11.0    R  0.012090351512050  0.011857962913860  0.005982648426150  0.019343598294335  0.000000000000000  0.020703234641331  0.016493026838093  0.005055256462824  0.104458369865232  0.019586453444386  0.000000000000000  0.007877753553864  0.031973045929201  0.028955876934074  0.621574834451970  0.031511014215456  0.041521431690516  0.015250496262129  0.000000000000000  0.005961950035002  0.997922718999051  0.002337205006310  0.000000000000000  0.500000000000000  0.500000000000000  0.000000000000000  1.000000000000000  0.050205874797315  0.500000000000000  0.488354264481114 
12.0    K  0.009042892320235  0.000000000000000  0.000000000000000  0.018363692631559  0.003890038098025  0.034078366645789  0.012691443693066  0.010026764824710  0.604158921694971  0.002964490728465  0.007546377569725  0.015549370653439  0.026405824512891  0.008235089244459  0.130488990927715  0.057511728164055  0.016688522000748  0.025033433674676  0.009678505451437  0.007672965587995  0.922103117912631  0.070462525759089  0.007370611335120  0.236186760249302  0.763658748980350  0.000000000000000  1.000000000000000  0.049343367918785  0.454704125900367  0.488354264481114 
13.0    Q  0.041781265481410  0.000000000000000  0.005101014793316  0.019915009801863  0.008396477912934  0.011040887842834  0.018866884241977  0.021477948368313  0.100760353936621  0.019600034445641  0.018198962288570  0.016086563803656  0.055130710324824  0.383154990051946  0.080492601844364  0.087111077417967  0.069156084568267  0.015145153389610  0.019090517213648  0.009374776424791  0.995159721820083  0.000000000000000  0.004759415092481  0.000000000000000  0.000000000000000  0.000000000000000  1.000000000000000  0.049446081324091  1.000000000000000  0.478635729097649 
14.0    L  0.039227249727583  0.000000000000000  0.000000000000000  0.002144712526928  0.005916665296394  0.010746420454217  0.008229383093397  0.094797971585903  0.038366740122346  0.462973011263662  0.042013593567270  0.002373118734189  0.077804639711386  0.027969533466499  0.026006210459735  0.067920928907879  0.012568880795967  0.037447156916857  0.031928752584822  0.011390698272005  0.967276329613932  0.017998244411709  0.014731008373722  0.316219885588484  0.683493725970905  0.307146745111412  0.693034942825207  0.049583365199446  0.492774668469685  0.475329550614909 
15.0    A  0.505225723243382  0.003659849401845  0.004262749519746  0.008777342992435  0.000000000000000  0.058233776831548  0.000000000000000  0.029339742103608  0.033330805650993  0.015953314464175  0.020789516266886  0.005204589160516  0.068156733291579  0.023666661185578  0.033585911651734  0.078074757853336  0.033702513490452  0.047398985792951  0.015271652600169  0.015208271471222  0.934975197751455  0.056798632278033  0.008257953441886  0.217788548035564  0.782411781736511  0.628071190571764  0.371903440608626  0.047398985792951  0.443498152576075  0.465224828851508 
16.0    T  0.121497623497669  0.012490716099257  0.000000000000000  0.006185045827119  0.005041259728327  0.030991147835572  0.012700243781005  0.015420571029466  0.076946525834057  0.013066349998657  0.020934118787935  0.015409886007709  0.066523136403335  0.018568486016515  0.024843289092155  0.192642777089602  0.342220953272960  0.021717472185037  0.000000000000000  0.002921651871802  0.956608158091874  0.023470623858452  0.019668080836013  0.237994477124383  0.762072415169885  0.419284092220466  0.580754365962861  0.047629525948118  0.486664687079119  0.478304079045937 
17.0    K  0.037786114869793  0.000000000000000  0.000000000000000  0.017481829703683  0.008315392050417  0.008269409334962  0.005350910077990  0.019183370061173  0.561360711036804  0.020291228167654  0.020361674208801  0.018801609781242  0.064346255214625  0.014720801154763  0.098755163982922  0.018736561152986  0.055977854380678  0.020137103601328  0.010019817209080  0.000000000000000  0.967276329613932  0.026042287723726  0.007011797270838  0.196690611338391  0.803293996757034  0.168988854128516  0.831045861593648  0.049583365199446  0.480297431976738  0.475659138165900 
18.0    A  0.443805668634749  0.008501894075553  0.012293163208649  0.020123150461091  0.000000000000000  0.040023745666555  0.000000000000000  0.007753159177233  0.078836088051953  0.023880883136956  0.007080171392714  0.008183875992967  0.032419373017675  0.010806176789148  0.033469713224733  0.111723145294598  0.082755556899712  0.074068298183849  0.000000000000000  0.004227440017679  0.893785162356787  0.055784185717061  0.050695447223565  0.261340025051291  0.738669031791280  0.059210629412454  0.940826107513788  0.049070507417098  0.462652214018926  0.469761374607006 
19.0    A  0.420156876116641  0.005900283537355  0.013405789537948  0.021196942616370  0.011517728260087  0.048462075396688  0.011226095129250  0.027584468634083  0.053996136712517  0.042896388476716  0.000000000000000  0.008507789182313  0.075206439124969  0.002252901572383  0.076521024525013  0.081842838942723  0.059498619281096  0.039968299414920  0.000000000000000  0.000000000000000  0.964598184584138  0.012259126529637  0.023260082111977  0.086509357253217  0.913198250011992  0.093817443594648  0.906261938267334  0.052301640167712  0.481297221550876  0.435275281648062 
20.0    R  0.036982844429768  0.015452670568452  0.011327709631866  0.016909760070714  0.000000000000000  0.090810315598211  0.034031156729253  0.000000000000000  0.094666644742311  0.020631606890859  0.000000000000000  0.009902441578394  0.042600081477578  0.053697547184199  0.465870214652387  0.057551606075315  0.022173802440631  0.021329589341956  0.000000000000000  0.006176477473468  0.929160674250913  0.017193415771346  0.053697547184199  0.145995924326640  0.853817714391245  0.036701936600427  0.963261894020148  0.053921334033916  0.489370825198718  0.415235012045447 
21.0    K  0.045911519789947  0.000000000000000  0.016390458243359  0.008820034412548  0.014318260073052  0.038101721689884  0.003966273831521  0.016097718025314  0.534773543942622  0.006810611246383  0.020503300852999  0.031862427593693  0.044749023162536  0.029096713119695  0.068393356328796  0.050171086794747  0.056523711097568  0.011040887842834  0.000000000000000  0.002575378153305  0.944747040997206  0.034915223064757  0.020193012978711  0.359235044136016  0.640823962080096  0.316439148492570  0.683493725970905  0.052120690239060  0.478304079045937  0.380508345209840 
22.0    S  0.115262889739079  0.003726404494326  0.000000000000000  0.007026393063654  0.005770851810869  0.052665426843947  0.017676788481967  0.007002083590386  0.043404847992660  0.013555291986751  0.022312562182579  0.049446081324091  0.038580081465423  0.028242272710971  0.092205716067677  0.427204870444866  0.044316876114983  0.027661055143111  0.000000000000000  0.004077780966491  0.984866442895551  0.010194960528820  0.004664699949510  0.333324669272800  0.666649338545599  0.000000000000000  1.000000000000000  0.051617354058483  0.496890546661277  0.402762145524375 
23.0    A  0.439215234119181  0.000000000000000  0.018684684324627  0.036931610841699  0.007562086147607  0.050380176968310  0.002484205091296  0.016827912128016  0.020095273178603  0.017652300227658  0.014082038478294  0.003993861447695  0.115663053504732  0.010627897284422  0.060287386536509  0.081786129465938  0.032374461361251  0.071446145963377  0.000000000000000  0.000000000000000  0.873572895916694  0.104241380478121  0.022405550750247  0.575145946675303  0.424842499569325  0.017469716421342  0.982820598545251  0.052192994964273  0.436786447958347  0.399702915176236 
24.0    P  0.013331657783001  0.000000000000000  0.008189550589976  0.023163547028169  0.005269931774764  0.078945453865362  0.003757529119784  0.009698652277548  0.081786129465938  0.035673584597712  0.000000000000000  0.027603595358796  0.512278411516401  0.025862400502444  0.024348893114391  0.074016975740852  0.047464740306704  0.023997035464095  0.000000000000000  0.004629268636491  0.965936328924846  0.005002968208319  0.029177498278604  0.096655792181915  0.903126510151822  0.065335006262823  0.934975197751455  0.057631444869539  0.493116352246680  0.389852421305662 
25.0    A  0.246900215361343  0.015050967094065  0.023666661185578  0.020095273178603  0.004385630554975  0.037603219562484  0.006519603759027  0.023568438698228  0.046294993688135  0.039940605100095  0.008212288352248  0.025772923394065  0.048428495684948  0.023227859131735  0.038740865623093  0.246729136471460  0.098073012237094  0.040498155169792  0.000000000000000  0.006245358049629  0.873572895916694  0.075834597515543  0.050625217102003  0.335178147895084  0.664803554090857  0.164026406823995  0.835666958921854  0.055668306287918  0.438606774366411  0.371903440608626 
26.0    T  0.069540632536552  0.007065463887196  0.009086875324593  0.018827692421794  0.014988501864457  0.031620412532092  0.010888884677246  0.022005378545501  0.043404847992660  0.025155191800660  0.008716713455664  0.014189819026899  0.067873866020143  0.036021448337465  0.040921419471361  0.117034030929312  0.403041415746484  0.033842970172685  0.000000000000000  0.025683755852964  0.969289816935065  0.008155561932982  0.022530138616566  0.257563488405019  0.742261785314525  0.296889916518353  0.703196599956560  0.053921334033916  0.497924876547229  0.354780839050096 
27.0    G  0.055552667572911  0.010776257201774  0.050415109951383  0.030018589498546  0.000000000000000  0.506628450079543  0.007657026682358  0.015997607819194  0.043585739573450  0.014239082509955  0.003710938995605  0.008344261000374  0.035946621667206  0.039830019603727  0.048731552663208  0.074016975740852  0.023405639600378  0.031228346655952  0.000000000000000  0.000000000000000  0.948684315140454  0.017086491523197  0.034386831542692  0.130579470358029  0.869344560090022  0.345079338349157  0.654742711541783  0.055591187096119  0.486327473706143  0.378929141627600 
28.0    G  0.061256213458867  0.000000000000000  0.005912565597537  0.015898120189104  0.000000000000000  0.503128911748891  0.013659040943912  0.011071542160220  0.054071043161562  0.011589804170634  0.002658816633788  0.023260082111977  0.071100326742032  0.032061817041786  0.040610595701733  0.083042863381032  0.046423528770651  0.008161216897377  0.002263859281063  0.013792234317041  0.965936328924846  0.033284631356044  0.000764603804938  0.105696535922190  0.894404901782606  0.125173406963917  0.874784764905822  0.058679484207216  0.472373520498603  0.393653988284602 
29.0    V  0.045122787360078  0.000000000000000  0.020039634418160  0.016345077184258  0.028281451965091  0.013936383115939  0.002434767957569  0.080047491333111  0.069685388670481  0.041579032533771  0.014659706195323  0.007672965587995  0.090183042928852  0.066017851584491  0.015187202937209  0.046843737554861  0.060371020557803  0.381564802240140  0.000000000000000  0.000000000000000  0.920187650624875  0.062847536274904  0.017122058850745  0.215984546850069  0.784040454075739  0.326012683814640  0.674083865868528  0.059169601952295  0.453130969133667  0.405282559942655 
30.0    K  0.043314683926575  0.000000000000000  0.003438511771731  0.025068161448515  0.000000000000000  0.017627845897758  0.019928818619977  0.023438109207591  0.481630947010074  0.005165057051338  0.012473412286823  0.017664540111322  0.048934643516034  0.048562954299003  0.176899270040832  0.043314683926575  0.016493026838093  0.015887104270187  0.000000000000000  0.000000000000000  0.963261894020148  0.017960857000542  0.018958649378886  0.441963765531836  0.557869661162482  0.271495464080574  0.728499556949005  0.061128967090459  0.469110598250336  0.421031476804208 
31.0    K  0.034794425569646  0.000000000000000  0.013276328111541  0.019303416205108  0.000000000000000  0.010159688644910  0.023535788541153  0.000000000000000  0.562919293068381  0.029894004940371  0.007159130036526  0.022624033943431  0.021433332634228  0.056367211148891  0.129228842030996  0.020803931456818  0.029935475569459  0.013859317268002  0.000000000000000  0.004785880202753  0.975355461527642  0.018427446754082  0.006497047643554  0.104385989928546  0.895645670090849  0.455019412040450  0.544876056106664  0.060875266783953  0.476318999021969  0.426022047537433 
32.0    P  0.029977003728915  0.000000000000000  0.000000000000000  0.018287478773040  0.000000000000000  0.009086875324593  0.016862941195382  0.006555856539895  0.178500497460633  0.016862941195382  0.007193950759414  0.018023212579063  0.477641468191219  0.029380443828410  0.080604265665993  0.053511767784154  0.046423528770651  0.007753159177233  0.000000000000000  0.003280201144313  0.896888159662015  0.045975210807992  0.057154068093744  0.282828615711475  0.717474767303352  0.352818960852173  0.647072827241427  0.058193426239389  0.469110598250336  0.450000964896756 
33.0    H  0.005186582649931  0.000000000000000  0.000000000000000  0.028517671516983  0.022281651833815  0.006099894473495  0.456282744271726  0.015711884068726  0.083446768955994  0.010488847677971  0.000000000000000  0.021898866391887  0.006024261036750  0.022005378545501  0.196146024474188  0.026534257701464  0.029197729590099  0.006381007743047  0.000000000000000  0.063769041203029  0.979420297586927  0.013387218043259  0.007294374569651  0.370873733460280  0.628942485918009  0.645281245225889  0.354780839050096  0.060120465916548  0.491069797631696  0.423666217473059 
34.0    R  0.024214247842474  0.019130256131253  0.000000000000000  0.025382887386132  0.006193626067268  0.008390659934532  0.027035521580781  0.000000000000000  0.068821349881123  0.005501344636375  0.000000000000000  0.019736363466341  0.025541729015259  0.007411596212035  0.701735863019538  0.028915763376183  0.018440224114628  0.011359160291565  0.000000000000000  0.002338825594959  0.984866442895551  0.011148550825921  0.003852471501927  0.076999879590360  0.922742492653798  0.095259051896236  0.905006462882905  0.055629733328281  0.473028823362798  0.466516495768404 
35.0    Y  0.034339194299277  0.012233660879008  0.000000000000000  0.002925704950047  0.219759890227947  0.008501894075553  0.029894004940371  0.016630784100834  0.015931213796847  0.012568880795967  0.007045901393611  0.028835702895431  0.008402299925448  0.002995473944674  0.054071043161562  0.021226348196077  0.009181846315779  0.009651708102554  0.076680311078363  0.428985265214345  0.993781093322555  0.000000000000000  0.006533174999329  0.000000000000000  0.000000000000000  0.294226684304692  0.705637921704346  0.055900306361413  1.000000000000000  0.465870214652387 
36.0    R  0.013545899429917  0.009492474936758  0.015920174947136  0.004069310269563  0.006447698504005  0.003124844251300  0.020179021098474  0.011218316489246  0.178129701768598  0.005486112795852  0.005062269396224  0.008561029425373  0.029646384848139  0.000000000000000  0.655196701929182  0.013285533751003  0.012560171730362  0.007834190905477  0.000000000000000  0.000000000000000  0.974679630891549  0.001571110099496  0.023814762974059  0.217486838177163  0.782411781736511  0.000000000000000  1.000000000000000  0.055939066932998  0.497235084336607  0.470739232270603 
37.0    P  0.053734780390188  0.000000000000000  0.000000000000000  0.000000000000000  0.000000000000000  0.004030012419146  0.003649716198762  0.006328152137750  0.020137103601328  0.008680536942618  0.000000000000000  0.010152648925433  0.748461493396346  0.011735311929226  0.055322110286222  0.043949787497285  0.014548356559847  0.006638164055771  0.012421644546078  0.000000000000000  0.980099415341871  0.017205337470281  0.002501484104160  0.647970482716667  0.352330188785505  0.117277649562584  0.882702996290655  0.055322110286222  0.475659138165900  0.453130969133667 
38.0    G  0.025172634095273  0.000000000000000  0.008602668735140  0.012250632094933  0.004742948767168  0.726482524785685  0.019984149707460  0.000000000000000  0.031250000000000  0.022955759894974  0.006968191557969  0.006376586298054  0.000000000000000  0.003723822442532  0.069588851139293  0.041177498491692  0.005448217446681  0.011654250208527  0.003634568975402  0.000000000000000  0.957271458195298  0.027814866664141  0.015009294749273  0.321970407377456  0.678302163723836  0.159541096103619  0.840313752233282  0.052884912287518  0.473356815618357  0.455019412040450 
39.0    T  0.041636713284126  0.018211581220852  0.023568438698228  0.024552266145862  0.022860487823505  0.004795842515293  0.020977695355942  0.043585739573450  0.031928752584822  0.037681494615336  0.018581361171918  0.011056204377552  0.015832139064986  0.051154323849425  0.007089993400915  0.053548872173036  0.556710809114343  0.009631658792686  0.006661210091937  0.000000000000000  0.993092495437036  0.002620394970473  0.004274584770550  0.087960523457837  0.911933165519769  0.235043550627282  0.764718138941384  0.050942020775164  0.492774668469685  0.439519780455894 
40.0    V  0.022797192878753  0.017542522219900  0.000000000000000  0.013202912256446  0.004239177233913  0.016277241078253  0.005636440183053  0.011438169499575  0.131670129494355  0.109879945113973  0.023699492896476  0.032826392000336  0.013602352551502  0.022561393680039  0.085495956493906  0.000000000000000  0.020319377289820  0.456599125005996  0.008166875782853  0.003991094073103  0.995159721820083  0.003428991396912  0.001283234010888  0.684441906545919  0.315563008028029  0.334018519597525  0.665725806618185  0.046778843337272  0.490389501994276  0.450625231305415 
41.0    A  0.678772489940003  0.003062658023733  0.000000000000000  0.004313276746731  0.011265069308283  0.005051753640185  0.009611651130868  0.009264957026648  0.000000000000000  0.023324662239015  0.010605820155313  0.018749552849581  0.000000000000000  0.000000000000000  0.007839623035230  0.064524908467703  0.042777619159120  0.093687475109722  0.017373111836205  0.000000000000000  0.978063473447339  0.011866185076676  0.010287241578588  0.261884031774949  0.738157202841417  0.062760471452436  0.936921446872426  0.044071811265137  0.484309094613314  0.465547409915115 
42.0    L  0.013508394239185  0.001928907932510  0.013129902378645  0.022436632978491  0.023470623858452  0.000000000000000  0.013955716443012  0.049962864397030  0.003947075962839  0.754712984260280  0.012744335833422  0.021359178936591  0.009049162548396  0.013926726498390  0.011296346051139  0.008561029425373  0.000000000000000  0.021823102069803  0.004437614315573  0.000000000000000  1.000000000000000  0.000000000000000  0.000000000000000  0.027776333786455  0.971980987981352  0.331941289595609  0.668037039195050  0.042071877164899  0.496202187342909  0.458184322337676 
43.0    R  0.014033318326311  0.039500096826650  0.012098734810207  0.008257953441886  0.001364889620948  0.010202029586632  0.046134825177589  0.007365504186861  0.158329281715402  0.017493951385222  0.015635834179103  0.003871209231500  0.024450368179266  0.072846324883410  0.523042469896265  0.019236631458514  0.002201953929972  0.002765967652763  0.008753040735892  0.012534080724258  0.978741650397436  0.006155108484761  0.014854048456716  0.333324669272800  0.666649338545599  0.575145946675303  0.424842499569325  0.041120453907157  0.495514781632040  0.472373520498603 
44.0    E  0.005090418552200  0.000000000000000  0.031445556984306  0.861546159712017  0.000000000000000  0.004559211335228  0.000000000000000  0.000000000000000  0.034196678164398  0.000000000000000  0.003936147501604  0.000000000000000  0.009923054551084  0.011899130778932  0.009162773040874  0.020095273178603  0.000000000000000  0.007899625631651  0.000000000000000  0.000000000000000  0.996540262827868  0.001889211581277  0.001383942770028  1.000000000000000  0.000000000000000  0.126832818322610  0.872967591133763  0.041810236087066  0.499653546495226  0.473356815618357 
45.0    I  0.000000000000000  0.007850498597061  0.000000000000000  0.000000000000000  0.006465600125611  0.004559211335228  0.000000000000000  0.847332434946118  0.005391864661706  0.019545766876770  0.011048543456040  0.000000000000000  0.013212066990274  0.009923054551084  0.000000000000000  0.009156424091207  0.010547171758771  0.055054335882936  0.000000000000000  0.000000000000000  0.998614666101029  0.001705014826433  0.000000000000000  0.333324669272800  0.666649338545599  0.000000000000000  1.000000000000000  0.041926319527571  0.500000000000000  0.475329550614909 
46.0    R  0.011327709631866  0.033539383949795  0.000000000000000  0.007473501235093  0.000000000000000  0.006968191557969  0.057551606075315  0.004091937996484  0.061554152680972  0.024382671255428  0.007785470803343  0.012056876367648  0.016769691974898  0.020832791829550  0.687770909069872  0.023847800140009  0.009162773040874  0.003675101982476  0.004083437891426  0.007334935525902  0.997922718999051  0.000000000000000  0.001786064627929  0.000000000000000  0.000000000000000  0.000000000000000  1.000000000000000  0.041926319527571  1.000000000000000  0.475329550614909 
47.0    R  0.025471010387582  0.016909760070714  0.001608576205601  0.010843693117309  0.052410511527558  0.000000000000000  0.075206439124969  0.002058772311115  0.276049711790773  0.032509383328812  0.004985659253238  0.029852591761951  0.024981432198515  0.058842404033825  0.300825756499876  0.035329080222643  0.013527133836245  0.005648173025569  0.001546261456780  0.031358492140922  0.982820598545251  0.000000000000000  0.016992006107108  0.000000000000000  0.000000000000000  0.064973714698455  0.934975197751455  0.041955390711883  1.000000000000000  0.472373520498603 
48.0    Y  0.007916069532493  0.008912216530222  0.005683518295448  0.010438078737423  0.105403888781264  0.000000000000000  0.021762679385454  0.009086875324593  0.003762741773516  0.166085726762064  0.006777645993376  0.002472180847598  0.002451703107974  0.025068161448515  0.000000000000000  0.003342168069073  0.000000000000000  0.000000000000000  0.000000000000000  0.620713745763056  0.978063473447339  0.008155561932982  0.014013877494719  0.409802303818759  0.590087171668101  0.000000000000000  1.000000000000000  0.042896388476716  0.493458272942921  0.457549584063964 
49.0    Q  0.008104843254419  0.000000000000000  0.000000000000000  0.024586326417299  0.000000000000000  0.000000000000000  0.005986796719562  0.000000000000000  0.023535788541153  0.000000000000000  0.008783429092020  0.014967737784730  0.017469716421342  0.842062953608416  0.029543816148461  0.006456643110580  0.005582008358364  0.012895397008010  0.000000000000000  0.000000000000000  1.000000000000000  0.000000000000000  0.000000000000000  0.000000000000000  0.000000000000000  0.292396916012987  0.707597080163328  0.043525358770907  1.000000000000000  0.437392382452911 
50.0    K  0.033377044001495  0.000000000000000  0.004265705256819  0.020432364820887  0.000000000000000  0.006934463572418  0.022561393680039  0.000000000000000  0.573553512113083  0.006587743048829  0.008121714337307  0.026006210459735  0.006920058742987  0.036271997324491  0.152301282959399  0.079054971397121  0.023503183615448  0.000000000000000  0.000000000000000  0.000000000000000  0.984866442895551  0.007888682012474  0.007473501235093  0.480297431976738  0.519429551648832  0.000000000000000  1.000000000000000  0.042836962655616  0.493116352246680  0.455650640318571 
51.0    S  0.026168952734638  0.002552275886510  0.006624374723696  0.008076802626937  0.020432364820887  0.041263213781719  0.028066636652623  0.004849326138774  0.010237448467643  0.007350203964951  0.004066490615954  0.035255691795516  0.015570941606685  0.009909307807233  0.023997035464095  0.640379930664885  0.115023456328109  0.000000000000000  0.000000000000000  0.000000000000000  0.995849753094458  0.004204062987437  0.000000000000000  0.125000000000000  0.874784764905822  0.299577255334855  0.700278160443602  0.042777619159120  0.496890546661277  0.445346450303340 
52.0    T  0.018060729789919  0.002434767957569  0.018932385319223  0.041435180009333  0.004603669561764  0.019928818619977  0.009067999331123  0.015197733553317  0.000000000000000  0.001189853773120  0.006853230849475  0.008722757515489  0.047202268298838  0.011133106360537  0.007350203964951  0.059995578814932  0.660669202829133  0.053623158151793  0.010488847677971  0.002995473944674  0.980779003988551  0.000000000000000  0.019050860844942  0.000000000000000  0.000000000000000  0.000000000000000  1.000000000000000  0.042541066140609  1.000000000000000  0.461691155364697 
53.0    E  0.018300159081544  0.015367219906660  0.165511113799425  0.364502344704145  0.003966273831521  0.061596833558711  0.047530586038782  0.000000000000000  0.068156733291579  0.003700664338278  0.005879870107074  0.098686735837569  0.005974360460480  0.048462075396688  0.032917532373589  0.029238234307231  0.013687473672924  0.011710934388715  0.000000000000000  0.004845966006701  0.989656656415207  0.000000000000000  0.010430846119499  0.000000000000000  0.000000000000000  0.133786087303328  0.866336856400087  0.043888902366812  1.000000000000000  0.443498152576075 
54.0    L  0.022297101651842  0.008037708655419  0.007174032517976  0.005147187311461  0.083968964107581  0.000000000000000  0.007031265076512  0.019586453444386  0.006560402288626  0.718470088272032  0.024214247842474  0.011517728260087  0.019600034445641  0.000000000000000  0.015452670568452  0.015942260300757  0.026552656223083  0.008704637897026  0.000000000000000  0.000000000000000  0.999307092990453  0.000000000000000  0.000916231637208  0.142892291926755  0.857376036634172  0.393653988284602  0.606256409530869  0.043858491438721  0.485317234884773  0.440740078953585 
55.0    L  0.007416735319926  0.006193626067268  0.000000000000000  0.008286622979439  0.034172983046395  0.000000000000000  0.011686607487206  0.109045338221345  0.000000000000000  0.748461493396346  0.023914012028479  0.000000000000000  0.006024261036750  0.000000000000000  0.001845209064448  0.015030116479137  0.000000000000000  0.027795593548059  0.000000000000000  0.000000000000000  1.000000000000000  0.000000000000000  0.000000000000000  0.000000000000000  0.000000000000000  0.349411742962767  0.650670927720967  0.042600081477578  1.000000000000000  0.462652214018926 
56.0    I  0.000000000000000  0.010467059393968  0.000000000000000  0.002324280656849  0.063548417080747  0.000000000000000  0.010768790257622  0.675018992561373  0.000000000000000  0.140340177759201  0.013984766733250  0.013611784252223  0.005179397501167  0.003142220198992  0.017385158134138  0.000000000000000  0.010026764824710  0.028438713252528  0.000000000000000  0.005790886757042  0.982820598545251  0.017385158134138  0.000000000000000  0.152724137709188  0.847332434946118  0.000000000000000  1.000000000000000  0.040949793870574  0.480297431976738  0.476318999021969 
57.0    R  0.037473122305972  0.020531744174209  0.005782864445313  0.004658237782542  0.006425391161816  0.001985888033773  0.031884520601514  0.000000000000000  0.020207014560742  0.079000193653300  0.000000000000000  0.004160578919506  0.312949114663499  0.036727385263118  0.389852421305662  0.035921714001084  0.012464769372016  0.000000000000000  0.000000000000000  0.000000000000000  0.997922718999051  0.000000000000000  0.001992782537595  0.000000000000000  0.000000000000000  0.168988854128516  0.831045861593648  0.041868237575870  1.000000000000000  0.459456441739525 
58.0    K  0.033936933010072  0.005707204603694  0.005986796719562  0.010445316370353  0.021627339313304  0.000000000000000  0.014957366534302  0.006574058455355  0.652477473844479  0.003726404494326  0.000000000000000  0.003749723675933  0.006267040362129  0.045091521464426  0.150517172653927  0.010047636589302  0.006389859832483  0.022297101651842  0.000000000000000  0.000000000000000  1.000000000000000  0.000000000000000  0.000000000000000  0.000000000000000  0.000000000000000  0.000000000000000  1.000000000000000  0.041320456410705  1.000000000000000  0.464258426153364 
59.0    L  0.214195488692142  0.000000000000000  0.002078848012604  0.024740183308477  0.012438876543418  0.017738157846032  0.000000000000000  0.052012420919470  0.014926295880976  0.516557193842066  0.018110874248507  0.006782345528133  0.005990947889348  0.011226095129250  0.028066636652623  0.038875364165577  0.027393928791126  0.007065463887196  0.000000000000000  0.001812252883733  0.995849753094458  0.003922529465777  0.000000000000000  0.500000000000000  0.500000000000000  0.000000000000000  1.000000000000000  0.041234622211653  0.497924876547229  0.464258426153364 
60.0    P  0.033796086358863  0.017133931071686  0.000000000000000  0.000000000000000  0.000000000000000  0.005742919282770  0.004419197120492  0.045847917005229  0.000000000000000  0.026755883892077  0.000000000000000  0.002863509291385  0.698823485925533  0.009705377201441  0.041206050452886  0.076733480244691  0.019223302261737  0.013148116910709  0.000000000000000  0.004779250160671  0.988970916380931  0.010813669656652  0.000000000000000  1.000000000000000  0.000000000000000  0.000000000000000  1.000000000000000  0.041320456410705  0.493458272942921  0.464258426153364 
61.0    F  0.011751591807724  0.000000000000000  0.000000000000000  0.000000000000000  0.915099168127928  0.000000000000000  0.000000000000000  0.004419197120492  0.000000000000000  0.041897268486885  0.006712193398025  0.000000000000000  0.000000000000000  0.000000000000000  0.000000000000000  0.006456643110580  0.003484095778985  0.005336094752947  0.000000000000000  0.004779250160671  1.000000000000000  0.000000000000000  0.000000000000000  0.000000000000000  0.000000000000000  0.652025367629280  0.347720492927497  0.041320456410705  1.000000000000000  0.464258426153364 
62.0    Q  0.147726443366796  0.023292349793733  0.008223680896167  0.023099412988654  0.014457881688091  0.025862400502444  0.020165038913309  0.041435180009333  0.013303964183577  0.002298645971130  0.015463385256488  0.006258358418669  0.026663315566002  0.386355274823994  0.039940605100095  0.125956720051313  0.034554082916258  0.038340155539181  0.006533174999329  0.000000000000000  0.997231251352069  0.003052062031923  0.000000000000000  0.333324669272800  0.666649338545599  0.000000000000000  1.000000000000000  0.040330077826618  0.498615625676035  0.489031736723670 
63.0    R  0.031141883213371  0.017812082385835  0.010635266535152  0.003708367659963  0.000000000000000  0.026424133980547  0.056133273305246  0.000000000000000  0.030164594527242  0.005388128600887  0.005090418552200  0.000000000000000  0.000000000000000  0.018736561152986  0.711531730617297  0.041839226780576  0.018645870984871  0.007855942034363  0.002121058313129  0.012568880795967  0.985549336939371  0.000000000000000  0.014538275901610  0.000000000000000  0.000000000000000  0.000000000000000  1.000000000000000  0.040023745666555  1.000000000000000  0.489031736723670 
64.0    L  0.002960383918966  0.012560171730362  0.003086098874466  0.008004350179944  0.032084048303750  0.008286622979439  0.003535181495636  0.024399577893981  0.000000000000000  0.763129604480280  0.010532560404196  0.000000000000000  0.000000000000000  0.021687386234619  0.000000000000000  0.017277041458129  0.001902352086999  0.084670311092835  0.000000000000000  0.006121071773042  0.982139595263391  0.010096506489355  0.007807086663988  0.590087171668101  0.409802303818759  0.559418550517856  0.440434687063490  0.040023745666555  0.478635729097649  0.470087101254563 
65.0    V  0.063857505169644  0.016198454703433  0.000000000000000  0.000000000000000  0.000000000000000  0.018788582014034  0.000000000000000  0.071248329543341  0.000000000000000  0.028281451965091  0.008326927625531  0.000000000000000  0.017445515030978  0.011923900070004  0.010166733245640  0.027185854772145  0.000000000000000  0.723969086189780  0.002867481711004  0.000000000000000  0.984866442895551  0.009074286968170  0.005778857458003  0.201241534405280  0.798851916449148  0.000000000000000  1.000000000000000  0.040134869030920  0.491751037013124  0.476979775273779 
66.0    R  0.039664715188119  0.032531924927628  0.007401328676557  0.000000000000000  0.000000000000000  0.008590751166520  0.022939853688033  0.000000000000000  0.118832387653727  0.012753172596108  0.000000000000000  0.000000000000000  0.003817913150042  0.068535724286743  0.636397467637971  0.016424576704495  0.001672242743255  0.010657404959995  0.014248955711246  0.005695349136002  0.977385766410805  0.017640068825096  0.004917020209003  0.315125847895746  0.684916489982783  0.193311584363829  0.806641759222126  0.039857637239955  0.489031736723670  0.472373520498603 
67.0    E  0.014957366534302  0.003096813033634  0.031840349894273  0.765778998547191  0.000000000000000  0.012682649702770  0.005354620331952  0.000000000000000  0.048093975630027  0.000000000000000  0.002627670329144  0.002343694106198  0.008076802626937  0.016851256745226  0.026998068356259  0.046746429948825  0.009150079540772  0.003058415219752  0.000000000000000  0.002301834780882  0.964598184584138  0.000000000000000  0.035133716368082  0.000000000000000  0.000000000000000  0.265355802237449  0.734584316639154  0.039582320428851  1.000000000000000  0.471719125447680 
68.0    I  0.006020086784050  0.007720981652349  0.005601387687562  0.000000000000000  0.017050998078983  0.000000000000000  0.000000000000000  0.717972255311718  0.000000000000000  0.070364911633548  0.007139308204917  0.000000000000000  0.000000000000000  0.000000000000000  0.000000000000000  0.027299152997397  0.022143084320441  0.118914784541475  0.000000000000000  0.000000000000000  0.995159721820083  0.004687388212395  0.000000000000000  0.242154547306657  0.757858283255199  0.320856474390726  0.679243142274472  0.043949787497285  0.497924876547229  0.448133349784702 
69.0    A  0.366529189297302  0.067779838052691  0.033632503899494  0.009604991150426  0.004072131878286  0.014130927774392  0.002491102327497  0.039582320428851  0.000000000000000  0.054674047806614  0.038499939795180  0.018098325096791  0.027489033622576  0.010627897284422  0.008698606392412  0.074119656213184  0.141610485661975  0.074068298183849  0.007971130150379  0.006293158523818  0.970634469769547  0.003436129202822  0.025880333166705  1.000000000000000  0.000000000000000  0.046714039019842  0.953298545288159  0.041579032533771  0.498270131413934  0.464902471306581 
70.0    Q  0.031995215638389  0.010230354867840  0.030458738465361  0.083794536973771  0.006944083446614  0.020389921057640  0.044749023162536  0.016367751985934  0.030416542942445  0.069733707645310  0.036196650193583  0.042718357873182  0.013536513381251  0.398320048142791  0.046584699587466  0.038929294236546  0.025844480263852  0.039145763707004  0.002088959156026  0.011702819800189  0.944092419150250  0.005982648426150  0.049721030234682  0.262975444800968  0.737134608645551  0.074531804520664  0.925304428037852  0.042482132559586  0.494485458190466  0.438302860658018 
71.0    D  0.039885274025905  0.002394599336041  0.294634851952921  0.170636714735646  0.019832357594059  0.021944451183406  0.008009900296005  0.017701310707747  0.105623298051564  0.013239569296033  0.012301687133894  0.058072542140682  0.005620834296917  0.047927583114784  0.037369368649254  0.073454770526236  0.048060650977196  0.011767894270577  0.005403088394574  0.006155108484761  0.945402116750744  0.013193763865997  0.041579032533771  0.579547975952228  0.420739741142690  0.176776695296637  0.823020345278708  0.043828101582575  0.488354264481114  0.394200087028139 
72.0    F  0.016232173489026  0.043344717785356  0.000000000000000  0.021329589341956  0.373194595824238  0.005168638437141  0.030311309698179  0.092205716067677  0.009909307807233  0.110951417158687  0.033632503899494  0.031862427593693  0.000000000000000  0.012673861805891  0.009381276777228  0.027393928791126  0.005782864445313  0.048260945818237  0.017849160107009  0.110567554416443  0.783497186949341  0.201940194402402  0.014498023069864  0.463294030945185  0.536630143196727  0.115502821555853  0.884540435331541  0.049480366616954  0.310787417225985  0.388503634392025 
73.0    K  0.038687196588670  0.008015454260446  0.020165038913309  0.048968574184334  0.007861389246076  0.085023178275372  0.015282241772615  0.024147204676500  0.328280281356038  0.028144561870248  0.010987446874321  0.059416193826864  0.003868526843488  0.021477948368313  0.075887180274690  0.118832387653727  0.073099229003247  0.008795613954193  0.005295563776563  0.017812082385835  0.812815601984320  0.180992271547445  0.005966083976409  0.486327473706143  0.513700719689482  0.552099423581546  0.448133349784702  0.049002528379734  0.337041932934264  0.384751805040216 
74.0    T  0.072443496994028  0.002135811440400  0.043015487549709  0.083100444261357  0.002167127875133  0.060496689180859  0.056016668723088  0.018491422214884  0.019143520811011  0.025719385789960  0.003484095778985  0.026755883892077  0.062934721878545  0.032894723584670  0.062891113968611  0.097260647069427  0.270556161131429  0.047497651762547  0.006372167916711  0.006546774489593  0.949342120950519  0.039500096826650  0.011086901220315  0.339621571137236  0.660669202829133  0.275285399524491  0.724973416439426  0.041984482053791  0.440129506781575  0.424253950852948 
75.0    D  0.028281451965091  0.000000000000000  0.369590607818461  0.099304300012013  0.000000000000000  0.046230859664026  0.033423346496414  0.022035905632569  0.022359008125358  0.007720981652349  0.012115518849172  0.120240931833097  0.063504383937106  0.026042287723726  0.015538596385519  0.039830019603727  0.047695600280017  0.041752314949691  0.000000000000000  0.004313276746731  0.928516852306729  0.058964890680960  0.012456132445946  0.386355274823994  0.613442488626902  0.333324669272800  0.666649338545599  0.042600081477578  0.393108646070166  0.430474594169452 
76.0    L  0.000000000000000  0.022686848123498  0.004083437891426  0.006537705020964  0.139467415290621  0.003723822442532  0.047497651762547  0.062803988776487  0.000000000000000  0.440129506781575  0.051012690384431  0.020333466491280  0.020919613390288  0.000000000000000  0.011040887842834  0.010131559020711  0.015517070241204  0.054409410206008  0.003090380082756  0.086689435570712  0.969289816935065  0.029157280985525  0.001683874111362  0.513700719689482  0.485990493990676  0.390122740086852  0.609627547038152  0.042247213532129  0.448755025333631  0.438910898804760 
77.0    R  0.004866161779568  0.024231037698344  0.003316782212683  0.004128976720943  0.020361674208801  0.004143311489720  0.030101934188130  0.003232800062805  0.057711394420587  0.009645020366356  0.004382591720822  0.014812921330135  0.005715121955876  0.057711394420587  0.675955416514063  0.030185510278901  0.002292281598206  0.018287478773040  0.018581361171918  0.010138584116712  0.991716730738293  0.008326927625531  0.000000000000000  0.377095019171645  0.622868707784737  0.232935107326193  0.767373048000443  0.042836962655616  0.491069797631696  0.460732093099352 
78.0    F  0.000000000000000  0.005512796263315  0.000000000000000  0.000000000000000  0.492092011016900  0.000000000000000  0.000000000000000  0.118832387653727  0.000000000000000  0.014487977288054  0.016401823181610  0.002292281598206  0.002345319194307  0.000000000000000  0.003282475594661  0.016769691974898  0.007737053686977  0.047662551664259  0.248101093671455  0.024552266145862  1.000000000000000  0.000000000000000  0.000000000000000  0.000000000000000  0.000000000000000  0.349654020684615  0.650220073274240  0.043134917293645  1.000000000000000  0.470087101254563 
79.0    Q  0.021838233935173  0.000000000000000  0.006848482197782  0.017229205672952  0.000000000000000  0.003917095452739  0.017157700215423  0.000000000000000  0.019545766876770  0.004802495575213  0.000000000000000  0.013926726498390  0.000000000000000  0.575544745663881  0.096321388544801  0.043105028807096  0.170046356550744  0.002501484104160  0.003520509619574  0.003788913712272  0.991716730738293  0.000000000000000  0.008443167203432  0.000000000000000  0.000000000000000  0.000000000000000  1.000000000000000  0.042452696392155  1.000000000000000  0.481297221550876 
80.0    S  0.185694115082604  0.015625000000000  0.010903990344704  0.041320456410705  0.003537632746163  0.029811235954611  0.047300524780299  0.007710285514733  0.053437636118248  0.007785470803343  0.009024107691825  0.009169126392823  0.057392260143808  0.017181502333040  0.036246864203295  0.377095019171645  0.037525107108913  0.039637231228933  0.000000000000000  0.013754047086924  0.997922718999051  0.000000000000000  0.002257591223740  0.000000000000000  0.000000000000000  0.117277649562584  0.882702996290655  0.042247213532129  1.000000000000000  0.470739232270603 
81.0    S  0.128692510429250  0.000000000000000  0.058720171825876  0.119410367047805  0.012788580962356  0.053996136712517  0.023584780758134  0.008912216530222  0.014895289770127  0.018338252785646  0.017615631439772  0.021094343517543  0.043828101582575  0.093752436830364  0.028301061969307  0.280485870132621  0.059251685320540  0.010365977660915  0.000000000000000  0.005843303743603  1.000000000000000  0.000000000000000  0.000000000000000  0.000000000000000  0.000000000000000  0.000000000000000  1.000000000000000  0.041781265481410  1.000000000000000  0.471392267959120 
82.0    A  0.738669031791280  0.026904662135591  0.006707542472170  0.003599469477339  0.000000000000000  0.016596237288990  0.006820059305733  0.006142322594846  0.000000000000000  0.000000000000000  0.003949812815825  0.000000000000000  0.007499447351866  0.000000000000000  0.030374405874417  0.057992092279455  0.029482445340480  0.056211144509235  0.000000000000000  0.008918396149428  0.995849753094458  0.003863167642113  0.000000000000000  0.075310769687174  0.924663278113700  0.554016173932463  0.445964259710046  0.041810236087066  0.479299719246488  0.471392267959120 
83.0    V  0.000000000000000  0.000000000000000  0.012208248127692  0.000000000000000  0.023276210361292  0.000000000000000  0.006628967982077  0.292194312140311  0.000000000000000  0.436181352885379  0.037343475151774  0.007094909513449  0.000000000000000  0.000000000000000  0.000000000000000  0.014895289770127  0.019290040732712  0.143686856004335  0.000000000000000  0.007124477855623  0.984866442895551  0.007124477855623  0.008246513419047  1.000000000000000  0.000000000000000  0.219912268980609  0.780245480173703  0.040893064732969  0.496890546661277  0.488692883205403 
84.0    M  0.052628934600526  0.007129417879246  0.080996310339583  0.133878852898932  0.027508094173848  0.084553014440642  0.011621982519020  0.046327094056339  0.015755507107728  0.187634887189296  0.108818820412016  0.028855697210294  0.011033237534256  0.041521431690516  0.005288227652549  0.047530586038782  0.024981432198515  0.057992092279455  0.023897441841918  0.002065919850817  0.999307092990453  0.000370561341058  0.000000000000000  1.000000000000000  0.000000000000000  0.305236628167284  0.694959109921168  0.041091961256408  0.500000000000000  0.483303048532487 
85.0    A  0.663882579191219  0.030522141530070  0.003159692767038  0.000000000000000  0.000000000000000  0.006944083446614  0.018840747307668  0.022939853688033  0.000000000000000  0.040358042196948  0.024637505439259  0.008728805766189  0.024912264891892  0.000000000000000  0.030227385300435  0.054636163775648  0.019330194979487  0.050730598811080  0.000000000000000  0.000000000000000  0.997231251352069  0.003060535886521  0.000000000000000  0.250000000000000  0.750019494642909  0.000000000000000  1.000000000000000  0.040864729641774  0.498270131413934  0.489031736723670 
86.0    L  0.019763742849280  0.014023594541676  0.000000000000000  0.003060535886521  0.014936645587402  0.000000000000000  0.008728805766189  0.106357966188318  0.000000000000000  0.755759964158113  0.028935813203979  0.000000000000000  0.015942260300757  0.000000000000000  0.008734858210671  0.010591127553125  0.000000000000000  0.013202912256446  0.000000000000000  0.000000000000000  0.995849753094458  0.000000000000000  0.004483993804121  0.000000000000000  0.000000000000000  0.000000000000000  1.000000000000000  0.040864729641774  1.000000000000000  0.489031736723670 
87.0    Q  0.000000000000000  0.011890885787807  0.000000000000000  0.015335297872711  0.000000000000000  0.006924857024960  0.050520054300348  0.000000000000000  0.014278616409834  0.006020086784050  0.000000000000000  0.000000000000000  0.002368189099730  0.824733548610081  0.030143693268254  0.011501772360689  0.024264652343782  0.000000000000000  0.002030428584327  0.000000000000000  1.000000000000000  0.000000000000000  0.000000000000000  0.000000000000000  0.000000000000000  0.242658617442387  0.757333157938488  0.040526236082844  1.000000000000000  0.484644908467533 
88.0    E  0.018814646581741  0.010525262319263  0.012560171730362  0.634195699662934  0.019832357594059  0.016254691664406  0.012922240131926  0.000000000000000  0.029894004940371  0.011390698272005  0.002180689378872  0.000000000000000  0.000000000000000  0.016243428674614  0.025916235806701  0.038714021805747  0.056484545421943  0.079660039207454  0.000000000000000  0.014199658069508  1.000000000000000  0.000000000000000  0.000000000000000  0.000000000000000  0.000000000000000  0.281264621172202  0.718470088272032  0.040414029121484  1.000000000000000  0.489031736723670 
89.0    A  0.664342907048256  0.007360400577381  0.000000000000000  0.000000000000000  0.000000000000000  0.006596881932998  0.008692579067069  0.053474689105163  0.000000000000000  0.021241066279793  0.012438876543418  0.000000000000000  0.020235046857100  0.009433442120988  0.008980428500271  0.072947381363654  0.063240825064183  0.050942020775164  0.000000000000000  0.000000000000000  1.000000000000000  0.000000000000000  0.000000000000000  0.000000000000000  0.000000000000000  0.000000000000000  1.000000000000000  0.041120453907157  1.000000000000000  0.493116352246680 
90.0    S  0.383952567425525  0.022158438057492  0.000000000000000  0.000000000000000  0.014988501864457  0.004149059322248  0.012182888165802  0.005016858628865  0.000000000000000  0.012191335627714  0.000000000000000  0.006763566918122  0.007785470803343  0.008704637897026  0.017713584574663  0.301034345307854  0.132218870452303  0.071248329543341  0.000000000000000  0.000000000000000  1.000000000000000  0.000000000000000  0.000000000000000  0.000000000000000  0.000000000000000  0.000000000000000  1.000000000000000  0.041035035169505  1.000000000000000  0.493116352246680 
91.0    E  0.012430257558671  0.000000000000000  0.000000000000000  0.897510050667261  0.000000000000000  0.003917095452739  0.000000000000000  0.000000000000000  0.020746330599726  0.000000000000000  0.000000000000000  0.016723260912916  0.009226505167418  0.011907381487029  0.027527167941468  0.000000000000000  0.000000000000000  0.000000000000000  0.000000000000000  0.000000000000000  0.993781093322555  0.000000000000000  0.006555856539895  0.000000000000000  0.000000000000000  0.000000000000000  1.000000000000000  0.042335155546418  1.000000000000000  0.493116352246680 
92.0    A  0.518709968282806  0.014874654820274  0.089622203000989  0.017229205672952  0.034746223672410  0.009049162548396  0.009525430422471  0.014189819026899  0.012709049970814  0.033655824256033  0.047894373756493  0.008217982650030  0.022608357591727  0.010539863549529  0.000000000000000  0.075467536967906  0.029319412390646  0.031077192771038  0.000000000000000  0.020404059173264  1.000000000000000  0.000000000000000  0.000000000000000  0.000000000000000  0.000000000000000  0.000000000000000  1.000000000000000  0.042866665268456  1.000000000000000  0.487002134271620 
93.0    Y  0.000000000000000  0.015495573917786  0.000000000000000  0.015009294749273  0.205327675188016  0.000000000000000  0.043555538708983  0.037291741969741  0.000000000000000  0.009175484150107  0.022955759894974  0.007662335968661  0.027318081887824  0.006758880395195  0.012931200251222  0.000000000000000  0.063328556259943  0.023864335905636  0.000000000000000  0.509445598308361  1.000000000000000  0.000000000000000  0.000000000000000  0.000000000000000  0.000000000000000  0.700763724540373  0.298954949194031  0.041984482053791  1.000000000000000  0.487002134271620 
94.0    L  0.008449021589716  0.000000000000000  0.000000000000000  0.000000000000000  0.002379707546241  0.000000000000000  0.000000000000000  0.084670311092835  0.000000000000000  0.725979139951947  0.058072542140682  0.000000000000000  0.013668511951653  0.000000000000000  0.016176014435022  0.004703661645435  0.015229369232680  0.050730598811080  0.020151066416498  0.000000000000000  0.994470168673214  0.000000000000000  0.005806964782934  0.000000000000000  0.000000000000000  0.000000000000000  1.000000000000000  0.041694474052430  1.000000000000000  0.498270131413934 
95.0    V  0.017385158134138  0.021657341963288  0.000000000000000  0.000000000000000  0.011351289449776  0.008881382603406  0.003757529119784  0.079936598829839  0.000000000000000  0.020660228205353  0.004250947037777  0.000000000000000  0.000000000000000  0.004230371271586  0.011002689272751  0.023831275832129  0.141512362763834  0.639492790638714  0.007715631730042  0.004490214250135  0.984184022033800  0.010159688644910  0.005754873772721  1.000000000000000  0.000000000000000  0.000000000000000  1.000000000000000  0.043767385027725  0.494142825750366  0.491069797631696 
96.0    G  0.032780916486717  0.011493802701998  0.042926132294676  0.050695447223565  0.000000000000000  0.277969789379277  0.084494427064258  0.021552514403548  0.026205255763779  0.015744590006414  0.003587016258988  0.035304600455316  0.000000000000000  0.125607977552973  0.047695600280017  0.119162318161020  0.074842419038683  0.012709049970814  0.017253106986923  0.000000000000000  1.000000000000000  0.000000000000000  0.000000000000000  0.500000000000000  0.500000000000000  0.438302860658018  0.561749951515823  0.043706752585577  0.495858365369147  0.487002134271620 
97.0    L  0.000000000000000  0.007965606898423  0.000000000000000  0.030060232958274  0.052921582022658  0.000000000000000  0.013640118611465  0.037136972033029  0.000000000000000  0.673150034638391  0.050800975124020  0.000000000000000  0.002167127875133  0.008638520729065  0.059581159080510  0.003749723675933  0.007774685326719  0.046327094056339  0.000000000000000  0.006036801169125  1.000000000000000  0.000000000000000  0.000000000000000  0.000000000000000  0.000000000000000  0.000000000000000  1.000000000000000  0.043797732783773  1.000000000000000  0.494142825750366 
98.0    F  0.000000000000000  0.000000000000000  0.000000000000000  0.000000000000000  0.714497069870547  0.000000000000000  0.000000000000000  0.000000000000000  0.011973593439123  0.162442382806930  0.056016668723088  0.000000000000000  0.013677989526473  0.000000000000000  0.010532560404196  0.021314809919990  0.000000000000000  0.000000000000000  0.000000000000000  0.009499056899868  0.994470168673214  0.005794902085317  0.000000000000000  0.500000000000000  0.500000000000000  0.000000000000000  1.000000000000000  0.043797732783773  0.495858365369147  0.494142825750366 
99.0    E  0.041868237575870  0.000000000000000  0.009671799147168  0.667574151647954  0.000000000000000  0.040442051702589  0.002720334923182  0.000000000000000  0.082812938565325  0.000000000000000  0.002985110392119  0.003847134542561  0.000000000000000  0.053474689105163  0.017664540111322  0.054674047806614  0.018300159081544  0.004128976720943  0.000000000000000  0.000000000000000  0.998614666101029  0.001335874320217  0.000000000000000  0.250000000000000  0.750019494642909  0.536630143196727  0.463294030945185  0.045847917005229  0.500000000000000  0.494142825750366 
100.0    D  0.020446532366485  0.026332713421973  0.634195699662934  0.028497911422493  0.000000000000000  0.020992241026895  0.030311309698179  0.016481598704188  0.025970183174801  0.037629293163482  0.021270533070304  0.029177498278604  0.000000000000000  0.009024107691825  0.006228066222973  0.005143620789294  0.011140825916907  0.014348065035952  0.000000000000000  0.062891113968611  0.994470168673214  0.000000000000000  0.005193777766335  0.000000000000000  0.000000000000000  0.000000000000000  1.000000000000000  0.046617000834108  1.000000000000000  0.498961359499525 
101.0    T  0.307359716813645  0.033353916813749  0.008899870134548  0.000000000000000  0.003654779288404  0.022671128247409  0.000000000000000  0.018224208902945  0.023650262390150  0.008189550589976  0.002316239256662  0.013545899429917  0.008513688376667  0.012284645189693  0.004242116626259  0.191710332459137  0.328280281356038  0.012967102899843  0.000000000000000  0.000000000000000  1.000000000000000  0.000000000000000  0.000000000000000  0.000000000000000  0.000000000000000  0.000000000000000  1.000000000000000  0.047994070928191  1.000000000000000  0.494828328207603 
102.0    N  0.007179006902180  0.000000000000000  0.007457976672967  0.002147687791630  0.004736378199460  0.021687386234619  0.009745824780578  0.017787406704295  0.002762135864010  0.033702513490452  0.035946621667206  0.497235084336607  0.012344395497865  0.064034801439550  0.008584798574819  0.049070507417098  0.028281451965091  0.057471877884479  0.000000000000000  0.139757731370733  0.988970916380931  0.002995473944674  0.008082402980616  0.142892291926755  0.857376036634172  0.000000000000000  1.000000000000000  0.048562954299003  0.499307333050514  0.494828328207603 
103.0    L  0.042247213532129  0.008783429092020  0.000000000000000  0.007289320246381  0.003472041723307  0.000000000000000  0.000000000000000  0.039281667953807  0.032554482156507  0.668500247702567  0.054711958105891  0.009181846315779  0.017738157846032  0.013792234317041  0.039774841727373  0.019478143660548  0.013415084944340  0.013659040943912  0.003900838539457  0.011973593439123  0.967276329613932  0.032419373017675  0.000000000000000  0.457232544749951  0.542614685940904  0.722465198961763  0.277392368016961  0.049652150006007  0.474671060475260  0.488692883205403 
104.0    C  0.046423528770651  0.561749951515823  0.000000000000000  0.000000000000000  0.017457611532378  0.013611784252223  0.000000000000000  0.033330805650993  0.000000000000000  0.163458918567095  0.022561393680039  0.003616976650497  0.000000000000000  0.000000000000000  0.023930593704600  0.020760715845258  0.039500096826650  0.033307710502123  0.000000000000000  0.020165038913309  1.000000000000000  0.000000000000000  0.000000000000000  0.000000000000000  0.000000000000000  1.000000000000000  0.000000000000000  0.048866852695537  1.000000000000000  0.498961359499525 
105.0    A  0.588453368609384  0.037034149091924  0.000000000000000  0.000000000000000  0.000000000000000  0.001795996183890  0.011702819800189  0.034315400430845  0.007678285926135  0.000000000000000  0.038260512262506  0.000000000000000  0.013849714049920  0.000000000000000  0.000000000000000  0.099580012035698  0.145087989297965  0.022020636799094  0.000000000000000  0.000000000000000  0.982139595263391  0.018123432101647  0.000000000000000  0.308640651723385  0.691116103264291  0.000000000000000  0.000000000000000  0.050730598811080  0.487677730763821  1.000000000000000 
106.0    I  0.032940356977836  0.003841804976665  0.000000000000000  0.002859542374894  0.011226095129250  0.000000000000000  0.014209503934386  0.466193243218416  0.025435724533451  0.180866860733816  0.025488671666844  0.023519480428298  0.011702819800189  0.031358492140922  0.039527485698561  0.024484287092167  0.037681494615336  0.032374461361251  0.000000000000000  0.036397924577139  1.000000000000000  0.000000000000000  0.000000000000000  0.000000000000000  0.000000000000000  0.000000000000000  0.000000000000000  0.051260806949795  1.000000000000000  1.000000000000000 
107.0    H  0.007699604194839  0.000000000000000  0.002656974321105  0.009175484150107  0.004049613675858  0.015463385256488  0.832775770880549  0.000000000000000  0.006560402288626  0.007720981652349  0.000000000000000  0.003917095452739  0.008887540842754  0.015050967094065  0.037525107108913  0.023131457781251  0.008826150113829  0.000000000000000  0.000000000000000  0.016527358806538  1.000000000000000  0.000000000000000  0.000000000000000  0.000000000000000  0.000000000000000  0.000000000000000  0.000000000000000  0.051474438579223  1.000000000000000  1.000000000000000 
108.0    A  0.666187412546011  0.028399316139016  0.000000000000000  0.015592542484360  0.000000000000000  0.075362989230673  0.000000000000000  0.004074955443476  0.000000000000000  0.011438169499575  0.000000000000000  0.003919811517615  0.018198962288570  0.016527358806538  0.080158537672641  0.044780051574159  0.023683071351725  0.011759740214149  0.000000000000000  0.000000000000000  1.000000000000000  0.000000000000000  0.000000000000000  0.000000000000000  0.000000000000000  0.000000000000000  0.000000000000000  0.053623158151793  1.000000000000000  1.000000000000000 
109.0    K  0.016956708935653  0.000000000000000  0.007437327410137  0.003871209231500  0.000000000000000  0.064838746035351  0.029749309640548  0.000000000000000  0.649769531227720  0.000000000000000  0.000000000000000  0.050380176968310  0.014004167180772  0.024046987815013  0.106727214298906  0.019763742849280  0.012318752719629  0.000000000000000  0.000000000000000  0.000000000000000  1.000000000000000  0.000000000000000  0.000000000000000  0.000000000000000  0.000000000000000  0.000000000000000  0.000000000000000  0.057273040292209  1.000000000000000  1.000000000000000 
110.0    R  0.025033433674676  0.017579038823263  0.000000000000000  0.014318260073052  0.000000000000000  0.004370457425921  0.015040538173465  0.019383864026803  0.009348820025240  0.005328702479997  0.000000000000000  0.000000000000000  0.009124745270415  0.000000000000000  0.863938187400277  0.016711673248207  0.000000000000000  0.000000000000000  0.000000000000000  0.000000000000000  1.000000000000000  0.000000000000000  0.000000000000000  1.000000000000000  0.000000000000000  0.000000000000000  0.000000000000000  0.061426287409078  1.000000000000000  1.000000000000000 
