No:  residues  hmm_col_1  hmm_col_2  hmm_col_3  hmm_col_4  hmm_col_5  hmm_col_6  hmm_col_7  hmm_col_8  hmm_col_9  hmm_col_10  hmm_col_11  hmm_col_12  hmm_col_13  hmm_col_14  hmm_col_15  hmm_col_16  hmm_col_17  hmm_col_18  hmm_col_19  hmm_col_20  hmm_col_21   hmm_col_22   hmm_col_23   hmm_col_24   hmm_col_25   hmm_col_26   hmm_col_27   hmm_col_28   hmm_col_29   hmm_col_30   
1.0    M  0.003342168069073  0.000000000000000  0.000000000000000  0.013057296233154  0.050730598811080  0.013994463595170  0.000000000000000  0.010474317121721  0.000000000000000  0.004016069635375  0.841479482285381  0.052446852319159  0.000000000000000  0.000000000000000  0.000000000000000  0.000000000000000  0.000000000000000  0.000000000000000  0.000000000000000  0.010554485035435  0.979420297586927  0.020775111065339  0.000000000000000  0.500000000000000  0.500000000000000  0.000000000000000  0.000000000000000  0.100411749594629  0.469435873657726  1.000000000000000 
2.0    G  0.018932385319223  0.011017952816284  0.000000000000000  0.000000000000000  0.000000000000000  0.944092419150250  0.000000000000000  0.012709049970814  0.000000000000000  0.000000000000000  0.000000000000000  0.000000000000000  0.000000000000000  0.000000000000000  0.000000000000000  0.000000000000000  0.000000000000000  0.013461658745500  0.000000000000000  0.000000000000000  0.996540262827868  0.003257543139941  0.000000000000000  0.250000000000000  0.750019494642909  0.000000000000000  0.000000000000000  0.086509357253217  0.500000000000000  1.000000000000000 
3.0    A  0.643048741715302  0.000000000000000  0.000000000000000  0.008223680896167  0.000000000000000  0.003908958544776  0.000000000000000  0.000000000000000  0.000000000000000  0.016356410655853  0.000000000000000  0.026168952734638  0.005691402788664  0.000000000000000  0.118093380124651  0.075939799494064  0.043676467870346  0.058801631719612  0.000000000000000  0.000000000000000  0.991716730738293  0.000000000000000  0.008223680896167  0.333324669272800  0.666649338545599  0.000000000000000  0.000000000000000  0.086569341756933  0.500000000000000  1.000000000000000 
4.0    A  0.699792932797598  0.000000000000000  0.000000000000000  0.000000000000000  0.000000000000000  0.010033717257730  0.000000000000000  0.000000000000000  0.055283777208221  0.000000000000000  0.018945512797840  0.026241609154504  0.004134704667481  0.000000000000000  0.000000000000000  0.059416193826864  0.015431263460084  0.110874538144019  0.000000000000000  0.000000000000000  1.000000000000000  0.000000000000000  0.000000000000000  0.000000000000000  0.000000000000000  1.000000000000000  0.000000000000000  0.086689435570712  1.000000000000000  0.498961359499525 
5.0    S  0.232129213076682  0.000000000000000  0.000000000000000  0.000000000000000  0.038956287321097  0.018262144508769  0.054636163775648  0.000000000000000  0.000000000000000  0.000000000000000  0.005624731712948  0.000000000000000  0.053031743856619  0.000000000000000  0.000000000000000  0.496890546661277  0.024843289092155  0.062978360025657  0.000000000000000  0.012647534633553  1.000000000000000  0.000000000000000  0.000000000000000  0.000000000000000  0.000000000000000  0.000000000000000  0.000000000000000  0.086869888740146  1.000000000000000  1.000000000000000 
6.0    M  0.003058415219752  0.000000000000000  0.013350152201402  0.006376586298054  0.048428495684948  0.000000000000000  0.003917095452739  0.199298119135134  0.000000000000000  0.230366046549676  0.054939972556987  0.009895580107213  0.000000000000000  0.000000000000000  0.000000000000000  0.000000000000000  0.243501067135810  0.132310549359392  0.000000000000000  0.054522669110672  1.000000000000000  0.000000000000000  0.000000000000000  0.000000000000000  0.000000000000000  0.000000000000000  0.000000000000000  0.086689435570712  1.000000000000000  1.000000000000000 
7.0    T  0.217336140022505  0.000000000000000  0.047662551664259  0.012542771698687  0.000000000000000  0.025050791543731  0.000000000000000  0.035182455816774  0.003884649096380  0.000000000000000  0.006223750752231  0.009875024206663  0.005941323254848  0.000000000000000  0.059169601952295  0.005582008358364  0.538866572521835  0.032599643547808  0.000000000000000  0.000000000000000  0.995849753094458  0.003868526843488  0.000000000000000  1.000000000000000  0.000000000000000  0.000000000000000  0.000000000000000  0.086449414313185  0.499653546495226  1.000000000000000 
8.0    L  0.061086610400675  0.000000000000000  0.000000000000000  0.000000000000000  0.000000000000000  0.000000000000000  0.000000000000000  0.003026780980309  0.000000000000000  0.815637493339010  0.009902441578394  0.000000000000000  0.000000000000000  0.000000000000000  0.060329189054485  0.000000000000000  0.031293351740979  0.018684684324627  0.000000000000000  0.000000000000000  0.995159721820083  0.005013382412355  0.000000000000000  0.199990032083188  0.799960128332753  0.000000000000000  0.000000000000000  0.086509357253217  0.498961359499525  1.000000000000000 
9.0    T  0.038526635170744  0.000000000000000  0.013994463595170  0.000000000000000  0.000000000000000  0.013021143861863  0.000000000000000  0.012048522073500  0.000000000000000  0.000000000000000  0.000000000000000  0.000000000000000  0.000000000000000  0.018517074545962  0.005306587049019  0.150308656112272  0.701735863019538  0.046746429948825  0.000000000000000  0.000000000000000  0.997231251352069  0.003026780980309  0.000000000000000  0.640823962080096  0.358986127655859  0.000000000000000  0.000000000000000  0.086569341756933  0.498270131413934  1.000000000000000 
10.0    V  0.127892183716804  0.037786114869793  0.000000000000000  0.012023493907507  0.000000000000000  0.027757087370075  0.000000000000000  0.042247213532129  0.000000000000000  0.012958117903351  0.000000000000000  0.000000000000000  0.000000000000000  0.012976094126420  0.000000000000000  0.000000000000000  0.000000000000000  0.709070017839729  0.000000000000000  0.017301009132567  1.000000000000000  0.000000000000000  0.000000000000000  0.000000000000000  0.000000000000000  0.000000000000000  0.000000000000000  0.087050717541815  1.000000000000000  1.000000000000000 
11.0    Q  0.002419626362859  0.000000000000000  0.000000000000000  0.000000000000000  0.036625696364829  0.000000000000000  0.012216713173884  0.000000000000000  0.000000000000000  0.000000000000000  0.000000000000000  0.052848267961095  0.000000000000000  0.746389191648477  0.114864110434881  0.008229383093397  0.026187097958373  0.000000000000000  0.000000000000000  0.000000000000000  1.000000000000000  0.000000000000000  0.000000000000000  0.000000000000000  0.000000000000000  0.000000000000000  0.000000000000000  0.087534770055450  1.000000000000000  1.000000000000000 
12.0    A  0.386355274823994  0.000000000000000  0.065652784000672  0.000000000000000  0.000000000000000  0.014258835758491  0.000000000000000  0.000000000000000  0.036600318163088  0.011849746448238  0.000000000000000  0.000000000000000  0.059788009880742  0.018023212579063  0.000000000000000  0.246900215361343  0.140632310586101  0.019984149707460  0.000000000000000  0.000000000000000  0.947370070599268  0.000000000000000  0.052848267961095  0.000000000000000  0.000000000000000  0.000000000000000  0.000000000000000  0.087534770055450  1.000000000000000  1.000000000000000 
13.0    R  0.000000000000000  0.000000000000000  0.000000000000000  0.000000000000000  0.000000000000000  0.009024107691825  0.049997508020797  0.000000000000000  0.010694404789780  0.031620412532092  0.000000000000000  0.000000000000000  0.013820944302055  0.165281825642822  0.596667871515861  0.050977343333688  0.058679484207216  0.013239569296033  0.000000000000000  0.000000000000000  0.997231251352069  0.002465336000219  0.000000000000000  0.071446145963377  0.928516852306729  0.000000000000000  1.000000000000000  0.101461197622160  0.500000000000000  0.475988954248766 
14.0    Q  0.033632503899494  0.000000000000000  0.020645912588410  0.017493951385222  0.047333322371155  0.017421347167620  0.066477042055824  0.000000000000000  0.033353916813749  0.090936292727172  0.000000000000000  0.021152910610195  0.000000000000000  0.341036958719839  0.051012690384431  0.073048578035078  0.165740720037332  0.019090517213648  0.000000000000000  0.001751734686840  0.980099415341871  0.020025748815003  0.000000000000000  0.255253031426798  0.744838731561351  0.000000000000000  1.000000000000000  0.100272645794061  0.468460723436213  0.475988954248766 
15.0    L  0.003307598876416  0.005384395128811  0.000000000000000  0.000000000000000  0.007499447351866  0.000000000000000  0.000000000000000  0.013715965587649  0.000000000000000  0.785128118673572  0.005482311429840  0.000000000000000  0.000000000000000  0.016968466505036  0.000000000000000  0.004992575637512  0.038022573707315  0.096321388544801  0.015777364024948  0.007164094087536  1.000000000000000  0.000000000000000  0.000000000000000  1.000000000000000  0.000000000000000  1.000000000000000  0.000000000000000  0.101531549544529  0.498961359499525  0.475988954248766 
16.0    L  0.050171086794747  0.002450004305705  0.000000000000000  0.000000000000000  0.031950891581560  0.000000000000000  0.000000000000000  0.036982844429768  0.000000000000000  0.733058378594605  0.040470093714201  0.015517070241204  0.000000000000000  0.012216713173884  0.000000000000000  0.045626000332954  0.000000000000000  0.013859317268002  0.012199788946990  0.005470923128466  1.000000000000000  0.000000000000000  0.000000000000000  0.000000000000000  0.000000000000000  0.000000000000000  0.000000000000000  0.092525831125003  1.000000000000000  1.000000000000000 
17.0    S  0.213898756420651  0.001778652018734  0.049549008538143  0.000000000000000  0.004527718562127  0.059705183523902  0.011654250208527  0.000000000000000  0.065199287095616  0.002917604408423  0.000000000000000  0.016413196000168  0.000000000000000  0.033330805650993  0.015345931175990  0.437695664847132  0.065880713955671  0.007520269086732  0.004809157864629  0.009834040418007  0.980099415341871  0.016921485086343  0.002917604408423  0.885767519102361  0.114546080584419  0.000000000000000  0.000000000000000  0.093492859897649  0.491751037013124  1.000000000000000 
18.0    G  0.018440224114628  0.000000000000000  0.004286452881169  0.001719255885866  0.000000000000000  0.929804942613162  0.000000000000000  0.000000000000000  0.004215735298845  0.000000000000000  0.004978752450466  0.004097614560840  0.000000000000000  0.000000000000000  0.003377098559796  0.014308338850283  0.000000000000000  0.000000000000000  0.005358333158557  0.009239304689407  0.910038824080899  0.000000000000000  0.090058109302370  0.000000000000000  0.000000000000000  1.000000000000000  0.000000000000000  0.093428078039684  1.000000000000000  0.500000000000000 
19.0    I  0.000000000000000  0.000000000000000  0.000000000000000  0.000000000000000  0.004812492474397  0.004610056028657  0.000000000000000  0.861546159712017  0.005083366622820  0.011343424061749  0.007021524426649  0.012630013575087  0.000000000000000  0.004385630554975  0.042130241616783  0.019330194979487  0.005328702479997  0.007910584432426  0.000000000000000  0.013965393161825  0.998614666101029  0.001686210075341  0.000000000000000  1.000000000000000  0.000000000000000  1.000000000000000  0.000000000000000  0.121750533567905  0.500000000000000  0.458184322337676 
20.0    V  0.066800374450688  0.000000000000000  0.030416542942445  0.003452841918217  0.000000000000000  0.004842608202887  0.000000000000000  0.004367429105335  0.000000000000000  0.061468879626641  0.008472479756586  0.000000000000000  0.008408125974873  0.007894151925678  0.000000000000000  0.012940166583352  0.069927318814732  0.720964435730112  0.000000000000000  0.000000000000000  1.000000000000000  0.000000000000000  0.000000000000000  0.000000000000000  0.000000000000000  0.000000000000000  0.000000000000000  0.089808761034004  1.000000000000000  1.000000000000000 
21.0    Q  0.012958117903351  0.000000000000000  0.000000000000000  0.033377044001495  0.000000000000000  0.069927318814732  0.013066349998657  0.004869535915137  0.004958089398515  0.010620533139896  0.000000000000000  0.004397806977097  0.000000000000000  0.735093668194520  0.054787857582252  0.043555538708983  0.007888682012474  0.004367429105335  0.000000000000000  0.000000000000000  0.995159721820083  0.001382983826381  0.003337538050351  1.000000000000000  0.000000000000000  0.000000000000000  0.000000000000000  0.089995707407168  0.500000000000000  1.000000000000000 
22.0    Q  0.000000000000000  0.000000000000000  0.000000000000000  0.000000000000000  0.000000000000000  0.056798632278033  0.002762135864010  0.000000000000000  0.004403907859943  0.049104532291724  0.000000000000000  0.002952187359993  0.002958332648197  0.791137301185450  0.053958722410901  0.020789516266886  0.010401965728409  0.004842608202887  0.000000000000000  0.000000000000000  0.984866442895551  0.015409886007709  0.000000000000000  0.564091068728256  0.435879119768531  1.000000000000000  0.000000000000000  0.089808761034004  0.485653747770817  0.500000000000000 
23.0    Q  0.023163547028169  0.000000000000000  0.000000000000000  0.000000000000000  0.004906806176342  0.000000000000000  0.048799155787962  0.000000000000000  0.086509357253217  0.031598502526603  0.000000000000000  0.030713143704539  0.000000000000000  0.730016005327261  0.009759344731667  0.030500992524257  0.004189518034445  0.000000000000000  0.000000000000000  0.000000000000000  0.900625979847929  0.050800975124020  0.048294409352999  0.378404198242395  0.621574834451970  0.496202187342909  0.503826880205252  0.089808761034004  0.467487598875728  0.491069797631696 
24.0    N  0.063109456099793  0.002993398359781  0.087777804733625  0.023552107961850  0.000000000000000  0.011469926844016  0.008379036068890  0.009800017222820  0.139854637629464  0.000000000000000  0.000000000000000  0.234230361718106  0.000000000000000  0.130488990927715  0.015388538170243  0.233258247884202  0.028164076956588  0.002525876820093  0.000000000000000  0.008986655416802  0.990342871933025  0.009806812431896  0.000000000000000  0.456599125005996  0.543367431263029  0.182757181050004  0.817335328488283  0.098960733233909  0.494828328207603  0.472046209575125 
25.0    N  0.008862933476062  0.000000000000000  0.006675076100701  0.049790006017849  0.018775563273857  0.000000000000000  0.015538596385519  0.005916665296394  0.024757337841405  0.000000000000000  0.013212066990274  0.643494623650635  0.000000000000000  0.102166916061035  0.004440691301703  0.002013609997646  0.049514675682811  0.014189819026899  0.000000000000000  0.040751585476830  1.000000000000000  0.000000000000000  0.000000000000000  0.000000000000000  0.000000000000000  0.757333157938488  0.242658617442387  0.084787770465479  1.000000000000000  0.477310507069858 
26.0    L  0.006619784648017  0.031532863557646  0.000000000000000  0.001405208574229  0.022066475068512  0.023798261557863  0.018919266936727  0.014219356626264  0.000000000000000  0.709070017839729  0.017074652173452  0.003828513341179  0.012534080724258  0.026369243629063  0.002103489016002  0.070024325887136  0.000000000000000  0.040554336466849  0.000000000000000  0.000000000000000  0.980779003988551  0.019156794688331  0.000000000000000  0.690637224071928  0.309068815230238  1.000000000000000  0.000000000000000  0.074480160910878  0.494485458190466  0.496202187342909 
27.0    L  0.091188771515011  0.002458510104502  0.000000000000000  0.000000000000000  0.016401823181610  0.010517969291225  0.000000000000000  0.000000000000000  0.000000000000000  0.732042847972813  0.003966273831521  0.000000000000000  0.002246663854200  0.025898278265250  0.000000000000000  0.015452670568452  0.000000000000000  0.042130241616783  0.037343475151774  0.020446532366485  0.995159721820083  0.004937512103331  0.000000000000000  0.315563008028029  0.684441906545919  0.000000000000000  0.000000000000000  0.071149626817180  0.471719125447680  1.000000000000000 
28.0    R  0.017886315009354  0.000000000000000  0.040051497630006  0.127892183716804  0.000000000000000  0.012841877926482  0.000000000000000  0.000000000000000  0.138024855895387  0.001326646762255  0.009011606289531  0.001287689076653  0.000000000000000  0.059005776196891  0.442270217665770  0.048968574184334  0.034818551588104  0.009665097489744  0.056956330039821  0.000000000000000  0.995849753094458  0.000000000000000  0.003857815865021  0.000000000000000  0.000000000000000  0.000000000000000  0.000000000000000  0.058924033494890  1.000000000000000  1.000000000000000 
29.0    A  0.656560562712076  0.000000000000000  0.013706461698950  0.000000000000000  0.004581386520437  0.061468879626641  0.005065779510356  0.009545258606824  0.000000000000000  0.105112051906714  0.040978187944239  0.000000000000000  0.000000000000000  0.000000000000000  0.039172906888772  0.011973593439123  0.012174446557195  0.037162722343835  0.000000000000000  0.002391282016407  0.976708528962227  0.003346804510815  0.019818615614467  0.081052472165688  0.918912883479050  0.000000000000000  1.000000000000000  0.059169601952295  0.439519780455894  0.495858365369147 
30.0    I  0.000000000000000  0.000000000000000  0.000000000000000  0.031576607702711  0.026867390195094  0.000000000000000  0.000000000000000  0.602903913845380  0.000000000000000  0.095589767367673  0.000000000000000  0.011965296852300  0.000000000000000  0.002356726405705  0.000000000000000  0.005794902085317  0.000000000000000  0.170755032094299  0.034939432842683  0.017086491523197  0.978741650397436  0.013715965587649  0.007406460665068  1.000000000000000  0.000000000000000  0.000000000000000  1.000000000000000  0.060748811748835  0.489370825198718  0.483303048532487 
31.0    E  0.002611329092588  0.000000000000000  0.025952188252840  0.619853849969493  0.005738939973743  0.060959716345478  0.000000000000000  0.000000000000000  0.033539383949795  0.005076324462717  0.000000000000000  0.000000000000000  0.000000000000000  0.116064606538341  0.058842404033825  0.051545846788130  0.019818615614467  0.000000000000000  0.000000000000000  0.000000000000000  0.994470168673214  0.005738939973743  0.000000000000000  0.212421249784663  0.787307976569203  0.940826107513788  0.059046690062325  0.061128967090459  0.491069797631696  0.479299719246488 
32.0    A  0.612592665952338  0.000000000000000  0.000000000000000  0.003765350811487  0.000000000000000  0.074583483939483  0.002428026697078  0.000000000000000  0.038075320739850  0.019196671569463  0.001136647006252  0.000000000000000  0.023324662239015  0.044409126349417  0.123621364547616  0.031686233743438  0.017886315009354  0.007299432397525  0.000000000000000  0.000000000000000  0.971307495541633  0.000000000000000  0.028696130071904  0.000000000000000  0.000000000000000  1.000000000000000  0.000000000000000  0.059375023929680  1.000000000000000  0.500000000000000 
33.0    Q  0.066155274679696  0.000000000000000  0.000000000000000  0.000000000000000  0.000000000000000  0.017241152188156  0.032509383328812  0.000000000000000  0.002212663838468  0.026718818059124  0.000000000000000  0.032486857349227  0.025016087833009  0.725476103917089  0.000000000000000  0.029977003728915  0.042305821220389  0.000000000000000  0.000000000000000  0.000000000000000  0.991029563264079  0.000000000000000  0.008716713455664  0.523768063549899  0.476318999021969  1.000000000000000  0.000000000000000  0.060833085884890  0.498615625676035  0.483973513446869 
34.0    Q  0.039637231228933  0.000000000000000  0.000000000000000  0.030227385300435  0.000000000000000  0.004785880202753  0.013706461698950  0.000000000000000  0.000000000000000  0.000000000000000  0.000000000000000  0.054598305994793  0.025225033578274  0.716977624007914  0.030374405874417  0.036397924577139  0.042600081477578  0.000000000000000  0.005384395128811  0.000000000000000  0.962594443101751  0.000000000000000  0.037629293163482  0.000000000000000  0.000000000000000  0.000000000000000  1.000000000000000  0.060245612983790  1.000000000000000  0.491751037013124 
35.0    H  0.062934721878545  0.000000000000000  0.000000000000000  0.127096834161495  0.000000000000000  0.036397924577139  0.491069797631696  0.037059828106592  0.000000000000000  0.037317599596081  0.019090517213648  0.023914012028479  0.001739634571497  0.102877543159839  0.005978503007120  0.027892092858531  0.002036065939143  0.002249780551464  0.000000000000000  0.022204563174709  0.988285651500733  0.005786874211017  0.005738939973743  0.429878243121503  0.570381857934212  0.124653906419009  0.875391329694264  0.057392260143808  0.463936738235641  0.455019412040450 
36.0    L  0.015744590006414  0.028320685570854  0.000000000000000  0.000000000000000  0.010159688644910  0.000000000000000  0.014915953345933  0.070218743939478  0.000000000000000  0.564091068728256  0.173739777480292  0.000000000000000  0.000000000000000  0.002675455038995  0.000000000000000  0.024197469620413  0.007509851003037  0.034386831542692  0.001676885618042  0.052337905469277  0.946057646725596  0.054108535344979  0.000000000000000  0.681129017320244  0.319082192207238  0.000000000000000  1.000000000000000  0.053289680735497  0.423666217473059  0.456282744271726 
37.0    L  0.018788582014034  0.068916822691807  0.000000000000000  0.002259156609190  0.001673402255407  0.014823192424070  0.020361674208801  0.007499447351866  0.031034140482407  0.702709350103360  0.014895289770127  0.014619117153616  0.000000000000000  0.000000000000000  0.014741222670240  0.013303964183577  0.000000000000000  0.058801631719612  0.013840117485974  0.001645794588873  0.999307092990453  0.001014510843064  0.000000000000000  0.339386244970002  0.660669202829133  0.683493725970905  0.316219885588484  0.053326631132004  0.469435873657726  0.456282744271726 
38.0    Q  0.059539874877746  0.010724097119179  0.014457881688091  0.027641888604111  0.000000000000000  0.032486857349227  0.011312016971715  0.000000000000000  0.176409480426087  0.017385158134138  0.000000000000000  0.057114465639338  0.004680894614607  0.329191730514811  0.166316130135086  0.043797732783773  0.021021362633154  0.028008334361544  0.000000000000000  0.000000000000000  0.996540262827868  0.000000000000000  0.003713512114179  0.000000000000000  0.000000000000000  0.000000000000000  1.000000000000000  0.051367511705928  1.000000000000000  0.487339815445774 
39.0    L  0.043344717785356  0.000000000000000  0.000000000000000  0.002541683311410  0.007641120886307  0.000000000000000  0.016086563803656  0.014978116226453  0.013917076571979  0.654289035727505  0.000000000000000  0.014578640492763  0.006129563264818  0.000000000000000  0.000000000000000  0.125520942904872  0.095127086302460  0.005640348420010  0.000000000000000  0.000000000000000  0.959929261038908  0.040190546357206  0.000000000000000  1.000000000000000  0.000000000000000  0.596254436165316  0.403600537252382  0.051367511705928  0.462973011263662  0.484980955170867 
40.0    T  0.025898278265250  0.025577161924713  0.000000000000000  0.000000000000000  0.000000000000000  0.009943710431843  0.091188771515011  0.007899625631651  0.000000000000000  0.004917020209003  0.000000000000000  0.000000000000000  0.003716087016921  0.050590138534213  0.050590138534213  0.137547326170767  0.569591688611057  0.000000000000000  0.022608357591727  0.000000000000000  0.982820598545251  0.005175808660333  0.011702819800189  0.309068815230238  0.691116103264291  0.698823485925533  0.301243078748697  0.051688960527704  0.495514781632040  0.479299719246488 
41.0    V  0.051438771579919  0.022066475068512  0.000000000000000  0.000000000000000  0.001401317904889  0.042276507220321  0.000000000000000  0.080436827956329  0.003564708939623  0.015700997194122  0.000000000000000  0.000000000000000  0.000000000000000  0.000000000000000  0.001936946739723  0.149166967878965  0.000000000000000  0.632001549226403  0.000000000000000  0.000000000000000  0.974004268543241  0.022097086912080  0.004027219995292  0.357248534935273  0.642603168734686  0.586417474615939  0.413511684221633  0.051868411599374  0.475659138165900  0.485317234884773 
42.0    W  0.000000000000000  0.000000000000000  0.000000000000000  0.000000000000000  0.000000000000000  0.088388347648318  0.002638621258859  0.007089993400915  0.000000000000000  0.142299253634360  0.011981895778696  0.000000000000000  0.000000000000000  0.023748825881274  0.019750048413325  0.016874633747389  0.000000000000000  0.000000000000000  0.657015813574686  0.030353359235676  0.955282936382437  0.044656066866909  0.000000000000000  0.566834706389211  0.433168428200044  0.244346441602701  0.755759964158113  0.047728671811272  0.453445164466571  0.484309094613314 
43.0    G  0.076999879590360  0.006546774489593  0.000000000000000  0.000000000000000  0.000000000000000  0.866336856400087  0.021777769354492  0.000000000000000  0.000000000000000  0.005143620789294  0.000000000000000  0.000000000000000  0.000000000000000  0.000000000000000  0.000000000000000  0.000000000000000  0.000000000000000  0.023195680791079  0.000000000000000  0.000000000000000  0.984866442895551  0.015145153389610  0.000000000000000  0.369078601420708  0.631126016056058  0.959929261038908  0.039968299414920  0.049411819787746  0.485990493990676  0.447202450891303 
44.0    I  0.047136877396456  0.000000000000000  0.000000000000000  0.012595044242078  0.000000000000000  0.000000000000000  0.093557686674543  0.544121220835402  0.000000000000000  0.085733330536912  0.005086891365504  0.016816251949747  0.000000000000000  0.000000000000000  0.008246513419047  0.020404059173264  0.056406295466402  0.103449602009776  0.000000000000000  0.006470083291676  0.990342871933025  0.003611965930132  0.005827125104264  1.000000000000000  0.000000000000000  1.000000000000000  0.000000000000000  0.049377581991461  0.498270131413934  0.500000000000000 
45.0    K  0.002837822362444  0.000000000000000  0.000000000000000  0.025862400502444  0.000000000000000  0.015997607819194  0.000000000000000  0.004508927412175  0.661127302571287  0.026607928367155  0.000000000000000  0.047530586038782  0.000000000000000  0.025016087833009  0.071198961076382  0.063857505169644  0.028755864082027  0.000000000000000  0.000000000000000  0.026479138592066  1.000000000000000  0.000000000000000  0.000000000000000  0.000000000000000  0.000000000000000  1.000000000000000  0.000000000000000  0.049514675682811  1.000000000000000  0.495514781632040 
46.0    Q  0.013897796774030  0.000000000000000  0.000000000000000  0.000000000000000  0.000000000000000  0.000000000000000  0.020963159763785  0.000000000000000  0.019627224705368  0.004233304557987  0.000000000000000  0.181872585454345  0.002061628354762  0.602903913845380  0.017566858184041  0.091315273659105  0.045531222309313  0.000000000000000  0.000000000000000  0.000000000000000  0.989656656415207  0.000000000000000  0.010394758133443  0.000000000000000  0.000000000000000  0.000000000000000  0.000000000000000  0.049549008538143  1.000000000000000  1.000000000000000 
47.0    L  0.046487930076078  0.000000000000000  0.000000000000000  0.000000000000000  0.000000000000000  0.000000000000000  0.002491102327497  0.000000000000000  0.000000000000000  0.731028724200017  0.000000000000000  0.000000000000000  0.046876218415182  0.005778857458003  0.000000000000000  0.161208531331986  0.006354524985407  0.000000000000000  0.000000000000000  0.000000000000000  1.000000000000000  0.000000000000000  0.000000000000000  0.000000000000000  0.000000000000000  0.000000000000000  1.000000000000000  0.050032175666019  1.000000000000000  0.492433221447775 
48.0    Q  0.000000000000000  0.000000000000000  0.000000000000000  0.000000000000000  0.000000000000000  0.030543305200338  0.009252121967607  0.000000000000000  0.002259156609190  0.029056404456661  0.000000000000000  0.032599643547808  0.064748922722501  0.596254436165316  0.164595865257405  0.070511383591032  0.000000000000000  0.000000000000000  0.000000000000000  0.000000000000000  0.996540262827868  0.000000000000000  0.003770574315905  0.000000000000000  0.000000000000000  0.000000000000000  1.000000000000000  0.049755506173674  1.000000000000000  0.492433221447775 
49.0    A  0.594191552528466  0.000000000000000  0.016299821773904  0.000000000000000  0.000000000000000  0.103163176064082  0.006796463693036  0.000000000000000  0.015124172295215  0.000000000000000  0.000000000000000  0.000000000000000  0.026811579075897  0.065154110052570  0.046230859664026  0.008189550589976  0.105989995579143  0.012199788946990  0.000000000000000  0.000000000000000  1.000000000000000  0.000000000000000  0.000000000000000  0.000000000000000  0.000000000000000  0.377095019171645  0.622868707784737  0.049790006017849  1.000000000000000  0.486327473706143 
50.0    R  0.016390458243359  0.002987180230240  0.000000000000000  0.065789447169340  0.000000000000000  0.001320225422879  0.021537580515244  0.003577084712571  0.088510964888409  0.000000000000000  0.026793001144818  0.000000000000000  0.000000000000000  0.032017400719775  0.698823485925533  0.032396909406866  0.009895580107213  0.000000000000000  0.000000000000000  0.000000000000000  0.971980987981352  0.002141741383961  0.025630403474898  0.500000000000000  0.500000000000000  0.000000000000000  1.000000000000000  0.049790006017849  0.497924876547229  0.492433221447775 
51.0    V  0.000000000000000  0.000000000000000  0.002324280656849  0.038101721689884  0.012352954946937  0.002308225677606  0.000000000000000  0.100900134313096  0.000000000000000  0.169223284881557  0.007894151925678  0.006167920989848  0.008578850107711  0.022051185053261  0.005867655964613  0.133508176005981  0.000000000000000  0.490729531926740  0.000000000000000  0.000000000000000  0.959264119325264  0.038419964601706  0.002159630182266  0.333324669272800  0.666649338545599  0.000000000000000  1.000000000000000  0.051083458030518  0.459456441739525  0.462331639056850 
52.0    L  0.030691862351981  0.000000000000000  0.000000000000000  0.000000000000000  0.000000000000000  0.022765611154656  0.013157233650131  0.003137867174832  0.000000000000000  0.610896550836750  0.000000000000000  0.000000000000000  0.045279442329840  0.043919334381460  0.000000000000000  0.043045313949473  0.128960397412670  0.002371474383584  0.055591187096119  0.000000000000000  0.959264119325264  0.013489680602725  0.027016788478371  0.416099367355762  0.583983697306559  0.000000000000000  1.000000000000000  0.052012420919470  0.492433221447775  0.419865746472070 
53.0    A  0.768437590644006  0.019586453444386  0.008704637897026  0.002769804757186  0.000000000000000  0.093428078039684  0.000000000000000  0.000000000000000  0.000000000000000  0.047728671811272  0.000000000000000  0.000000000000000  0.003214923223745  0.000000000000000  0.003621994322014  0.038340155539181  0.010957025395644  0.003237284783156  0.000000000000000  0.000000000000000  0.961260928388761  0.008710673583810  0.029790579540255  0.859756486243006  0.140437487878956  0.343885454534936  0.656105627295980  0.053142135004012  0.464258426153364  0.392836258333790 
54.0    V  0.001339583289639  0.028915763376183  0.000000000000000  0.005742919282770  0.000000000000000  0.000000000000000  0.027565355162412  0.215535886254399  0.014377932041014  0.277584708407160  0.004746237468379  0.000000000000000  0.041463910643661  0.000000000000000  0.013048248741068  0.024013674707625  0.007478683267151  0.282828615711475  0.010152648925433  0.045216715183454  0.986916545885842  0.013075410041928  0.000000000000000  1.000000000000000  0.000000000000000  0.285190928967106  0.714992493180845  0.054901904264898  0.490389501994276  0.404160434402784 
55.0    E  0.000000000000000  0.000000000000000  0.012877532577394  0.748980467212091  0.000000000000000  0.062456693311903  0.000000000000000  0.000000000000000  0.034963659407366  0.000000000000000  0.000000000000000  0.000000000000000  0.025453361345944  0.006367752596896  0.057951909152216  0.013555291986751  0.037577164028068  0.000000000000000  0.000000000000000  0.000000000000000  0.995849753094458  0.004256844188333  0.000000000000000  0.111105335145821  0.888842681166570  0.000000000000000  1.000000000000000  0.053105312446166  0.497924876547229  0.429580377473592 
56.0    R  0.014033318326311  0.000000000000000  0.025330159996416  0.041377778449856  0.000000000000000  0.030883926609398  0.000000000000000  0.002724108723341  0.249826773247613  0.000000000000000  0.000000000000000  0.006271385849343  0.025068161448515  0.000000000000000  0.440434687063490  0.067032288551121  0.097125908598006  0.000000000000000  0.000000000000000  0.000000000000000  1.000000000000000  0.000000000000000  0.000000000000000  0.000000000000000  0.000000000000000  0.000000000000000  1.000000000000000  0.053031743856619  1.000000000000000  0.429580377473592 
57.0    Y  0.000000000000000  0.001590835084122  0.000000000000000  0.000000000000000  0.049446081324091  0.032940356977836  0.010337276874282  0.109803808529795  0.000000000000000  0.053883971563600  0.000000000000000  0.011654250208527  0.000000000000000  0.000000000000000  0.000000000000000  0.029076551803219  0.038446604523473  0.000000000000000  0.032871930600121  0.629814989973700  0.968618189226628  0.013102627881890  0.018123432101647  0.500000000000000  0.500000000000000  0.901250462610830  0.098960733233909  0.053031743856619  0.489710148793463  0.429580377473592 
58.0    L  0.000000000000000  0.012958117903351  0.000000000000000  0.000000000000000  0.000000000000000  0.000000000000000  0.000000000000000  0.079439480581604  0.000000000000000  0.639049681601526  0.023227859131735  0.004785880202753  0.111105335145821  0.000000000000000  0.000000000000000  0.033146491917757  0.000000000000000  0.037162722343835  0.059005776196891  0.000000000000000  0.940174202509126  0.023980407750014  0.035574813408590  0.142892291926755  0.857376036634172  0.000000000000000  1.000000000000000  0.047828024056958  0.471719125447680  0.477641468191219 
59.0    K  0.028301061969307  0.000000000000000  0.000000000000000  0.051296350550656  0.000000000000000  0.029299096764285  0.002473895026803  0.000000000000000  0.507331273290440  0.000000000000000  0.002695932330853  0.028577034046872  0.007604135735611  0.134064577102243  0.174342958293801  0.005687459175778  0.022813000166477  0.002189777496149  0.001697938593926  0.001617520822919  0.952637998043937  0.036574957546081  0.010613174098039  1.000000000000000  0.000000000000000  0.000000000000000  1.000000000000000  0.053252755942179  0.460412848602520  0.435879119768531 
60.0    D  0.025559439329931  0.000000000000000  0.694477567882555  0.009545258606824  0.002128422094167  0.062025273417864  0.003591992367780  0.013917076571979  0.000000000000000  0.009105790610426  0.000000000000000  0.076045147414629  0.000000000000000  0.000000000000000  0.000000000000000  0.041723384477997  0.044656066866909  0.010322956294205  0.000000000000000  0.006740166754239  0.979420297586927  0.020645912588410  0.000000000000000  0.333324669272800  0.666649338545599  0.000000000000000  1.000000000000000  0.053734780390188  0.483973513446869  0.427501088945986 
61.0    Q  0.002376410856707  0.000000000000000  0.000000000000000  0.000000000000000  0.000000000000000  0.000000000000000  0.000000000000000  0.000000000000000  0.000000000000000  0.000000000000000  0.000000000000000  0.012318752719629  0.048968574184334  0.746389191648477  0.042247213532129  0.066754088002991  0.080940187428402  0.000000000000000  0.000000000000000  0.000000000000000  0.917639882311365  0.026132699997314  0.056484545421943  1.000000000000000  0.000000000000000  0.000000000000000  1.000000000000000  0.054371709544291  0.470413053756894  0.427501088945986 
62.0    Q  0.098960733233909  0.000000000000000  0.009042892320235  0.000000000000000  0.000000000000000  0.000000000000000  0.021914050791288  0.000000000000000  0.009881871424640  0.047894373756493  0.000000000000000  0.000000000000000  0.010019817209080  0.593368398828266  0.084143754329799  0.060037178997092  0.050066867349351  0.000000000000000  0.000000000000000  0.014731008373722  0.991029563264079  0.000000000000000  0.009042892320235  0.000000000000000  0.000000000000000  0.191577495025973  0.808320868805567  0.061810682273808  1.000000000000000  0.358986127655859 
63.0    L  0.041723384477997  0.000000000000000  0.000000000000000  0.011541703621739  0.013936383115939  0.007910584432426  0.006425391161816  0.072142838594802  0.020333466491280  0.619424348891954  0.004508927412175  0.053734780390188  0.012779719664965  0.016367751985934  0.084494427064258  0.013555291986751  0.004713452811409  0.016596237288990  0.000000000000000  0.000000000000000  0.951977908497532  0.048093975630027  0.000000000000000  0.418123199957031  0.581963267201068  0.067592172717726  0.932386486436833  0.060790934213268  0.450937689191125  0.375009747321455 
64.0    M  0.000000000000000  0.000000000000000  0.000000000000000  0.000000000000000  0.026205255763779  0.000000000000000  0.000000000000000  0.023292349793733  0.000000000000000  0.899378312147752  0.010459806695144  0.000000000000000  0.018010724168732  0.000000000000000  0.012318752719629  0.010019817209080  0.000000000000000  0.000000000000000  0.000000000000000  0.000000000000000  1.000000000000000  0.000000000000000  0.000000000000000  0.000000000000000  0.000000000000000  0.073863221683398  0.925946022527324  0.061256213458867  1.000000000000000  0.358986127655859 
65.0    G  0.017349044275447  0.002301834780882  0.009888723390393  0.013975076590353  0.000000000000000  0.626766510220345  0.000000000000000  0.000000000000000  0.032240099353167  0.000000000000000  0.000000000000000  0.193713982739793  0.000000000000000  0.006245358049629  0.017373111836205  0.040079268836320  0.035036439938391  0.000000000000000  0.005157901722715  0.000000000000000  0.890692900606681  0.084729020425000  0.024484287092167  0.432268615653933  0.567621051073032  0.207042665333636  0.792784136610284  0.060203868376259  0.431370672271328  0.367801686463934 
66.0    I  0.017898717155934  0.000000000000000  0.000000000000000  0.026552656223083  0.037034149091924  0.000000000000000  0.028815722434770  0.432568345292494  0.000000000000000  0.228933421604532  0.034482304376311  0.022892201165802  0.000000000000000  0.025524030972188  0.002218807157786  0.069927318814732  0.031818287492644  0.041492661199451  0.000000000000000  0.000000000000000  0.967276329613932  0.000000000000000  0.032986053676186  0.111105335145821  0.888842681166570  0.022971677131079  0.976708528962227  0.063901783163120  0.485317234884773  0.355273010795340 
67.0    W  0.000000000000000  0.003949812815825  0.000000000000000  0.000000000000000  0.022452190258501  0.026278012976679  0.000000000000000  0.008355836624103  0.000000000000000  0.029769937438873  0.014437852694482  0.000000000000000  0.013668511951653  0.000000000000000  0.005636440183053  0.009055437124254  0.002814315915699  0.002001087544986  0.850274160064196  0.011533706294397  0.951977908497532  0.048260945818237  0.000000000000000  0.250000000000000  0.750019494642909  0.350381862270187  0.649769531227720  0.068203992315933  0.462973011263662  0.337509496280686 
68.0    G  0.025225033578274  0.005892109674557  0.000000000000000  0.000000000000000  0.000000000000000  0.924663278113700  0.000000000000000  0.004154815128489  0.023997035464095  0.000000000000000  0.000000000000000  0.000000000000000  0.000000000000000  0.000000000000000  0.013285533751003  0.003039395220920  0.000000000000000  0.000000000000000  0.000000000000000  0.000000000000000  0.987600861445373  0.012208248127692  0.000000000000000  0.164367845025634  0.835666958921854  0.257742079698697  0.742261785314525  0.062240609568404  0.450312989923965  0.357496246590423 
69.0    C  0.043404847992660  0.816203046150902  0.000000000000000  0.032084048303750  0.008076802626937  0.046198825977308  0.000000000000000  0.000000000000000  0.000000000000000  0.028047189083352  0.013340901787363  0.000000000000000  0.000000000000000  0.000000000000000  0.000000000000000  0.000000000000000  0.012744335833422  0.000000000000000  0.000000000000000  0.000000000000000  0.962594443101751  0.021448194238358  0.016030908520893  0.245534898815848  0.754190038343289  0.327371355770891  0.672683604260913  0.058112808913323  0.466193243218416  0.389582289830250 
70.0    S  0.102237757319723  0.013212066990274  0.000000000000000  0.022577037467555  0.049617745683228  0.000000000000000  0.013111713079790  0.000000000000000  0.058801631719612  0.007769298192759  0.000000000000000  0.001976275783256  0.016676958406874  0.009888723390393  0.037525107108913  0.654742711541783  0.005667782061852  0.002546974092302  0.000000000000000  0.003741934446182  0.971307495541633  0.003349125143102  0.025277542136304  0.244515868361835  0.755759964158113  0.292599660368647  0.707597080163328  0.056602123938614  0.472373520498603  0.411795508633787 
71.0    G  0.019357010902874  0.008537326086726  0.004437614315573  0.005766853147199  0.100203166174924  0.714992493180845  0.003127010979126  0.011890885787807  0.000000000000000  0.057951909152216  0.000000000000000  0.026793001144818  0.000000000000000  0.001920902488333  0.004277548714037  0.000000000000000  0.000000000000000  0.000000000000000  0.040779842115280  0.000000000000000  0.969961910341735  0.027091798859834  0.002783276590134  0.142892291926755  0.857376036634172  0.664342907048256  0.335875856430324  0.057671405790862  0.478635729097649  0.410370804405249 
72.0    K  0.039582320428851  0.000000000000000  0.000000000000000  0.001546261456780  0.000000000000000  0.033702513490452  0.039609766313576  0.001623136448425  0.600401713742604  0.008936960728155  0.012352954946937  0.046391361582158  0.018224208902945  0.007790869151188  0.134436798807172  0.023503183615448  0.025400487562010  0.006461120065963  0.000000000000000  0.000000000000000  0.923382310729395  0.076574083244042  0.000000000000000  0.203063099089059  0.796640096285583  0.194251817196012  0.805524291048750  0.048630323534714  0.427501088945986  0.465870214652387 
73.0    L  0.049480366616954  0.006138066536465  0.000000000000000  0.008680536942618  0.006301888743923  0.000000000000000  0.124394965227510  0.060706718471352  0.025016087833009  0.480963727332387  0.000000000000000  0.000000000000000  0.019709022012988  0.144185700632503  0.006197920649931  0.026515871928309  0.029197729590099  0.011187255790634  0.000000000000000  0.001178363202852  0.960594863953477  0.033146491917757  0.006138066536465  0.563700206072711  0.436483795566881  0.000000000000000  1.000000000000000  0.049377581991461  0.468460723436213  0.472701058375372 
74.0    I  0.000000000000000  0.052958277184132  0.000000000000000  0.000000000000000  0.008662505028149  0.000000000000000  0.000000000000000  0.546388869550476  0.000000000000000  0.092014178885511  0.046941247716904  0.034818551588104  0.030374405874417  0.000000000000000  0.001351708707082  0.012691443693066  0.013452331067795  0.160205990520024  0.000000000000000  0.000000000000000  0.969961910341735  0.000000000000000  0.029997789407466  0.000000000000000  0.000000000000000  0.000000000000000  1.000000000000000  0.049036506118547  1.000000000000000  0.465547409915115 
75.0    C  0.000000000000000  0.850863729506541  0.000000000000000  0.043525358770907  0.000000000000000  0.011525714508460  0.018697640050480  0.013994463595170  0.021167577773209  0.026387527731993  0.000000000000000  0.000000000000000  0.000000000000000  0.005879870107074  0.008110463051118  0.000000000000000  0.000000000000000  0.000000000000000  0.000000000000000  0.000000000000000  0.902500727462430  0.051545846788130  0.046230859664026  0.120157616048595  0.879649075922436  0.000000000000000  1.000000000000000  0.049790006017849  0.437392382452911  0.432868282759829 
76.0    T  0.027412923397901  0.000000000000000  0.014043048853297  0.000000000000000  0.000000000000000  0.010159688644910  0.158219574246285  0.000000000000000  0.000000000000000  0.019709022012988  0.000000000000000  0.037421209519342  0.054409410206008  0.028183605574445  0.031336763621909  0.019117000642685  0.495858365369147  0.000000000000000  0.000000000000000  0.103952762296863  1.000000000000000  0.000000000000000  0.000000000000000  0.017241152188156  0.982820598545251  0.000000000000000  1.000000000000000  0.060833085884890  0.500000000000000  0.361733721467631 
77.0    T  0.000000000000000  0.000000000000000  0.000000000000000  0.000000000000000  0.000000000000000  0.038340155539181  0.000000000000000  0.000000000000000  0.004876291206647  0.015040538173465  0.000000000000000  0.007294374569651  0.000000000000000  0.028183605574445  0.000000000000000  0.090496135773722  0.802737388715953  0.013175486097658  0.000000000000000  0.000000000000000  1.000000000000000  0.000000000000000  0.000000000000000  0.000000000000000  0.000000000000000  0.045499673406221  0.954621014139717  0.060833085884890  1.000000000000000  0.361733721467631 
78.0    A  0.130760617474066  0.007094909513449  0.019236631458514  0.012630013575087  0.008043281901828  0.008862933476062  0.006262697885933  0.028379638053797  0.023003544721378  0.014978116226453  0.000000000000000  0.259714775824416  0.000000000000000  0.000000000000000  0.014926295880976  0.189990607050190  0.261884031774949  0.001154913086176  0.013030172559765  0.000000000000000  1.000000000000000  0.000000000000000  0.000000000000000  0.000000000000000  0.000000000000000  0.256316809472148  0.743806881217253  0.060538636826664  1.000000000000000  0.367037659008526 
79.0    V  0.074686950303549  0.017542522219900  0.000000000000000  0.005451995172352  0.000000000000000  0.006944083446614  0.000000000000000  0.022173802440631  0.000000000000000  0.047464740306704  0.000000000000000  0.000000000000000  0.035921714001084  0.000000000000000  0.000000000000000  0.021211640310625  0.000000000000000  0.768437590644006  0.000000000000000  0.000000000000000  0.953959550547558  0.000000000000000  0.045879707376066  0.199990032083188  0.799960128332753  0.679714120953369  0.320189965332443  0.056133273305246  0.470413053756894  0.397217200048052 
80.0    P  0.032690154368517  0.000000000000000  0.000000000000000  0.029482445340480  0.000000000000000  0.009099481144285  0.004123256709523  0.002205008603137  0.056172195413189  0.025050791543731  0.000000000000000  0.000000000000000  0.756283998641981  0.023292349793733  0.016874633747389  0.013668511951653  0.007314626933082  0.023535788541153  0.000000000000000  0.000000000000000  0.951977908497532  0.021344379011787  0.026552656223083  0.166662334636400  0.833353207159218  0.000000000000000  1.000000000000000  0.053883971563600  0.475988954248766  0.426908857195622 
81.0    W  0.000000000000000  0.000000000000000  0.000000000000000  0.000000000000000  0.000000000000000  0.039200068891281  0.000000000000000  0.000000000000000  0.037759932605936  0.074842419038683  0.000000000000000  0.000000000000000  0.003436129202822  0.000000000000000  0.013888166893228  0.001706197062337  0.000000000000000  0.009820416988452  0.810565119885309  0.008795613954193  0.846745312362527  0.042159454198116  0.110797712399358  0.209351621877107  0.790589116603944  0.106357966188318  0.893785162356787  0.055475708579344  0.450000964896756  0.406971592535217 
82.0    N  0.010351617320666  0.000000000000000  0.026830169888680  0.031576607702711  0.000000000000000  0.011581773514085  0.000000000000000  0.020446532366485  0.032712821311705  0.000000000000000  0.000000000000000  0.738157202841417  0.000000000000000  0.006546774489593  0.019276674528273  0.042985681816867  0.045342256494818  0.012709049970814  0.000000000000000  0.001434734993436  0.951318276331799  0.001835005369559  0.046973796189549  0.166662334636400  0.833353207159218  0.000000000000000  1.000000000000000  0.065380308737033  0.500000000000000  0.303128204765434 
83.0    A  0.090936292727172  0.016458766186794  0.036982844429768  0.018173750649185  0.000000000000000  0.005083366622820  0.004951220789197  0.032849153408991  0.041263213781719  0.063813257856700  0.007109678313132  0.083968964107581  0.000000000000000  0.022639721164920  0.012877532577394  0.422786143688758  0.126744934973754  0.009226505167418  0.000000000000000  0.004192422993724  0.950000382874886  0.020361674208801  0.029380443828410  0.256494536334285  0.743291492215508  0.182124889237251  0.817902058557781  0.075519865211871  0.478635729097649  0.284993318173365 
84.0    S  0.034554082916258  0.000000000000000  0.015711884068726  0.000000000000000  0.000000000000000  0.000000000000000  0.031950891581560  0.008881382603406  0.001385862652539  0.051474438579223  0.000000000000000  0.006358931133363  0.024501264189867  0.013193763865997  0.006420938963241  0.566441942647899  0.173619391970639  0.045689295262501  0.000000000000000  0.019832357594059  0.995159721820083  0.004849326138774  0.000000000000000  0.198058702731242  0.802181166352486  0.036372704200067  0.963929807740643  0.072443496994028  0.495171435966512  0.304602565918798 
85.0    W  0.000000000000000  0.006848482197782  0.000000000000000  0.000000000000000  0.014477938467037  0.091759414752131  0.000000000000000  0.000000000000000  0.005593627895317  0.061767853218796  0.000000000000000  0.000000000000000  0.000000000000000  0.015777364024948  0.000000000000000  0.000000000000000  0.000000000000000  0.011597840395539  0.792234810924969  0.000000000000000  0.951318276331799  0.022908074331081  0.025612643988672  0.475329550614909  0.524858341811534  0.662503508522604  0.337509496280686  0.071149626817180  0.443498152576075  0.309926924984747 
86.0    S  0.025382887386132  0.004706923105448  0.000000000000000  0.056484545421943  0.003287029227677  0.082070070339009  0.025648175275328  0.007954571873161  0.008844522672740  0.000000000000000  0.010881339692727  0.032352028870043  0.041035035169505  0.000000000000000  0.030883926609398  0.500346693731290  0.072644631719882  0.089995707407168  0.000000000000000  0.007551610133320  0.883927531063671  0.046230859664026  0.069588851139293  0.635075491269395  0.365008002663630  0.207617506022724  0.792234810924969  0.050380176968310  0.463294030945185  0.406689599066063 
87.0    N  0.002589698750583  0.000000000000000  0.014397877909355  0.029339742103608  0.007463147940488  0.044873265956982  0.022749836703111  0.035648866120888  0.049652150006007  0.061939347704005  0.000000000000000  0.564091068728256  0.035451733904249  0.010995065432230  0.008110463051118  0.021567458646822  0.013331657783001  0.053921334033916  0.003807342308170  0.019970302550048  0.913831450229400  0.034578042284134  0.051760666333409  0.831622098374906  0.168404197108211  0.173138683513866  0.827023368443266  0.057154068093744  0.433769343576034  0.373194595824238 
88.0    K  0.015986522964601  0.000000000000000  0.040610595701733  0.022987605403996  0.002522377637309  0.055591187096119  0.004337261068862  0.016470178488918  0.457232544749951  0.008116086744513  0.000000000000000  0.123878695408010  0.000000000000000  0.009492474936758  0.102237757319723  0.017277041458129  0.029238234307231  0.035599480538191  0.000000000000000  0.058517015464656  0.882702996290655  0.078074757853336  0.039200068891281  0.298540796768647  0.701735863019538  0.587230985606827  0.412652704256329  0.058112808913323  0.387427965479586  0.361483073636437 
89.0    S  0.007294374569651  0.000000000000000  0.031818287492644  0.015679246070461  0.000000000000000  0.067592172717726  0.004729816734182  0.000000000000000  0.017506081471784  0.043828101582575  0.000000000000000  0.132494097924660  0.008076802626937  0.036046425158126  0.006350121890502  0.440129506781575  0.150517172653927  0.009207339123529  0.000000000000000  0.028915763376183  0.934327346883180  0.020389921057640  0.045154074935110  0.599569956895556  0.400257405328151  0.534402995605504  0.465547409915115  0.051474438579223  0.470413053756894  0.408667664244142 
90.0    L  0.000000000000000  0.000000000000000  0.009439983151484  0.034794425569646  0.017050998078983  0.007223931860263  0.022250784306204  0.068821349881123  0.046391361582158  0.299577255334855  0.021792869786725  0.027795593548059  0.034915223064757  0.127538082406057  0.028696130071904  0.006258358418669  0.024147204676500  0.071495685825238  0.003481681624598  0.148444958259176  0.930449657703015  0.062025273417864  0.007494250932229  0.269246594048262  0.731028724200017  0.521594296764929  0.478635729097649  0.050205874797315  0.434672280045011  0.412366774305041 
91.0    D  0.010517969291225  0.003564708939623  0.191179534735346  0.170046356550744  0.000000000000000  0.052374195916747  0.004989116246857  0.069204036530268  0.060538636826664  0.000000000000000  0.036524289017539  0.080660155653236  0.031185084968720  0.025068161448515  0.035255691795516  0.088695209762524  0.116548310804604  0.014248955711246  0.000000000000000  0.009479324689443  1.000000000000000  0.000000000000000  0.000000000000000  1.000000000000000  0.000000000000000  0.096054698830501  0.903752726751086  0.052048485680034  0.498615625676035  0.412652704256329 
92.0    T  0.022624033943431  0.008519591661447  0.186338798349865  0.227509706020225  0.002246663854200  0.042423280621250  0.030585676574920  0.001992782537595  0.059292769696278  0.025737219289612  0.037551126547714  0.010026764824710  0.112188756333408  0.066569262712089  0.050660319992832  0.047794883683837  0.022828818414776  0.013276328111541  0.000000000000000  0.031884520601514  0.954621014139717  0.010605820155313  0.034674046002120  0.821880187294851  0.177882932654324  0.035182455816774  0.964598184584138  0.051940366349603  0.493116352246680  0.420448207626857 
93.0    I  0.006848482197782  0.000000000000000  0.055706905993561  0.007055675860561  0.001985888033773  0.037812315288103  0.002699672278376  0.650220073274240  0.024981432198515  0.060917476930722  0.007380836257791  0.041694474052430  0.021597378227009  0.005478512697822  0.026060345119530  0.002487651318997  0.003680200288691  0.030628106729433  0.000000000000000  0.012922240131926  0.979420297586927  0.016839580391307  0.003654779288404  0.237500095718722  0.762600826628142  0.683020128377198  0.316878130508606  0.053105312446166  0.446892581178393  0.396941965465826 
94.0    W  0.012994095287108  0.000000000000000  0.000000000000000  0.000000000000000  0.075310769687174  0.018671737575887  0.008355836624103  0.030564483545229  0.005888026990462  0.007289320246381  0.000000000000000  0.000000000000000  0.000000000000000  0.007758535120602  0.027035521580781  0.000000000000000  0.000000000000000  0.000000000000000  0.771640087529467  0.034482304376311  0.950659101229818  0.015810206266046  0.033446521825832  0.406689599066063  0.593368398828266  0.220981882765918  0.779164579660500  0.050836199883258  0.483303048532487  0.462652214018926 
95.0    N  0.006350121890502  0.000000000000000  0.215685336135664  0.116306207212877  0.021418481327808  0.178253214670518  0.046007089442756  0.010791206626124  0.041984482053791  0.008722757515489  0.015854102290326  0.181620631196421  0.000000000000000  0.033562639738129  0.020137103601328  0.027167017502813  0.052156830072213  0.017229205672952  0.000000000000000  0.006688970973019  0.942131273904809  0.033632503899494  0.024416496255385  0.695923195915551  0.303969820795774  0.506628450079543  0.493116352246680  0.051048061944376  0.469761374607006  0.441351498145327 
96.0    N  0.006271385849343  0.007872295003207  0.011226095129250  0.013621222492767  0.000000000000000  0.014150530984653  0.030819772015417  0.057193698007996  0.064748922722501  0.001740840812299  0.000000000000000  0.621574834451970  0.000000000000000  0.029523345031163  0.036829356494115  0.029831906691866  0.074635199192162  0.000000000000000  0.000000000000000  0.000000000000000  1.000000000000000  0.000000000000000  0.000000000000000  0.250000000000000  0.750019494642909  0.072795849154279  0.927230546435463  0.050310383601320  0.495514781632040  0.445655247948486 
97.0    M  0.010753871887427  0.022312562182579  0.014160342785427  0.035500914524584  0.003881957395791  0.012157580883678  0.000000000000000  0.062197482613755  0.000000000000000  0.156691627555086  0.521232880420561  0.000000000000000  0.006223750752231  0.006758880395195  0.009258537272981  0.033585911651734  0.080772051914843  0.000000000000000  0.001506065259187  0.022844647631251  0.993781093322555  0.005900283537355  0.000000000000000  1.000000000000000  0.000000000000000  0.025068161448515  0.974679630891549  0.050275523183870  0.497235084336607  0.449377563305515 
98.0    T  0.003372420150681  0.024998754010399  0.027393928791126  0.000000000000000  0.000000000000000  0.043737058299850  0.009665097489744  0.008644510571033  0.000000000000000  0.013452331067795  0.000000000000000  0.000000000000000  0.045122787360078  0.000000000000000  0.011605882192663  0.030926770512975  0.771640087529467  0.009400804890621  0.000000000000000  0.000000000000000  0.905633983017823  0.068535724286743  0.025808677029241  0.472373520498603  0.527411158534031  0.000000000000000  1.000000000000000  0.050345268190547  0.441045682598588  0.450625231305415 
99.0    W  0.006896117158521  0.035060733766578  0.021929245719361  0.000000000000000  0.000000000000000  0.050205874797315  0.000000000000000  0.000000000000000  0.000000000000000  0.023633874957562  0.000000000000000  0.000000000000000  0.016493026838093  0.000000000000000  0.002828004242929  0.000000000000000  0.000000000000000  0.000000000000000  0.817335328488283  0.025506345192216  1.000000000000000  0.000000000000000  0.000000000000000  0.000000000000000  0.000000000000000  0.654289035727505  0.345558051632146  0.058435949859466  1.000000000000000  0.395020655931689 
100.0    M  0.024552266145862  0.028696130071904  0.005806964782934  0.005924873224119  0.000000000000000  0.037162722343835  0.017493951385222  0.069204036530268  0.021108970070869  0.183137609326417  0.265355802237449  0.018123432101647  0.010496120513448  0.213306524528017  0.018060729789919  0.017615631439772  0.006619784648017  0.039968299414920  0.005482311429840  0.011816937478781  1.000000000000000  0.000000000000000  0.000000000000000  0.000000000000000  0.000000000000000  0.000000000000000  1.000000000000000  0.049343367918785  1.000000000000000  0.461691155364697 
101.0    Q  0.044224817510208  0.039472726932681  0.010776257201774  0.285388676781693  0.000000000000000  0.077804639711386  0.030479858172739  0.000000000000000  0.029564301460175  0.004626060983803  0.000000000000000  0.044749023162536  0.012753172596108  0.381300413314071  0.009466192659611  0.017397212784823  0.012115518849172  0.000000000000000  0.000000000000000  0.000000000000000  0.996540262827868  0.000000000000000  0.003552375983597  0.000000000000000  0.000000000000000  0.000000000000000  1.000000000000000  0.049343367918785  1.000000000000000  0.461691155364697 
102.0    W  0.016447361792335  0.025844480263852  0.011833330592789  0.000000000000000  0.000000000000000  0.043555538708983  0.000000000000000  0.052048485680034  0.009036626436760  0.005667782061852  0.023633874957562  0.024231037698344  0.000000000000000  0.000000000000000  0.000000000000000  0.017039183322895  0.021006796783635  0.002647781888281  0.720464874418961  0.026479138592066  0.971980987981352  0.027988927190339  0.000000000000000  0.092654188112677  0.907519155317161  0.420448207626857  0.579547975952228  0.049275010878517  0.472046209575125  0.458819941155683 
103.0    E  0.010075533208249  0.000000000000000  0.355765865308649  0.336341802130457  0.000000000000000  0.078945453865362  0.021373989123476  0.028164076956588  0.007355300504228  0.018287478773040  0.000000000000000  0.026644840367749  0.025790794016021  0.008899870134548  0.015700997194122  0.036931610841699  0.000000000000000  0.020775111065339  0.000000000000000  0.009131072254385  0.980099415341871  0.019736363466341  0.000000000000000  0.654742711541783  0.345318612035964  0.377356492130140  0.622437117691085  0.048934643516034  0.481964903870322  0.476318999021969 
104.0    R  0.001030099919012  0.000000000000000  0.000000000000000  0.030691862351981  0.000000000000000  0.013294745773540  0.028086097706595  0.043374772469237  0.390934821564297  0.019357010902874  0.012560171730362  0.002664351239999  0.000000000000000  0.088143622530274  0.334713814244611  0.006929658634001  0.010337276874282  0.007309558576808  0.000000000000000  0.010496120513448  0.972654947412286  0.007982188146205  0.019183370061173  0.614719433627290  0.385552706351985  0.000000000000000  1.000000000000000  0.048227505470592  0.492092011016900  0.485990493990676 
105.0    E  0.002993398359781  0.000000000000000  0.008844522672740  0.512278411516401  0.000000000000000  0.005251699195909  0.002871459641385  0.005875795903862  0.147419574032652  0.077696854306496  0.002636792939693  0.019956464987428  0.000000000000000  0.110108671765872  0.072092850316251  0.005459558483793  0.005609158244623  0.020861692238999  0.000000000000000  0.000000000000000  1.000000000000000  0.000000000000000  0.000000000000000  0.000000000000000  0.000000000000000  0.583174684894234  0.416965521912482  0.049583365199446  1.000000000000000  0.464258426153364 
106.0    I  0.000000000000000  0.000000000000000  0.000000000000000  0.000000000000000  0.000000000000000  0.000000000000000  0.000000000000000  0.591315500122071  0.065425642623411  0.088633752229966  0.000000000000000  0.019156794688331  0.000000000000000  0.021642335439233  0.020731955321831  0.011501772360689  0.025435724533451  0.149996422796652  0.000000000000000  0.006007581372149  0.933679944915313  0.046359216682535  0.020067434515460  0.512989072668570  0.487002134271620  0.000000000000000  1.000000000000000  0.048160694272400  0.453445164466571  0.485990493990676 
107.0    D  0.040079268836320  0.000000000000000  0.244515868361835  0.056094378166704  0.000000000000000  0.046552420722584  0.007672965587995  0.029997789407466  0.037681494615336  0.049652150006007  0.000000000000000  0.089188406607367  0.000000000000000  0.007334935525902  0.047828024056958  0.280874975757911  0.033284631356044  0.018632951130166  0.000000000000000  0.010650020369395  0.993781093322555  0.000000000000000  0.006254021958252  0.000000000000000  0.000000000000000  0.018440224114628  0.981459063853479  0.049549008538143  1.000000000000000  0.467811748915700 
108.0    N  0.040554336466849  0.000000000000000  0.028975954576108  0.012832979699251  0.014160342785427  0.016424576704495  0.009061716050824  0.091505355996602  0.018840747307668  0.020789516266886  0.026589491547079  0.588861394797491  0.000000000000000  0.041926319527571  0.008419790195654  0.026811579075897  0.010873799936180  0.009685216405773  0.000000000000000  0.033842970172685  1.000000000000000  0.000000000000000  0.000000000000000  0.000000000000000  0.000000000000000  0.453759577658580  0.546388869550476  0.049686578184311  1.000000000000000  0.463294030945185 
109.0    Y  0.039774841727373  0.001329408316894  0.011948720920959  0.000000000000000  0.016992006107108  0.000000000000000  0.034125642054552  0.145995924326640  0.000000000000000  0.149684838077366  0.016220926102235  0.000000000000000  0.000000000000000  0.000000000000000  0.000000000000000  0.013907433332070  0.030564483545229  0.032441852204471  0.000000000000000  0.506979739895015  0.994470168673214  0.005632534654142  0.000000000000000  1.000000000000000  0.000000000000000  0.000000000000000  1.000000000000000  0.048194088293998  0.496202187342909  0.480630464194381 
110.0    T  0.009978232493714  0.000000000000000  0.012140738574751  0.054258764225065  0.006679704514781  0.000000000000000  0.077428043611494  0.017725866952124  0.026700304402804  0.004856053394156  0.004114691546699  0.000000000000000  0.011249463425896  0.054863862350595  0.011833330592789  0.120993378361717  0.581560020773925  0.005463344073197  0.000000000000000  0.000000000000000  1.000000000000000  0.000000000000000  0.000000000000000  0.000000000000000  0.000000000000000  0.217486838177163  0.782411781736511  0.048294409352999  1.000000000000000  0.474671060475260 
111.0    G  0.086389512908036  0.000000000000000  0.145692649766820  0.040498155169792  0.000000000000000  0.154856087222989  0.046455718263469  0.001742047889492  0.043555538708983  0.000000000000000  0.004361378757744  0.089312133733818  0.000000000000000  0.146604368653985  0.049859077488065  0.110951417158687  0.061767853218796  0.004552895305213  0.000000000000000  0.013452331067795  0.994470168673214  0.000000000000000  0.005632534654142  0.000000000000000  0.000000000000000  0.000000000000000  1.000000000000000  0.048294409352999  1.000000000000000  0.480630464194381 
112.0    L  0.014598864795050  0.000000000000000  0.020319377289820  0.033632503899494  0.012267626854275  0.025683755852964  0.033261568201667  0.178129701768598  0.009055437124254  0.131123665946868  0.000000000000000  0.128247268167143  0.038714021805747  0.071992977646835  0.015898120189104  0.005090418552200  0.216284172646247  0.054296386571914  0.001016622653988  0.010416395914775  0.996540262827868  0.000000000000000  0.003535181495636  0.000000000000000  0.000000000000000  0.000000000000000  1.000000000000000  0.048294409352999  1.000000000000000  0.474671060475260 
113.0    I  0.000000000000000  0.000000000000000  0.000000000000000  0.016862941195382  0.000000000000000  0.000000000000000  0.011195012893540  0.766309980103892  0.001162946141958  0.006551313940945  0.005470923128466  0.042217940141739  0.002174651598103  0.030798416779355  0.025683755852964  0.027930786323650  0.003088238736734  0.006698250286204  0.003201580498584  0.050800975124020  1.000000000000000  0.000000000000000  0.000000000000000  0.000000000000000  0.000000000000000  0.108217070689957  0.891928519420093  0.048227505470592  1.000000000000000  0.471392267959120 
114.0    Y  0.000000000000000  0.000000000000000  0.010627897284422  0.014179986801831  0.055207190717592  0.000000000000000  0.014308338850283  0.055092509869198  0.025683755852964  0.000000000000000  0.004204062987437  0.000000000000000  0.000000000000000  0.044935516651467  0.000000000000000  0.083620472174132  0.070854338298651  0.000000000000000  0.001386823592328  0.619853849969493  1.000000000000000  0.000000000000000  0.000000000000000  0.000000000000000  0.000000000000000  0.203485796267609  0.796640096285583  0.048294409352999  1.000000000000000  0.474671060475260 
115.0    T  0.036854893508163  0.001327566642487  0.080102995260012  0.080884103405178  0.000000000000000  0.065244495463857  0.003908958544776  0.015187202937209  0.069782060123911  0.024654588776640  0.020760715845258  0.112812590932804  0.016688522000748  0.083273426568251  0.079494562921473  0.134903529563053  0.143686856004335  0.015335297872711  0.003298440966499  0.011866185076676  0.974004268543241  0.025665959398502  0.000000000000000  1.000000000000000  0.000000000000000  0.273194434775238  0.726986258660155  0.048260945818237  0.477641468191219  0.479964630519454 
116.0    L  0.035109371969739  0.035206850890540  0.019915009801863  0.046262915562502  0.005463344073197  0.018594245254792  0.000000000000000  0.038340155539181  0.019037660369925  0.623300597137549  0.016734856612366  0.000000000000000  0.025612643988672  0.014130927774392  0.006560402288626  0.038181034427297  0.019290040732712  0.009705377201441  0.005699298219688  0.022876338999150  0.991716730738293  0.008338479203437  0.000000000000000  0.063592480756418  0.936272247434492  1.000000000000000  0.000000000000000  0.048194088293998  0.478635729097649  0.485990493990676 
117.0    I  0.009671799147168  0.031532863557646  0.000000000000000  0.000000000000000  0.004010506037969  0.000000000000000  0.011469926844016  0.337977708257031  0.000000000000000  0.549808074657276  0.003695537682522  0.010474317121721  0.000000000000000  0.000000000000000  0.000000000000000  0.000000000000000  0.020731955321831  0.008183875992967  0.000000000000000  0.012595044242078  1.000000000000000  0.000000000000000  0.000000000000000  0.000000000000000  0.000000000000000  0.000000000000000  0.000000000000000  0.047761766273911  1.000000000000000  1.000000000000000 
118.0    E  0.009181846315779  0.017193415771346  0.016086563803656  0.517632461920689  0.012361520331023  0.017676788481967  0.001018738860869  0.002591494415229  0.106284270008024  0.032986053676186  0.000000000000000  0.007662335968661  0.027546254934599  0.105916554368265  0.037369368649254  0.017985773301996  0.036246864203295  0.032644867589507  0.000000000000000  0.001659541013943  0.974679630891549  0.025050791543731  0.000000000000000  0.333324669272800  0.666649338545599  0.000000000000000  0.000000000000000  0.047728671811272  0.470413053756894  1.000000000000000 
119.0    E  0.033866436463899  0.000000000000000  0.060664654360597  0.393381222676783  0.000000000000000  0.032307210507749  0.002640450845758  0.013668511951653  0.146706022285169  0.016176014435022  0.000000000000000  0.093040328447909  0.000000000000000  0.071248329543341  0.079881210200191  0.016030908520893  0.010287241578588  0.030039404012149  0.000000000000000  0.000000000000000  0.994470168673214  0.001213172150180  0.004218658436847  1.000000000000000  0.000000000000000  0.000000000000000  1.000000000000000  0.048697786228781  0.500000000000000  0.470413053756894 
120.0    S  0.276432663330067  0.000000000000000  0.000000000000000  0.000000000000000  0.002794876015670  0.012352954946937  0.013965393161825  0.020992241026895  0.000000000000000  0.007213924302573  0.000000000000000  0.027318081887824  0.000000000000000  0.000000000000000  0.087413505171154  0.540362701019676  0.007119541254978  0.000000000000000  0.004100455795403  0.000000000000000  0.983502074026248  0.000000000000000  0.016447361792335  0.000000000000000  0.000000000000000  0.144285677189605  0.855595025682602  0.048697786228781  1.000000000000000  0.465224828851508 
121.0    Q  0.059498619281096  0.000000000000000  0.000000000000000  0.002100574981362  0.000000000000000  0.000000000000000  0.050520054300348  0.000000000000000  0.107023535568307  0.000000000000000  0.000000000000000  0.016435965300061  0.006583178355493  0.634635443009902  0.084027187134539  0.000000000000000  0.016311123865964  0.000000000000000  0.000000000000000  0.022781396544009  0.988285651500733  0.000000000000000  0.011874412940637  0.000000000000000  0.000000000000000  0.630688704415625  0.369590607818461  0.051225287977345  1.000000000000000  0.452816991508911 
122.0    I  0.020235046857100  0.000000000000000  0.050695447223565  0.116145084281364  0.004192422993724  0.004849326138774  0.002941973567644  0.160317075345281  0.043858491438721  0.003634568975402  0.001238663475904  0.308640651723385  0.031206708315657  0.028379638053797  0.002941973567644  0.020832791829550  0.127008767874213  0.038633601903780  0.000000000000000  0.034339194299277  1.000000000000000  0.000000000000000  0.000000000000000  0.000000000000000  0.000000000000000  1.000000000000000  0.000000000000000  0.050450067156548  1.000000000000000  0.473028823362798 
123.0    Q  0.010934264574962  0.000000000000000  0.000000000000000  0.005002968208319  0.000000000000000  0.000000000000000  0.014467906601989  0.000000000000000  0.015030116479137  0.021108970070869  0.000000000000000  0.028676246322230  0.096388176587996  0.693034942825207  0.000000000000000  0.079936598829839  0.035378090690959  0.000000000000000  0.000000000000000  0.000000000000000  1.000000000000000  0.000000000000000  0.000000000000000  0.000000000000000  0.000000000000000  0.000000000000000  0.000000000000000  0.047894373756493  1.000000000000000  1.000000000000000 
124.0    Q  0.052446852319159  0.000000000000000  0.000000000000000  0.061426287409078  0.000000000000000  0.010934264574962  0.012473412286823  0.000000000000000  0.015744590006414  0.000000000000000  0.000000000000000  0.000000000000000  0.007551610133320  0.686818116714811  0.082183922512817  0.064123634083571  0.006533174999329  0.000000000000000  0.000000000000000  0.000000000000000  0.974679630891549  0.025085543397374  0.000000000000000  1.000000000000000  0.000000000000000  0.000000000000000  0.000000000000000  0.047894373756493  0.470413053756894  1.000000000000000 
125.0    E  0.005505159199774  0.000000000000000  0.046007089442756  0.627201102260497  0.000000000000000  0.048562954299003  0.000000000000000  0.000000000000000  0.125782227937223  0.000000000000000  0.000000000000000  0.017948411796829  0.011899130778932  0.034482304376311  0.068535724286743  0.011002689272751  0.001496699179890  0.001498775484376  0.000000000000000  0.000000000000000  0.972654947412286  0.027299152997397  0.000000000000000  0.131761427911342  0.868140227601043  1.000000000000000  0.000000000000000  0.048934643516034  0.476979775273779  0.470413053756894 
126.0    K  0.008632535037499  0.000000000000000  0.001342371773020  0.064659223844932  0.000000000000000  0.018517074545962  0.007109678313132  0.007609408347994  0.556325060292417  0.001721640933412  0.010152648925433  0.048027349415250  0.003675101982476  0.068488235402981  0.169223284881557  0.019090517213648  0.012191335627714  0.001464881825474  0.000000000000000  0.001732414658500  0.998614666101029  0.000000000000000  0.001048832491817  0.000000000000000  0.000000000000000  0.000000000000000  0.000000000000000  0.047794883683837  1.000000000000000  1.000000000000000 
127.0    N  0.000000000000000  0.017133931071686  0.013480333508479  0.014358013804360  0.000000000000000  0.000000000000000  0.000000000000000  0.008257953441886  0.062025273417864  0.010813669656652  0.090747392493993  0.742261785314525  0.000000000000000  0.015788303851356  0.009745824780578  0.008309630256978  0.006939271842519  0.000000000000000  0.000000000000000  0.000000000000000  1.000000000000000  0.000000000000000  0.000000000000000  0.000000000000000  0.000000000000000  1.000000000000000  0.000000000000000  0.048327896090957  1.000000000000000  0.500000000000000 
128.0    E  0.000000000000000  0.022514527325593  0.011382805577328  0.600818024763425  0.000000000000000  0.003775805066660  0.000000000000000  0.012797448404060  0.070511383591032  0.018300159081544  0.104530799989258  0.037551126547714  0.000000000000000  0.023666661185578  0.010244546986060  0.026515871928309  0.013048248741068  0.044224817510208  0.000000000000000  0.000000000000000  0.950659101229818  0.049480366616954  0.000000000000000  0.809442216547408  0.190386092462908  0.000000000000000  0.000000000000000  0.049962864397030  0.451563255075911  1.000000000000000 
129.0    K  0.002999629433012  0.000000000000000  0.014988501864457  0.001613042314328  0.025826572442319  0.000000000000000  0.034987902770445  0.000000000000000  0.342933322147649  0.014629253866164  0.000000000000000  0.022312562182579  0.001902352086999  0.325561047392257  0.110032376695394  0.000000000000000  0.014957366534302  0.000000000000000  0.000000000000000  0.087352935740692  0.980779003988551  0.000000000000000  0.019424213576624  0.000000000000000  0.000000000000000  1.000000000000000  0.000000000000000  0.053105312446166  1.000000000000000  0.462973011263662 
130.0    E  0.031185084968720  0.000000000000000  0.280680355518402  0.328507906787343  0.010911551034902  0.013433695097547  0.013517760790390  0.021914050791288  0.110185019738396  0.003118353071706  0.000000000000000  0.038260512262506  0.000000000000000  0.015625000000000  0.031796240378209  0.006284440397984  0.065926394816754  0.025524030972188  0.000000000000000  0.003312187361848  1.000000000000000  0.000000000000000  0.000000000000000  0.000000000000000  0.000000000000000  0.936272247434492  0.063504383937106  0.051904376505681  1.000000000000000  0.480630464194381 
131.0    L  0.025190088484155  0.000000000000000  0.000000000000000  0.000000000000000  0.028955876934074  0.000000000000000  0.000000000000000  0.071495685825238  0.000000000000000  0.766309980103892  0.000000000000000  0.000000000000000  0.003188293149027  0.000000000000000  0.000000000000000  0.008206598000084  0.005582008358364  0.006915263785778  0.000000000000000  0.083968964107581  0.997231251352069  0.002694064300443  0.000000000000000  1.000000000000000  0.000000000000000  0.000000000000000  1.000000000000000  0.049824529783784  0.498615625676035  0.500000000000000 
132.0    L  0.007149212250999  0.020963159763785  0.000000000000000  0.006398724202030  0.007954571873161  0.006232384686008  0.000000000000000  0.015303442149796  0.007641120886307  0.632439771176968  0.010926688146394  0.000000000000000  0.000000000000000  0.123108305361944  0.000000000000000  0.015865095326085  0.054711958105891  0.000000000000000  0.045657636829552  0.045752677998301  1.000000000000000  0.000000000000000  0.000000000000000  0.000000000000000  0.000000000000000  1.000000000000000  0.000000000000000  0.049893649147291  1.000000000000000  0.500000000000000 
133.0    E  0.287572973337651  0.020404059173264  0.001651508373784  0.274142897146974  0.000000000000000  0.028497911422493  0.057392260143808  0.006232384686008  0.166546853136503  0.005839254877480  0.000000000000000  0.034054753506667  0.006867496569623  0.034007576302213  0.006805892126111  0.053921334033916  0.003075421783473  0.003296155453633  0.000000000000000  0.009651708102554  0.970634469769547  0.029687511964840  0.000000000000000  1.000000000000000  0.000000000000000  0.000000000000000  0.000000000000000  0.049928244778072  0.471719125447680  1.000000000000000 
134.0    L  0.000000000000000  0.000000000000000  0.000000000000000  0.000000000000000  0.018110874248507  0.007249011534932  0.000000000000000  0.085852264589351  0.000000000000000  0.720464874418961  0.002682883268417  0.000000000000000  0.012931200251222  0.024281477149502  0.000000000000000  0.005867655964613  0.000000000000000  0.000000000000000  0.112890813768978  0.009518830184962  0.984184022033800  0.003547454756725  0.012098734810207  0.375529981735232  0.624598062826688  0.000000000000000  0.000000000000000  0.049893649147291  0.498961359499525  1.000000000000000 
135.0    D  0.054183597719668  0.000000000000000  0.531447837179277  0.005051753640185  0.000000000000000  0.092589987376270  0.006319385534076  0.016198454703433  0.025295069267107  0.008408125974873  0.000000000000000  0.065789447169340  0.013936383115939  0.067968024428430  0.011272880366106  0.012233660879008  0.076680311078363  0.005543450610158  0.000000000000000  0.006977858221506  0.959929261038908  0.014160342785427  0.025648175275328  0.152406886759538  0.847919964633148  1.000000000000000  0.000000000000000  0.049893649147291  0.488692883205403  0.491069797631696 
136.0    K  0.005908468739390  0.000000000000000  0.059870951138919  0.098209064583448  0.000000000000000  0.000000000000000  0.010040674511479  0.000000000000000  0.374230746698173  0.019709022012988  0.037603219562484  0.063504383937106  0.000000000000000  0.084964265119171  0.006929658634001  0.190254172604920  0.018840747307668  0.029914733068603  0.000000000000000  0.000000000000000  0.980099415341871  0.013696964395563  0.006358931133363  1.000000000000000  0.000000000000000  0.759435844907265  0.240481863666194  0.055629733328281  0.487339815445774  0.471065636952404 
137.0    W  0.015711884068726  0.010686994561738  0.000000000000000  0.018249490540830  0.012242143546083  0.136881558849197  0.000000000000000  0.000000000000000  0.000000000000000  0.062111318332660  0.018048215383650  0.010503398391817  0.000000000000000  0.000000000000000  0.000000000000000  0.000000000000000  0.000000000000000  0.028164076956588  0.687294347786015  0.000000000000000  0.930449657703015  0.051976381148432  0.017445515030978  0.120324305387719  0.879649075922436  0.503826880205252  0.496202187342909  0.050136322897030  0.447822835045425  0.487002134271620 
138.0    A  0.359733395002705  0.003081823597080  0.099995016041594  0.008838394240984  0.000000000000000  0.097801472717064  0.004490214250135  0.001546261456780  0.121666171769780  0.000000000000000  0.001199791973091  0.035451733904249  0.017873921456309  0.113518552215189  0.003584530790279  0.044501568612408  0.086749544938474  0.000000000000000  0.000000000000000  0.000000000000000  0.994470168673214  0.005425605999082  0.000000000000000  0.333324669272800  0.666649338545599  0.375790369516391  0.624165274450806  0.056211144509235  0.497924876547229  0.435577096071128 
139.0    G  0.007567329603333  0.000000000000000  0.034722147770472  0.000000000000000  0.045752677998301  0.033539383949795  0.000957128335295  0.047960815500028  0.036297147872679  0.000000000000000  0.007391075365044  0.185436866730140  0.000000000000000  0.042130241616783  0.004795842515293  0.426908857195622  0.047596523115727  0.049480366616954  0.000000000000000  0.029502888098445  0.997231251352069  0.002450004305705  0.000000000000000  0.561749951515823  0.438302860658018  0.000000000000000  1.000000000000000  0.059995578814932  0.464258426153364  0.459456441739525 
140.0    L  0.015700997194122  0.072343138561883  0.000000000000000  0.000000000000000  0.126306430810845  0.000000000000000  0.005990947889348  0.069927318814732  0.000000000000000  0.608361179317034  0.005937206470318  0.000000000000000  0.003624505767466  0.000000000000000  0.000000000000000  0.023051429016919  0.000000000000000  0.011257263662796  0.057312752700292  0.000000000000000  0.992404374685819  0.000000000000000  0.007796271242180  0.500000000000000  0.500000000000000  1.000000000000000  0.000000000000000  0.059995578814932  0.497924876547229  0.459456441739525 
141.0    W  0.004632478513324  0.018919266936727  0.003713512114179  0.017923547253534  0.016921485086343  0.193848301586751  0.000000000000000  0.000000000000000  0.000000000000000  0.023683071351725  0.000000000000000  0.000000000000000  0.002426344300360  0.021777769354492  0.002923677708579  0.012735505193791  0.005679580145782  0.037111239564794  0.626766510220345  0.010791206626124  0.993092495437036  0.007193950759414  0.000000000000000  1.000000000000000  0.000000000000000  1.000000000000000  0.000000000000000  0.056562903930182  0.496202187342909  0.493458272942921 
142.0    N  0.014427848605147  0.000000000000000  0.018594245254792  0.034915223064757  0.000000000000000  0.020847237026215  0.000000000000000  0.016596237288990  0.011890885787807  0.012958117903351  0.000000000000000  0.595015848153338  0.000000000000000  0.002061628354762  0.000000000000000  0.197921466467818  0.047006367230897  0.021898866391887  0.000000000000000  0.005750886180344  1.000000000000000  0.000000000000000  0.000000000000000  0.000000000000000  0.000000000000000  0.000000000000000  0.000000000000000  0.063065727115293  1.000000000000000  1.000000000000000 
143.0    W  0.000000000000000  0.000000000000000  0.000000000000000  0.008200911590805  0.000000000000000  0.037059828106592  0.000000000000000  0.020151066416498  0.000000000000000  0.037577164028068  0.000000000000000  0.000000000000000  0.000000000000000  0.000000000000000  0.004521446160118  0.000000000000000  0.002879432065022  0.000000000000000  0.869947352708651  0.019804883156788  1.000000000000000  0.000000000000000  0.000000000000000  1.000000000000000  0.000000000000000  0.000000000000000  0.000000000000000  0.063065727115293  1.000000000000000  1.000000000000000 
