No:  residues  hmm_col_1  hmm_col_2  hmm_col_3  hmm_col_4  hmm_col_5  hmm_col_6  hmm_col_7  hmm_col_8  hmm_col_9  hmm_col_10  hmm_col_11  hmm_col_12  hmm_col_13  hmm_col_14  hmm_col_15  hmm_col_16  hmm_col_17  hmm_col_18  hmm_col_19  hmm_col_20  hmm_col_21   hmm_col_22   hmm_col_23   hmm_col_24   hmm_col_25   hmm_col_26   hmm_col_27   hmm_col_28   hmm_col_29   hmm_col_30   
1.0    K  0.000000000000000  0.000000000000000  0.019942637012952  0.000000000000000  0.000000000000000  0.000000000000000  0.000000000000000  0.000000000000000  0.834509281155409  0.010783729323411  0.006049367405103  0.019640833976904  0.000000000000000  0.008021012075937  0.037473122305972  0.000000000000000  0.028676246322230  0.019818615614467  0.000000000000000  0.015176679617838  0.946057646725596  0.020890632740705  0.032803646363221  0.559806444327120  0.440434687063490  0.000000000000000  0.000000000000000  0.073251392729657  0.495171435966512  1.000000000000000 
2.0    Q  0.029217974929733  0.005027301747271  0.000000000000000  0.057273040292209  0.000000000000000  0.007021524426649  0.062240609568404  0.021079727099058  0.039692218204337  0.023454360898662  0.066384949155961  0.004889829916617  0.050415109951383  0.534773543942622  0.042482132559586  0.020674553748564  0.020207014560742  0.013093548979187  0.002217269730754  0.000000000000000  0.969961910341735  0.021914050791288  0.008026573745148  0.420448207626857  0.579547975952228  0.167705278110283  0.832198734711525  0.058883204619051  0.491069797631696  0.489710148793463 
3.0    T  0.057035343033966  0.000000000000000  0.007785470803343  0.022655419263732  0.008071206153782  0.018984949873516  0.000000000000000  0.028008334361544  0.015124172295215  0.025330159996416  0.021732530807969  0.018723578458428  0.025418099941629  0.000000000000000  0.044532425442150  0.060162152693859  0.608361179317034  0.032849153408991  0.005403088394574  0.000000000000000  0.927873476471283  0.015909143746322  0.056289123740496  0.210224103813429  0.790041311863377  0.752101875694344  0.248101093671455  0.055822865772048  0.490729531926740  0.488354264481114 
4.0    A  0.639936206922154  0.000000000000000  0.003963525572582  0.021672358892678  0.000000000000000  0.000000000000000  0.000000000000000  0.000000000000000  0.043374772469237  0.000000000000000  0.009558500321343  0.009752582413294  0.039145763707004  0.011654250208527  0.010866265403984  0.074480160910878  0.076309157041821  0.044594203303684  0.000000000000000  0.014629253866164  0.988285651500733  0.011890885787807  0.000000000000000  0.333324669272800  0.666649338545599  0.887611337269498  0.112111019957752  0.052012420919470  0.497924876547229  0.460412848602520 
5.0    R  0.036931610841699  0.036752851571593  0.009558500321343  0.026571067502006  0.000000000000000  0.021522656974737  0.047497651762547  0.012682649702770  0.067826835742613  0.010012874407502  0.007619964543185  0.039527485698561  0.020861692238999  0.017898717155934  0.525222272005377  0.055552667572911  0.020688889224928  0.023748825881274  0.013111713079790  0.006394290481178  0.953298545288159  0.022143084320441  0.024620433939042  1.000000000000000  0.000000000000000  0.000000000000000  1.000000000000000  0.053511767784154  0.489031736723670  0.497924876547229 
6.0    K  0.033400187225344  0.000000000000000  0.000000000000000  0.003703230332534  0.009348820025240  0.019410754402882  0.010040674511479  0.012378668920703  0.590496330714765  0.000000000000000  0.033284631356044  0.010783729323411  0.015335297872711  0.013801797679398  0.112500241224189  0.037943590137345  0.066384949155961  0.031185084968720  0.000000000000000  0.000000000000000  0.972654947412286  0.027355979052946  0.000000000000000  0.299992845593304  0.699792932797598  0.423959982316574  0.576343173399432  0.053252755942179  0.489031736723670  0.470413053756894 
7.0    S  0.079439480581604  0.009929935072701  0.000000000000000  0.032173127607312  0.013715965587649  0.024097044146999  0.000000000000000  0.027431931175297  0.034602018265134  0.000000000000000  0.008992886650998  0.005879870107074  0.072947381363654  0.012225184089633  0.073914437515259  0.505926600513464  0.076627178753322  0.016187230680625  0.000000000000000  0.005974360460480  0.988970916380931  0.000000000000000  0.011241668593835  0.000000000000000  0.000000000000000  0.000000000000000  1.000000000000000  0.052265399994629  1.000000000000000  0.483973513446869 
8.0    T  0.057511728164055  0.004437614315573  0.000000000000000  0.019303416205108  0.005179397501167  0.019223302261737  0.016665402825496  0.020404059173264  0.077213664820433  0.006416489849626  0.011932167952818  0.012473412286823  0.008437316873694  0.011743449047387  0.075834597515543  0.035747842912619  0.568014632393343  0.040666932982560  0.000000000000000  0.008887540842754  0.997231251352069  0.002841759147724  0.000000000000000  1.000000000000000  0.000000000000000  0.000000000000000  1.000000000000000  0.055861572647299  0.500000000000000  0.477641468191219 
9.0    G  0.050205874797315  0.011265069308283  0.015964376292411  0.027242444985533  0.000000000000000  0.539988279916441  0.001680376231663  0.019437682082789  0.051796556530500  0.004456108265111  0.000000000000000  0.006560402288626  0.034434534871144  0.035946621667206  0.023814762974059  0.086090627898946  0.077160162930846  0.000000000000000  0.000000000000000  0.013792234317041  0.959929261038908  0.023568438698228  0.016493026838093  0.515126976810037  0.484980955170867  0.000000000000000  1.000000000000000  0.056016668723088  0.484980955170867  0.477641468191219 
10.0    G  0.037291741969741  0.000000000000000  0.000000000000000  0.021344379011787  0.002750672318188  0.563309614248640  0.006958538285990  0.013276328111541  0.028301061969307  0.006920058742987  0.000000000000000  0.032150834621674  0.058072542140682  0.009978232493714  0.034554082916258  0.077912574642194  0.049721030234682  0.028047189083352  0.020674553748564  0.008572905762338  0.984184022033800  0.015975445790780  0.000000000000000  0.226879788829290  0.773246337455317  0.333787075823977  0.666187412546011  0.054409410206008  0.492774668469685  0.465224828851508 
11.0    K  0.068869069742288  0.000000000000000  0.020746330599726  0.066338950559362  0.000000000000000  0.003589503451090  0.022081775685668  0.007304493732433  0.592957249705474  0.013003105229868  0.000000000000000  0.022066475068512  0.027641888604111  0.029238234307231  0.042423280621250  0.035109371969739  0.028996046139728  0.019654452684938  0.000000000000000  0.000000000000000  0.975355461527642  0.019586453444386  0.004989116246857  0.143686856004335  0.856188284546457  0.230525779478158  0.769503610080431  0.051688960527704  0.489370825198718  0.477641468191219 
12.0    A  0.529609167341938  0.007812500000000  0.008734858210671  0.002839790072891  0.000000000000000  0.039281667953807  0.013202912256446  0.008155561932982  0.028458432299749  0.025488671666844  0.011759740214149  0.015668381810954  0.074946244611945  0.032849153408991  0.014915953345933  0.058924033494890  0.067592172717726  0.059581159080510  0.000000000000000  0.000000000000000  1.000000000000000  0.000000000000000  0.000000000000000  0.062500000000000  0.937571096457110  0.302708270987638  0.697371833175203  0.051581588032041  0.500000000000000  0.480297431976738 
13.0    P  0.050066867349351  0.000000000000000  0.007688937672139  0.003255285965466  0.007452808988653  0.010613174098039  0.011446100582901  0.011948720920959  0.054674047806614  0.014338123161115  0.005543450610158  0.029421202016913  0.589678296130608  0.055939066932998  0.021823102069803  0.089808761034004  0.020137103601328  0.012868609644806  0.000000000000000  0.003330605045969  0.981459063853479  0.010380357922629  0.007845058931554  0.101250434204006  0.898755126611030  0.000000000000000  1.000000000000000  0.051474438579223  0.492774668469685  0.487002134271620 
14.0    R  0.012065236454559  0.012123919598045  0.005640348420010  0.019627224705368  0.000000000000000  0.019681718436678  0.016898043179432  0.005037766604125  0.104024841838941  0.018581361171918  0.004343277959051  0.008037708655419  0.032419373017675  0.033936933010072  0.613017430026578  0.033679160782615  0.040218413978165  0.015030116479137  0.000000000000000  0.005659930291230  0.994470168673214  0.005675644724888  0.000000000000000  0.310572070446110  0.689680460913530  0.000000000000000  1.000000000000000  0.051189793616239  0.497235084336607  0.482968164462423 
15.0    K  0.008644510571033  0.000000000000000  0.000000000000000  0.021582413252248  0.003855142757367  0.029502888098445  0.012859692894980  0.013811367672870  0.605836330215122  0.003024683702552  0.007625248131064  0.015788303851356  0.023847800140009  0.007954571873161  0.125173406963917  0.058112808913323  0.016676958406874  0.029666941279704  0.008584798574819  0.007530701622974  0.927230546435463  0.065743861200242  0.007329853097661  0.227509706020225  0.772710549647987  0.000000000000000  1.000000000000000  0.049997508020797  0.455019412040450  0.482968164462423 
16.0    Q  0.041006601705999  0.000000000000000  0.000000000000000  0.019410754402882  0.008212288352248  0.011218316489246  0.019572881853502  0.020847237026215  0.108668070011253  0.018060729789919  0.010103507280371  0.016108879981169  0.052374195916747  0.397217200048052  0.080381092714413  0.087656203165150  0.067171823303469  0.014377932041014  0.018186352100033  0.009472756398920  0.984866442895551  0.001620887862480  0.013212066990274  0.115823507736296  0.883927531063671  0.000000000000000  1.000000000000000  0.050555084272609  0.500000000000000  0.472373520498603 
17.0    L  0.039830019603727  0.003230560032982  0.000000000000000  0.000000000000000  0.006087223278598  0.013734993139247  0.008373230176065  0.084670311092835  0.037111239564794  0.460732093099352  0.056956330039821  0.002298645971130  0.078020659306351  0.027431931175297  0.024705909893873  0.063460381304339  0.012525395771866  0.038048938083218  0.031271668358206  0.011557714916007  0.967947026893737  0.017313005435389  0.014608987464866  0.316439148492570  0.683493725970905  0.239317864548824  0.760489376620505  0.050590138534213  0.492433221447775  0.463936738235641 
18.0    A  0.511568734867216  0.004812492474397  0.004004950148002  0.008235089244459  0.000000000000000  0.055130710324824  0.003232800062805  0.026006210459735  0.032217759962337  0.015942260300757  0.021463066147338  0.005233529696984  0.074171049853533  0.022204563174709  0.036600318163088  0.069492447344819  0.033423346496414  0.048361406048200  0.012700243781005  0.015134659206666  0.916368644675351  0.055130710324824  0.028478165019911  0.145490816800267  0.854409740889733  0.577142708758419  0.422786143688758  0.047596523115727  0.439215234119181  0.454074208860755 
19.0    T  0.127008767874213  0.011833330592789  0.000000000000000  0.006087223278598  0.005182988830458  0.031840349894273  0.012770864507629  0.015570941606685  0.067732872927799  0.012490716099257  0.017469716421342  0.015931213796847  0.067685940345370  0.012717862266726  0.024964122389036  0.193043783272946  0.349654020684615  0.024964122389036  0.000000000000000  0.003060535886521  0.963261894020148  0.022359008125358  0.014407861217385  0.274523203446762  0.725476103917089  0.240315232097190  0.759435844907265  0.048428495684948  0.489031736723670  0.460732093099352 
20.0    K  0.037786114869793  0.000000000000000  0.000000000000000  0.012958117903351  0.009992074853730  0.011109979770213  0.006542238183660  0.018984949873516  0.562139461889309  0.021433332634228  0.004394759705816  0.019077289260455  0.065743861200242  0.015635834179103  0.103736823198748  0.019832357594059  0.058476468614463  0.020574483157176  0.011735311929226  0.000000000000000  0.963261894020148  0.028735938942239  0.008189550589976  0.200267469397406  0.799960128332753  0.100620767202640  0.899378312147752  0.048227505470592  0.478304079045937  0.456282744271726 
21.0    A  0.440434687063490  0.009049162548396  0.011759740214149  0.011218316489246  0.000000000000000  0.046038990181765  0.000000000000000  0.004930672000438  0.080828058242968  0.025665959398502  0.007720981652349  0.004154815128489  0.034220389712299  0.014895289770127  0.032871930600121  0.115663053504732  0.079936598829839  0.076256281892014  0.000000000000000  0.004286452881169  0.900001929793512  0.044904380517002  0.054825846795801  0.309283119671793  0.690637224071928  0.244855074396732  0.755236292781413  0.048697786228781  0.473356815618357  0.449689156073876 
22.0    A  0.409518348929914  0.006288797950165  0.013433695097547  0.022097086912080  0.012259126529637  0.037214276542655  0.011899130778932  0.028696130071904  0.057751410777926  0.050345268190547  0.000000000000000  0.008753040735892  0.083273426568251  0.002517137950166  0.079439480581604  0.081164912670618  0.058233776831548  0.037034149091924  0.000000000000000  0.000000000000000  0.952637998043937  0.023147496844068  0.024348893114391  0.088510964888409  0.911301280637141  0.092269650355177  0.907519155317161  0.053511767784154  0.474342157570227  0.425137080032098 
23.0    R  0.033123524481165  0.015625000000000  0.011493802701998  0.017481829703683  0.000000000000000  0.086150322060977  0.038022573707315  0.000000000000000  0.100064351332038  0.021123606766064  0.000000000000000  0.010979833595365  0.023308500417054  0.055939066932998  0.470087101254563  0.066985841408518  0.023503183615448  0.020489093972119  0.000000000000000  0.005679580145782  0.917639882311365  0.017506081471784  0.065154110052570  0.134997069979110  0.865136690584988  0.040470093714201  0.959264119325264  0.053697547184199  0.489031736723670  0.407818746669505 
24.0    K  0.040836414184162  0.000000000000000  0.016390458243359  0.008746975692611  0.019090517213648  0.046941247716904  0.004063672916102  0.016676958406874  0.546388869550476  0.008519591661447  0.011646174896867  0.033123524481165  0.038419964601706  0.030500992524257  0.058476468614463  0.054071043161562  0.054598305994793  0.011485838565539  0.000000000000000  0.000000000000000  0.959264119325264  0.026904662135591  0.013489680602725  0.407536166201313  0.592546385470791  0.284598507268719  0.715488260011456  0.052048485680034  0.482968164462423  0.370873733460280 
25.0    S  0.119576019761484  0.003721242179859  0.000000000000000  0.007149212250999  0.005691402788664  0.045657636829552  0.019763742849280  0.007218926347241  0.039582320428851  0.014308338850283  0.023308500417054  0.030018589498546  0.031380235726218  0.029258507732328  0.090621677054928  0.442576882289773  0.057233355401133  0.029116888415774  0.000000000000000  0.003922529465777  0.983502074026248  0.011319860582460  0.004852688600720  0.333324669272800  0.666649338545599  0.000000000000000  1.000000000000000  0.052701944390632  0.496890546661277  0.395294558301972 
26.0    A  0.428688018317086  0.000000000000000  0.015506318354466  0.034267862143372  0.007855942034363  0.059087632296921  0.002867481711004  0.017725866952124  0.020517517584752  0.018906157644051  0.014659706195323  0.004499561102927  0.121581868426536  0.000000000000000  0.063504383937106  0.084085450532614  0.033609199701793  0.072493728406590  0.000000000000000  0.000000000000000  0.882702996290655  0.094012734461793  0.023260082111977  0.495171435966512  0.504525816922341  0.016064278541501  0.984184022033800  0.052337905469277  0.441657525740733  0.392020227037869 
27.0    P  0.015581738302376  0.000000000000000  0.008614602836476  0.025207554975691  0.005168638437141  0.068535724286743  0.003952551566511  0.010194960528820  0.086509357253217  0.035476315692065  0.000000000000000  0.015166163590149  0.523405140987288  0.027318081887824  0.025312608551001  0.068393356328796  0.049549008538143  0.025225033578274  0.000000000000000  0.006420938963241  0.965267024871757  0.005280901691516  0.029749309640548  0.096521891636473  0.903752726751086  0.067639040282857  0.932386486436833  0.056172195413189  0.493800430722686  0.381829374490175 
28.0    A  0.257920794825340  0.016097718025314  0.025068161448515  0.020603025226443  0.004304316858893  0.040107059298841  0.007375722024611  0.014528202228331  0.048731552663208  0.044501568612408  0.008054439990584  0.028636520146105  0.048361406048200  0.023601134149419  0.022860487823505  0.248962438273615  0.092141826080694  0.041492661199451  0.000000000000000  0.006656594492772  0.871758239537062  0.075624630576206  0.052483218309009  0.328052813647990  0.672217497076313  0.182504001331815  0.817335328488283  0.055322110286222  0.439519780455894  0.365008002663630 
29.0    T  0.083158065067543  0.007437327410137  0.006624374723696  0.020277168233425  0.014649548382142  0.032644867589507  0.009310020113860  0.022923958502614  0.043194756454018  0.026060345119530  0.006934463572418  0.011541703621739  0.070267432736164  0.026223426159579  0.039554893561571  0.095193046231454  0.425137080032098  0.032084048303750  0.000000000000000  0.026774436086518  0.970634469769547  0.006758880395195  0.022860487823505  0.041120453907157  0.958599438492977  0.271495464080574  0.728499556949005  0.056995822844986  0.493458272942921  0.351354675051680 
30.0    G  0.052120690239060  0.010459806695144  0.049036506118547  0.030819772015417  0.000000000000000  0.511568734867216  0.007457976672967  0.016515906883772  0.044501568612408  0.014508075817293  0.003941607944706  0.008478354467827  0.038687196588670  0.030060232958274  0.050171086794747  0.074946244611945  0.023748825881274  0.033077637339848  0.000000000000000  0.000000000000000  0.951318276331799  0.017861536490844  0.031098741306878  0.129677492070701  0.870550563296124  0.334713814244611  0.665264520540343  0.055706905993561  0.486664687079119  0.373194595824238 
31.0    G  0.070316155293051  0.000000000000000  0.006011746953753  0.012438876543418  0.000000000000000  0.493116352246680  0.014427848605147  0.006749517089065  0.053846634982001  0.011816937478781  0.002729779241897  0.025541729015259  0.072092850316251  0.035550163371016  0.038553349056547  0.085318357367823  0.046811279200756  0.008501894075553  0.002273294012504  0.013725476066224  0.964598184584138  0.034794425569646  0.000788828884384  0.104530799989258  0.895645670090849  0.105696535922190  0.894404901782606  0.058517015464656  0.469761374607006  0.388503634392025 
32.0    V  0.046552420722584  0.000000000000000  0.030543305200338  0.017253106986923  0.028359973603661  0.009916178797030  0.002499750808290  0.073812041339346  0.066017851584491  0.040330077826618  0.015019702006074  0.007198938954677  0.105989995579143  0.057671405790862  0.013313188985545  0.043224707156593  0.059416193826864  0.382889499273596  0.000000000000000  0.000000000000000  0.942784535918240  0.038848427153248  0.018274807250812  0.297920643643512  0.702222437868999  0.304813773519076  0.695440985854994  0.059169601952295  0.471392267959120  0.398596238270268 
33.0    K  0.040442051702589  0.000000000000000  0.003370083377120  0.025755065154789  0.000000000000000  0.016435965300061  0.020025748815003  0.023519480428298  0.474671060475260  0.005006437203751  0.012682649702770  0.018389167769043  0.049446081324091  0.048630323534714  0.188547509585822  0.040498155169792  0.016746460352130  0.015777364024948  0.000000000000000  0.000000000000000  0.951318276331799  0.029217974929733  0.019170077769591  0.370616752450709  0.629378586752429  0.247414164103802  0.752623373705534  0.060412881066561  0.463936738235641  0.412652704256329 
34.0    K  0.035574813408590  0.000000000000000  0.014179986801831  0.019209982300853  0.000000000000000  0.010166733245640  0.024113752735296  0.000000000000000  0.567621051073032  0.018853811245637  0.008032139270751  0.019236631458514  0.021552514403548  0.069637103176208  0.129049816935405  0.020081349022959  0.022939853688033  0.014649548382142  0.000000000000000  0.005219039368711  0.953959550547558  0.007213924302573  0.038526635170744  0.379454813243513  0.620713745763056  0.380508345209840  0.619424348891954  0.060078808024298  0.497924876547229  0.417543959714185 
35.0    P  0.031098741306878  0.000000000000000  0.000000000000000  0.018632951130166  0.000000000000000  0.006223750752231  0.010957025395644  0.007562086147607  0.172181255797892  0.007715631730042  0.007468322793701  0.023880883136956  0.489031736723670  0.021403640311962  0.066985841408518  0.048529304687565  0.076627178753322  0.008161216897377  0.000000000000000  0.003457631892889  0.926588061890371  0.073302184326992  0.000000000000000  0.142595464483553  0.857376036634172  0.557096825409666  0.442883759551180  0.058395459180199  0.458184322337676  0.418123199957031 
36.0    H  0.003925249298530  0.000000000000000  0.000000000000000  0.027469986278493  0.021094343517543  0.008449021589716  0.437999157533563  0.015092755139451  0.066384949155961  0.027431931175297  0.000000000000000  0.019410754402882  0.010836179446339  0.029873291174804  0.195196623151848  0.036448417805890  0.029894004940371  0.006429846447490  0.000000000000000  0.063946091858402  0.980099415341871  0.013276328111541  0.006310631075075  0.381036207584942  0.618995145418723  0.133600748901376  0.866336856400087  0.057591511637419  0.490049707670935  0.463294030945185 
37.0    R  0.023947186878247  0.019209982300853  0.000000000000000  0.025862400502444  0.006403160997168  0.008280881120291  0.030734439813320  0.000000000000000  0.082870360018666  0.005738939973743  0.000000000000000  0.019736363466341  0.025225033578274  0.007238969233519  0.683493725970905  0.028895727441053  0.018814646581741  0.011140825916907  0.000000000000000  0.002332349974755  0.976708528962227  0.019223302261737  0.003938876776932  0.085852264589351  0.913831450229400  0.082070070339009  0.917639882311365  0.054863862350595  0.471719125447680  0.462011286223412 
38.0    Y  0.035599480538191  0.012560171730362  0.000000000000000  0.003120515298629  0.210953949032504  0.008561029425373  0.031098741306878  0.016187230680625  0.013443009853304  0.012709049970814  0.006254021958252  0.029708096913432  0.008862933476062  0.002513650873635  0.064435519924674  0.021373989123476  0.009453078822026  0.012293163208649  0.077374393177340  0.423666217473059  0.993781093322555  0.000000000000000  0.006524124370534  0.000000000000000  0.000000000000000  0.252262908461170  0.747942879181195  0.055207190717592  1.000000000000000  0.461371246326899 
39.0    R  0.013734993139247  0.009525430422471  0.016401823181610  0.003414760235978  0.006066163085946  0.003098960324965  0.018312848182414  0.010949433195943  0.159651719899424  0.005369487092078  0.004706923105448  0.012421644546078  0.028975954576108  0.008454880035357  0.668500247702567  0.009868181733170  0.012904338514621  0.007657026682358  0.000000000000000  0.000000000000000  0.982139595263391  0.001568933587416  0.016097718025314  0.221902834317374  0.778085176555419  0.000000000000000  1.000000000000000  0.054258764225065  0.497579860910041  0.466516495768404 
40.0    P  0.055016188347697  0.000000000000000  0.000000000000000  0.000000000000000  0.000000000000000  0.011501772360689  0.003614470422023  0.006202218210404  0.020517517584752  0.008698606392412  0.000000000000000  0.018945512797840  0.731535610352163  0.012370091654239  0.053734780390188  0.043344717785356  0.014751444049223  0.006619784648017  0.013331657783001  0.000000000000000  0.980779003988551  0.016424576704495  0.002504954302270  0.647521499427212  0.352330188785505  0.123364568235730  0.876605721316035  0.053105312446166  0.475659138165900  0.453130969133667 
41.0    G  0.018414678247058  0.000000000000000  0.004648561313698  0.012301687133894  0.004766017618251  0.729510172120088  0.019736363466341  0.000000000000000  0.032735503971869  0.024214247842474  0.006987538295177  0.006420938963241  0.000000000000000  0.003647187284825  0.079549683454746  0.035723072981689  0.005030787615273  0.012797448404060  0.003670010739117  0.000000000000000  0.956608158091874  0.028596849003998  0.015040538173465  0.325786787340824  0.674083865868528  0.153148166488085  0.846745312362527  0.052556025953357  0.473356815618357  0.455334916795989 
42.0    T  0.032622247731929  0.021807980689409  0.023897441841918  0.025880333166705  0.022734073181793  0.004575039770386  0.015377875344278  0.041868237575870  0.030269318413332  0.037577164028068  0.019791160214425  0.017027376753333  0.014771908074230  0.052012420919470  0.008166875782853  0.059746582349609  0.557096825409666  0.008626553493462  0.006319385534076  0.000000000000000  0.993781093322555  0.002456806585617  0.004080608448688  0.089126607335259  0.910669833591978  0.162104944331376  0.837987134667949  0.049859077488065  0.493116352246680  0.439215234119181 
43.0    V  0.020818356642063  0.017664540111322  0.000000000000000  0.013030172559765  0.003695537682522  0.016769691974898  0.005200982864205  0.009820416988452  0.136691932185579  0.108517528450130  0.022173802440631  0.031752191968553  0.012216713173884  0.021853376292788  0.086689435570712  0.000000000000000  0.021226348196077  0.460093825312437  0.007982188146205  0.003999401954799  0.995849753094458  0.003190503871524  0.000762486809187  0.672217497076313  0.327825503553912  0.293819082104943  0.706127202192377  0.045060277233132  0.491410299272626  0.446273485736488 
44.0    A  0.680185426202977  0.003056296022408  0.000000000000000  0.004201149962724  0.011335564123705  0.004839252725718  0.008999122205854  0.009348820025240  0.000000000000000  0.022204563174709  0.006501552614934  0.018866884241977  0.000000000000000  0.000000000000000  0.007747786958893  0.069012427947693  0.041120453907157  0.094208431847399  0.018465805420849  0.000000000000000  0.974679630891549  0.015517070241204  0.009861344000876  0.281654807124320  0.718470088272032  0.044378354954482  0.955282936382437  0.041984482053791  0.479632059662632  0.460412848602520 
45.0    L  0.012726680672972  0.001817284487701  0.014121136355486  0.024214247842474  0.023633874957562  0.000000000000000  0.014710601008456  0.049411819787746  0.004106144176124  0.755759964158113  0.012123919598045  0.020460709735681  0.007987722895390  0.013868927144836  0.010776257201774  0.008924580053504  0.000000000000000  0.020263118041422  0.004923841373371  0.000000000000000  1.000000000000000  0.000000000000000  0.000000000000000  0.027776333786455  0.971980987981352  0.293005570918628  0.707106781186547  0.040978187944239  0.496202187342909  0.452816991508911 
46.0    R  0.012208248127692  0.044687030823803  0.011621982519020  0.008496003053554  0.001285905197323  0.010012874407502  0.046327094056339  0.007509851003037  0.157235621479502  0.017775081685508  0.014751444049223  0.004030012419146  0.023373214974412  0.071198961076382  0.525950889601936  0.018389167769043  0.002045968998242  0.002620394970473  0.008771261109950  0.011833330592789  0.978741650397436  0.006167920989848  0.014884968719437  0.333324669272800  0.666649338545599  0.450625231305415  0.549427108788440  0.040414029121484  0.495858365369147  0.466839972457657 
47.0    E  0.005037766604125  0.000000000000000  0.032240099353167  0.863938187400277  0.000000000000000  0.004239177233913  0.000000000000000  0.000000000000000  0.032917532373589  0.000000000000000  0.003700664338278  0.000000000000000  0.009175484150107  0.013039207518053  0.008507789182313  0.019276674528273  0.000000000000000  0.008071206153782  0.000000000000000  0.000000000000000  0.997231251352069  0.001768816373082  0.001317482943691  1.000000000000000  0.000000000000000  0.096588818705998  0.903126510151822  0.040864729641774  0.499653546495226  0.466839972457657 
48.0    I  0.000000000000000  0.007284269425288  0.000000000000000  0.000000000000000  0.006707542472170  0.004239177233913  0.000000000000000  0.850863729506541  0.005516618767128  0.019156794688331  0.010836179446339  0.000000000000000  0.011312016971715  0.009175484150107  0.000000000000000  0.008496003053554  0.010308655552913  0.055939066932998  0.000000000000000  0.000000000000000  1.000000000000000  0.000000000000000  0.000000000000000  0.000000000000000  0.000000000000000  0.000000000000000  1.000000000000000  0.040864729641774  1.000000000000000  0.468785548228555 
49.0    R  0.011241668593835  0.036931610841699  0.000000000000000  0.007089993400915  0.000000000000000  0.007688937672139  0.058395459180199  0.004010506037969  0.062197482613755  0.022939853688033  0.007817917089551  0.012762015486094  0.015581738302376  0.020847237026215  0.684441906545919  0.023227859131735  0.008893703352147  0.004388671496217  0.004120399676047  0.007183984735560  1.000000000000000  0.000000000000000  0.000000000000000  0.000000000000000  0.000000000000000  0.000000000000000  1.000000000000000  0.040893064732969  1.000000000000000  0.468785548228555 
50.0    R  0.025260027150174  0.016470178488918  0.001523916953464  0.011485838565539  0.058924033494890  0.000000000000000  0.076574083244042  0.001974906407913  0.268129154204486  0.031774208540374  0.005179397501167  0.026589491547079  0.022939853688033  0.060790934213268  0.307146745111412  0.034101996157967  0.013649576498698  0.005321320447814  0.001450735274083  0.030841142058933  0.984184022033800  0.000000000000000  0.015766431778823  0.000000000000000  0.000000000000000  0.053846634982001  0.946057646725596  0.040893064732969  1.000000000000000  0.468785548228555 
51.0    Y  0.007380836257791  0.008961773626767  0.005786874211017  0.009658400475945  0.105257869201052  0.000000000000000  0.020347565462016  0.009181846315779  0.003611965930132  0.168054374269078  0.006574058455355  0.003127010979126  0.002266999832781  0.024467321758017  0.000000000000000  0.003135692924672  0.000000000000000  0.000000000000000  0.000000000000000  0.622437117691085  0.978741650397436  0.008026573745148  0.013508394239185  0.409518348929914  0.590496330714765  0.000000000000000  1.000000000000000  0.041579032533771  0.493800430722686  0.455019412040450 
52.0    Q  0.007551610133320  0.000000000000000  0.000000000000000  0.024912264891892  0.000000000000000  0.000000000000000  0.005463344073197  0.000000000000000  0.022405550750247  0.000000000000000  0.008887540842754  0.014487977288054  0.015356571852270  0.844986384412514  0.029258507732328  0.006488047063210  0.007279222103944  0.012779719664965  0.000000000000000  0.000000000000000  1.000000000000000  0.000000000000000  0.000000000000000  0.000000000000000  0.000000000000000  0.248789930455021  0.751059963470465  0.042217940141739  1.000000000000000  0.434371092575312 
53.0    K  0.033123524481165  0.000000000000000  0.004361378757744  0.019791160214425  0.000000000000000  0.006537705020964  0.022624033943431  0.000000000000000  0.573951206927501  0.006456643110580  0.007965606898423  0.023340835267380  0.007324774191071  0.036221748497014  0.155286035223055  0.080828058242968  0.022158438057492  0.000000000000000  0.000000000000000  0.000000000000000  0.984866442895551  0.007877753553864  0.007416735319926  0.475659138165900  0.524494663787473  0.000000000000000  1.000000000000000  0.041291825176821  0.493458272942921  0.450312989923965 
54.0    S  0.025808677029241  0.003203800434362  0.007304493732433  0.007657026682358  0.020905118043533  0.044501568612408  0.028379638053797  0.004606861688520  0.010731533073669  0.007340021478234  0.003841804976665  0.032712821311705  0.014741222670240  0.009479324689443  0.022892201165802  0.650670927720967  0.105476974516252  0.000000000000000  0.000000000000000  0.000000000000000  0.995849753094458  0.003955292216213  0.000000000000000  0.125000000000000  0.874784764905822  0.267943365634073  0.732042847972813  0.041377778449856  0.497235084336607  0.440740078953585 
55.0    T  0.017241152188156  0.002376410856707  0.019011286853657  0.048327896090957  0.005723050291451  0.020067434515460  0.008519591661447  0.015549370653439  0.000000000000000  0.000000000000000  0.007304493732433  0.008549169541100  0.048260945818237  0.010510681316577  0.007144258511718  0.047464740306704  0.668037039195050  0.053326631132004  0.009752582413294  0.002879432065022  0.980779003988551  0.000000000000000  0.018945512797840  0.000000000000000  0.000000000000000  0.000000000000000  1.000000000000000  0.041091961256408  1.000000000000000  0.456282744271726 
56.0    E  0.018110874248507  0.015166163590149  0.167125061925642  0.361984543094890  0.003799433388329  0.062154385542076  0.044749023162536  0.000000000000000  0.070121467533155  0.004416135027830  0.005624731712948  0.103091693576260  0.005819052590323  0.046230859664026  0.032240099353167  0.028517671516983  0.013461658745500  0.011857962913860  0.000000000000000  0.005624731712948  0.990342871933025  0.000000000000000  0.009992074853730  0.000000000000000  0.000000000000000  0.121413436942704  0.878430468238362  0.042247213532129  1.000000000000000  0.438302860658018 
57.0    L  0.022452190258501  0.008501894075553  0.005444442338623  0.004869535915137  0.086090627898946  0.000000000000000  0.006968191557969  0.020631606890859  0.006219438271709  0.720964435730112  0.022173802440631  0.012525395771866  0.019064070473003  0.000000000000000  0.014710601008456  0.015377875344278  0.026042287723726  0.007921558435860  0.000000000000000  0.000000000000000  0.998614666101029  0.000000000000000  0.001095647930206  0.142892291926755  0.857376036634172  0.341510064188599  0.658383461029622  0.042188687035086  0.486327473706143  0.435577096071128 
58.0    L  0.007905103133023  0.005478512697822  0.000000000000000  0.006872258405644  0.033984012214215  0.000000000000000  0.010866265403984  0.116790918360398  0.000000000000000  0.743291492215508  0.025559439329931  0.000000000000000  0.005444442338623  0.000000000000000  0.001680376231663  0.014528202228331  0.000000000000000  0.027337023903307  0.000000000000000  0.000000000000000  1.000000000000000  0.000000000000000  0.000000000000000  0.000000000000000  0.000000000000000  0.306296332976169  0.693515484565693  0.040274207202657  1.000000000000000  0.455966582759885 
59.0    I  0.000000000000000  0.010180837104401  0.000000000000000  0.002135811440400  0.070121467533155  0.000000000000000  0.011195012893540  0.673616788432845  0.000000000000000  0.137166492197405  0.014659706195323  0.012621262150150  0.005111633091621  0.002956282798769  0.016142412307565  0.000000000000000  0.009322935492435  0.028996046139728  0.000000000000000  0.005652089397932  0.984184022033800  0.016142412307565  0.000000000000000  0.152090294829258  0.847919964633148  0.000000000000000  1.000000000000000  0.039912929974856  0.481630947010074  0.469761374607006 
60.0    R  0.035772630018709  0.016688522000748  0.005945442893904  0.004413075056915  0.006633564425366  0.001901033933903  0.030905341136904  0.000000000000000  0.021108970070869  0.083215725827273  0.000000000000000  0.004301334367570  0.317097849831467  0.037111239564794  0.387159513926610  0.035500914524584  0.012335841979696  0.000000000000000  0.000000000000000  0.000000000000000  0.997922718999051  0.000000000000000  0.002008034817688  0.000000000000000  0.000000000000000  0.148753962038334  0.851453707748945  0.040498155169792  1.000000000000000  0.454389058224260 
61.0    K  0.032871930600121  0.005945442893904  0.005489916797682  0.010445316370353  0.020789516266886  0.000000000000000  0.014447863720527  0.006381007743047  0.655651007107824  0.004055231525559  0.000000000000000  0.003476858333018  0.006049367405103  0.044780051574159  0.150725978461345  0.010576455305097  0.005325010184697  0.023227859131735  0.000000000000000  0.000000000000000  1.000000000000000  0.000000000000000  0.000000000000000  0.000000000000000  0.000000000000000  0.000000000000000  1.000000000000000  0.040079268836320  1.000000000000000  0.459138081150462 
62.0    L  0.209787409276635  0.000000000000000  0.002010820475457  0.024231037698344  0.012006837353813  0.017787406704295  0.003188293149027  0.057992092279455  0.015134659206666  0.516199267741621  0.018010724168732  0.006587743048829  0.005489916797682  0.010821167719617  0.028183605574445  0.039719740290802  0.026923317491001  0.004091937996484  0.000000000000000  0.001713307712369  0.996540262827868  0.003747125466114  0.000000000000000  0.500000000000000  0.500000000000000  0.000000000000000  1.000000000000000  0.039996012932635  0.497924876547229  0.459138081150462 
63.0    P  0.033261568201667  0.016447361792335  0.000000000000000  0.000000000000000  0.000000000000000  0.006099894473495  0.004058043372257  0.052048485680034  0.000000000000000  0.025577161924713  0.000000000000000  0.002664351239999  0.698339266233699  0.009099481144285  0.039281667953807  0.074894313833714  0.019709022012988  0.014043048853297  0.000000000000000  0.004382591720822  0.990342871933025  0.009916178797030  0.000000000000000  1.000000000000000  0.000000000000000  0.000000000000000  1.000000000000000  0.039145763707004  0.493800430722686  0.459138081150462 
64.0    F  0.010873799936180  0.000000000000000  0.000000000000000  0.000000000000000  0.922103117912631  0.000000000000000  0.000000000000000  0.004058043372257  0.000000000000000  0.037473122305972  0.006323767316777  0.000000000000000  0.000000000000000  0.000000000000000  0.000000000000000  0.006394290481178  0.003328297246386  0.005041259728327  0.000000000000000  0.004382591720822  1.000000000000000  0.000000000000000  0.000000000000000  0.000000000000000  0.000000000000000  0.567227742467977  0.432568345292494  0.039145763707004  1.000000000000000  0.459138081150462 
65.0    Q  0.147726443366796  0.022097086912080  0.009532035236502  0.022530138616566  0.014498023069864  0.025844480263852  0.018658799798040  0.040498155169792  0.012335841979696  0.002300239823428  0.015271652600169  0.007050786933300  0.018919266936727  0.394200087028139  0.035280137650192  0.130308220105140  0.041521431690516  0.035280137650192  0.006112592044816  0.000000000000000  1.000000000000000  0.000000000000000  0.000000000000000  0.000000000000000  0.000000000000000  0.000000000000000  1.000000000000000  0.038553349056547  1.000000000000000  0.483303048532487 
66.0    R  0.028557232819669  0.020165038913309  0.010972225591703  0.003296155453633  0.000000000000000  0.024569290379385  0.054258764225065  0.000000000000000  0.030185510278901  0.004992575637512  0.005597506446770  0.000000000000000  0.000000000000000  0.018110874248507  0.724973416439426  0.037996227599472  0.013331657783001  0.007099829034754  0.001932923157061  0.014140725982545  0.981459063853479  0.000000000000000  0.018465805420849  0.000000000000000  0.000000000000000  0.000000000000000  1.000000000000000  0.039719740290802  1.000000000000000  0.483303048532487 
67.0    L  0.003736750617546  0.013212066990274  0.000000000000000  0.007780076196050  0.025916235806701  0.007817917089551  0.004086269296065  0.023699492896476  0.000000000000000  0.769503610080431  0.010731533073669  0.000000000000000  0.000000000000000  0.020545980628204  0.000000000000000  0.016120049676584  0.001876161843659  0.088756709908964  0.000000000000000  0.006429846447490  0.984184022033800  0.009169126392823  0.006820059305733  0.569986636346731  0.430176315305720  0.489710148793463  0.510506062853597  0.038446604523473  0.477310507069858  0.463936738235641 
68.0    V  0.064079202368037  0.017506081471784  0.000000000000000  0.000000000000000  0.000000000000000  0.017812082385835  0.000000000000000  0.072896835611779  0.000000000000000  0.027280237222930  0.007334935525902  0.000000000000000  0.015953314464175  0.005101014793316  0.009545258606824  0.025612643988672  0.000000000000000  0.734075318017052  0.002591494415229  0.000000000000000  0.986232704493359  0.008513688376667  0.005258984645612  0.202641279971327  0.797192476540536  0.209206560670848  0.790589116603944  0.039885274025905  0.492092011016900  0.472701058375372 
69.0    R  0.034987902770445  0.040302132832996  0.006515086279883  0.000000000000000  0.000000000000000  0.008716713455664  0.022066475068512  0.000000000000000  0.115984184558910  0.012370091654239  0.000000000000000  0.000000000000000  0.005034275900332  0.064793818813733  0.647970482716667  0.009827226342469  0.001513390490155  0.011613929565867  0.013021143861863  0.005501344636375  0.985549336939371  0.010265872087104  0.004397806977097  0.301451956922690  0.698339266233699  0.195874296737335  0.804408370941916  0.039774841727373  0.494485458190466  0.474342157570227 
70.0    E  0.003868526843488  0.002873450675499  0.027950153180706  0.788946840852465  0.000000000000000  0.011557714916007  0.004584563196412  0.000000000000000  0.044347604881262  0.000000000000000  0.002511909147325  0.002327505028465  0.006997231797585  0.018389167769043  0.025988190574216  0.046714039019842  0.008076802626937  0.002666198667744  0.000000000000000  0.002368189099730  0.969289816935065  0.000000000000000  0.030628106729433  0.000000000000000  0.000000000000000  0.280291519507127  0.719965659257343  0.040554336466849  1.000000000000000  0.473356815618357 
71.0    I  0.002189777496149  0.007031265076512  0.004795842515293  0.000000000000000  0.019183370061173  0.000000000000000  0.000000000000000  0.737134608645551  0.000000000000000  0.061639544030835  0.007026393063654  0.000000000000000  0.000000000000000  0.000000000000000  0.000000000000000  0.026314467300263  0.019505164826588  0.115183023274838  0.000000000000000  0.000000000000000  0.997922718999051  0.001881370886758  0.000000000000000  0.333324669272800  0.666649338545599  0.338212057762569  0.661585719954060  0.043676467870346  0.500000000000000  0.450312989923965 
72.0    A  0.378666578969244  0.064257114166004  0.038794609110191  0.008961773626767  0.004221583601716  0.014179986801831  0.002238890987751  0.040246300922182  0.000000000000000  0.057951909152216  0.039527485698561  0.021241066279793  0.026607928367155  0.011841535675862  0.005034275900332  0.072543994648983  0.135559676105383  0.070609200910633  0.007572576694805  0.000000000000000  0.969961910341735  0.003659849401845  0.026552656223083  1.000000000000000  0.000000000000000  0.046262915562502  0.953959550547558  0.040949793870574  0.499307333050514  0.467487598875728 
73.0    Q  0.031884520601514  0.010019817209080  0.031055659166330  0.091632297324326  0.006219438271709  0.021627339313304  0.035158077646525  0.016413196000168  0.031163476604752  0.067032288551121  0.037996227599472  0.042335155546418  0.014608987464866  0.402483068810561  0.044378354954482  0.036701936600427  0.024281477149502  0.039802421103953  0.002313030491902  0.012797448404060  0.937571096457110  0.006049367405103  0.056445406884489  0.263157788677360  0.736623842908240  0.076946525834057  0.923382310729395  0.042217940141739  0.494828328207603  0.443190849597434 
74.0    D  0.039308905369876  0.002407914698171  0.292194312140311  0.171229122495696  0.019613624863791  0.022328033433455  0.007998803909597  0.016839580391307  0.107992273425035  0.013470992890900  0.008999122205854  0.057831526752366  0.005172222306232  0.049002528379734  0.041897268486885  0.073353011142585  0.047333322371155  0.011613929565867  0.005186582649931  0.006159376359815  0.937571096457110  0.015388538170243  0.046811279200756  0.571569167707018  0.428390977384285  0.193579756963305  0.806082831492968  0.042777619159120  0.487677730763821  0.394200087028139 
75.0    F  0.016198454703433  0.041234622211653  0.000000000000000  0.021388809579560  0.380244688310252  0.005172222306232  0.030969673852002  0.084260483233566  0.009725579963923  0.111878133865997  0.032240099353167  0.033353916813749  0.000000000000000  0.011164016716727  0.010005936416639  0.027393928791126  0.005867655964613  0.047234997759882  0.017652300227658  0.114070686067931  0.779164579660500  0.204759174464957  0.015920174947136  0.466839972457657  0.532923368033971  0.079384436408674  0.920825697205040  0.050765774772265  0.310787417225985  0.387696603173502 
76.0    K  0.039830019603727  0.007737053686977  0.021226348196077  0.049652150006007  0.007567329603333  0.084260483233566  0.015452670568452  0.023831275832129  0.329876977693224  0.028975954576108  0.011033237534256  0.048630323534714  0.004100455795403  0.024030325488598  0.082698214994258  0.121581868426536  0.068109507013333  0.008856792287331  0.005079844322455  0.017409275794052  0.818469181590804  0.181369025979272  0.000000000000000  0.475988954248766  0.523768063549899  0.562139461889309  0.437695664847132  0.051367511705928  0.338916081700000  0.378141999320990 
77.0    T  0.070072879876782  0.002131374759873  0.039968299414920  0.085377516047150  0.001893144173701  0.063022028430912  0.055822865772048  0.017911127902006  0.020717590004667  0.023503183615448  0.003360752463326  0.024450368179266  0.059829466137206  0.036854893508163  0.068440779424598  0.090684512989636  0.277008086966231  0.046681670534761  0.006336930902946  0.005896195189533  0.946713631236714  0.044347604881262  0.009030364894959  0.356506429341035  0.643494623650635  0.421615555125056  0.578344091952644  0.042659178683911  0.428390977384285  0.428094142273228 
78.0    D  0.033146491917757  0.000000000000000  0.378141999320990  0.092654188112677  0.000000000000000  0.048260945818237  0.030416542942445  0.021567458646822  0.022374511581268  0.009220112057314  0.012577595900330  0.125347054487635  0.064079202368037  0.026024242840017  0.014915953345933  0.037265902260332  0.043314683926575  0.037265902260332  0.000000000000000  0.003379440197598  0.933032991536807  0.058435949859466  0.008662505028149  0.415811049187453  0.584388624280623  0.388773017941279  0.611320138846034  0.043284670878466  0.395020655931689  0.441045682598588 
79.0    L  0.000000000000000  0.020703234641331  0.004726539411013  0.005892109674557  0.140632310586101  0.003226084628655  0.054146053525005  0.061341191490842  0.000000000000000  0.442270217665770  0.049002528379734  0.019942637012952  0.020818356642063  0.000000000000000  0.009565128065627  0.010322956294205  0.015463385256488  0.051976381148432  0.003083960494924  0.086930123231874  0.972654947412286  0.025207554975691  0.002215733369016  0.487339815445774  0.512633618944297  0.370873733460280  0.628942485918009  0.042985681816867  0.454704125900367  0.449066186441967 
80.0    R  0.003754925501519  0.029935475569459  0.002859542374894  0.004063672916102  0.017960857000542  0.003682752093431  0.032894723584670  0.003346804510815  0.059005776196891  0.005365766536834  0.004089102663963  0.014160342785427  0.006488047063210  0.066017851584491  0.675487042267819  0.029852591761951  0.002353461552724  0.011187255790634  0.020277168233425  0.007391075365044  0.992404374685819  0.007807086663988  0.000000000000000  0.347238783941278  0.652929893544459  0.275094652341534  0.724973416439426  0.042955896736626  0.493800430722686  0.465870214652387 
81.0    F  0.000000000000000  0.007780076196050  0.000000000000000  0.000000000000000  0.513344772859999  0.000000000000000  0.000000000000000  0.115422788841174  0.000000000000000  0.016131227116926  0.015092755139451  0.002351830822718  0.002045968998242  0.000000000000000  0.002946054837278  0.015250496262129  0.004058043372257  0.042482132559586  0.239816029831316  0.023243965038039  1.000000000000000  0.000000000000000  0.000000000000000  0.000000000000000  0.000000000000000  0.294226684304692  0.705637921704346  0.043314683926575  1.000000000000000  0.475659138165900 
82.0    Q  0.021959667190730  0.002434767957569  0.006924857024960  0.017542522219900  0.000000000000000  0.004134704667481  0.015484836926001  0.000000000000000  0.018906157644051  0.004091937996484  0.000000000000000  0.007769298192759  0.000000000000000  0.588861394797491  0.091125586176036  0.043797732783773  0.168520966467132  0.000000000000000  0.004256844188333  0.004060857168653  0.995159721820083  0.000000000000000  0.005140056738395  0.000000000000000  0.000000000000000  0.000000000000000  1.000000000000000  0.042364510212500  1.000000000000000  0.483638164806966 
83.0    S  0.177759676323409  0.019505164826588  0.010821167719617  0.041406469282663  0.003388822996688  0.030039404012149  0.049240867878084  0.007683609953330  0.048562954299003  0.011430243911753  0.009086875324593  0.008992886650998  0.055668306287918  0.015155654849090  0.040921419471361  0.382889499273596  0.028955876934074  0.039747281460737  0.000000000000000  0.018645870984871  0.994470168673214  0.000000000000000  0.005508976408142  0.000000000000000  0.000000000000000  0.136313466583157  0.863938187400277  0.042130241616783  1.000000000000000  0.477641468191219 
84.0    S  0.132769898311922  0.000000000000000  0.056523711097568  0.119741902277837  0.011573748422034  0.055168937268166  0.023340835267380  0.006074578405332  0.015733680469636  0.009532035236502  0.016898043179432  0.019130256131253  0.041984482053791  0.091252000665908  0.027641888604111  0.295452886733591  0.059046690062325  0.010416395914775  0.000000000000000  0.007662335968661  0.997922718999051  0.000000000000000  0.002129897915362  0.000000000000000  0.000000000000000  0.000000000000000  1.000000000000000  0.042335155546418  1.000000000000000  0.474013482564323 
85.0    A  0.751059963470465  0.026755883892077  0.006560402288626  0.004100455795403  0.000000000000000  0.016933218231950  0.000000000000000  0.006389859832483  0.000000000000000  0.000000000000000  0.003731573970244  0.000000000000000  0.003144398975083  0.000000000000000  0.027603595358796  0.057471877884479  0.027911432886024  0.060412881066561  0.000000000000000  0.007839623035230  0.995159721820083  0.004739662344721  0.000000000000000  0.075206439124969  0.924663278113700  0.512989072668570  0.487002134271620  0.042482132559586  0.480630464194381  0.471065636952404 
86.0    V  0.000000000000000  0.000000000000000  0.013184621814532  0.000000000000000  0.018542762463383  0.000000000000000  0.006488047063210  0.286379474494939  0.000000000000000  0.441351498145327  0.038499939795180  0.006805892126111  0.000000000000000  0.000000000000000  0.000000000000000  0.014558444207887  0.019209982300853  0.148239312426368  0.000000000000000  0.006730829372750  0.984184022033800  0.006730829372750  0.009030364894959  1.000000000000000  0.000000000000000  0.000000000000000  1.000000000000000  0.041868237575870  0.496890546661277  0.487339815445774 
87.0    M  0.053846634982001  0.006740166754239  0.090558884659680  0.134250558952516  0.026314467300263  0.091062444618626  0.004996037426865  0.045943354262158  0.016243428674614  0.185179974752540  0.111878133865997  0.029997789407466  0.010987446874321  0.038287041622021  0.006872258405644  0.041607862913637  0.025701564647265  0.053326631132004  0.024147204676500  0.002047387647494  0.999307092990453  0.000368512199346  0.000000000000000  1.000000000000000  0.000000000000000  0.406126198178118  0.593779833036705  0.042276507220321  0.500000000000000  0.477641468191219 
88.0    A  0.663422570298581  0.032441852204471  0.002760221960708  0.000000000000000  0.000000000000000  0.004038401313469  0.019668080836013  0.022860487823505  0.000000000000000  0.042305821220389  0.023308500417054  0.007672965587995  0.024929538744032  0.000000000000000  0.023211764385325  0.053734780390188  0.024365776331604  0.055360469943898  0.000000000000000  0.000000000000000  0.996540262827868  0.003335225446841  0.000000000000000  0.250000000000000  0.750019494642909  0.000000000000000  1.000000000000000  0.041868237575870  0.497579860910041  0.487677730763821 
89.0    L  0.020861692238999  0.014209503934386  0.000000000000000  0.003335225446841  0.014278616409834  0.000000000000000  0.007672965587995  0.112266546610492  0.000000000000000  0.750539548757186  0.031576607702711  0.000000000000000  0.014239082509955  0.000000000000000  0.007866840234818  0.010525262319263  0.000000000000000  0.012824087637664  0.000000000000000  0.000000000000000  1.000000000000000  0.000000000000000  0.000000000000000  0.000000000000000  0.000000000000000  0.000000000000000  1.000000000000000  0.041868237575870  1.000000000000000  0.487677730763821 
90.0    Q  0.000000000000000  0.013221228071880  0.000000000000000  0.014209503934386  0.000000000000000  0.006740166754239  0.047894373756493  0.000000000000000  0.013294745773540  0.005578140545645  0.000000000000000  0.000000000000000  0.002167127875133  0.829319545814442  0.031250000000000  0.012395841299862  0.022235366581791  0.000000000000000  0.001918241396999  0.000000000000000  1.000000000000000  0.000000000000000  0.000000000000000  0.000000000000000  0.000000000000000  0.000000000000000  1.000000000000000  0.041868237575870  1.000000000000000  0.487677730763821 
91.0    E  0.020319377289820  0.010445316370353  0.012913286221160  0.625464540056633  0.018542762463383  0.014915953345933  0.011841535675862  0.000000000000000  0.029197729590099  0.012040173568100  0.002472180847598  0.000000000000000  0.000000000000000  0.016209686508838  0.027054267672489  0.039227249727583  0.055552667572911  0.089871033302935  0.000000000000000  0.013955716443012  1.000000000000000  0.000000000000000  0.000000000000000  0.000000000000000  0.000000000000000  0.186985719795299  0.812815601984320  0.041868237575870  1.000000000000000  0.487677730763821 
92.0    A  0.660211420507500  0.007119541254978  0.000000000000000  0.000000000000000  0.000000000000000  0.006848482197782  0.007657026682358  0.053809324271181  0.000000000000000  0.022892201165802  0.014387901518829  0.000000000000000  0.021182255106250  0.008936960728155  0.008138620539127  0.074376981019167  0.064168096607500  0.050345268190547  0.000000000000000  0.000000000000000  1.000000000000000  0.000000000000000  0.000000000000000  0.000000000000000  0.000000000000000  0.000000000000000  1.000000000000000  0.042807280623924  1.000000000000000  0.490389501994276 
93.0    S  0.382094130191292  0.022173802440631  0.000000000000000  0.000000000000000  0.014498023069864  0.004382591720822  0.013139006488339  0.004487102949207  0.004543437662296  0.013592927386073  0.000000000000000  0.006805892126111  0.010873799936180  0.007662335968661  0.017824433060444  0.297301778750680  0.129677492070701  0.071001829049168  0.000000000000000  0.000000000000000  1.000000000000000  0.000000000000000  0.000000000000000  0.000000000000000  0.000000000000000  0.000000000000000  1.000000000000000  0.042718357873182  1.000000000000000  0.490389501994276 
94.0    E  0.013276328111541  0.000000000000000  0.000000000000000  0.890692900606681  0.000000000000000  0.003407666819417  0.000000000000000  0.000000000000000  0.020977695355942  0.000000000000000  0.000000000000000  0.015986522964601  0.010223266183242  0.011751591807724  0.029299096764285  0.004546588025008  0.000000000000000  0.000000000000000  0.000000000000000  0.000000000000000  0.993092495437036  0.000000000000000  0.007238969233519  0.000000000000000  0.000000000000000  0.000000000000000  1.000000000000000  0.043194756454018  1.000000000000000  0.490389501994276 
95.0    A  0.500000000000000  0.016086563803656  0.084846561242500  0.021329589341956  0.040582456335309  0.009271381231692  0.011343424061749  0.015399208389678  0.013285533751003  0.034770316268276  0.047104215923699  0.008332701412748  0.022828818414776  0.010173782731008  0.000000000000000  0.080660155653236  0.032803646363221  0.031906628928350  0.000000000000000  0.019196671569463  1.000000000000000  0.000000000000000  0.000000000000000  0.000000000000000  0.000000000000000  0.000000000000000  1.000000000000000  0.045689295262501  1.000000000000000  0.483303048532487 
96.0    Y  0.000000000000000  0.016734856612366  0.000000000000000  0.013926726498390  0.196690611338391  0.000000000000000  0.041377778449856  0.038875364165577  0.000000000000000  0.009971318506476  0.021974893748642  0.012327294388320  0.027814866664141  0.006116830439504  0.013285533751003  0.004710186826917  0.073607674349686  0.023715925827720  0.000000000000000  0.498961359499525  1.000000000000000  0.000000000000000  0.000000000000000  0.000000000000000  0.000000000000000  0.373971439590597  0.625898229326997  0.045531222309313  1.000000000000000  0.483303048532487 
97.0    L  0.008496003053554  0.000000000000000  0.000000000000000  0.000000000000000  0.002038890483246  0.000000000000000  0.000000000000000  0.082013203411998  0.005384395128811  0.722465198961763  0.055283777208221  0.000000000000000  0.012430257558671  0.000000000000000  0.017349044275447  0.005325010184697  0.015854102290326  0.050171086794747  0.022987605403996  0.000000000000000  0.994470168673214  0.000000000000000  0.005262631159632  0.000000000000000  0.000000000000000  0.421323414751576  0.578745108495061  0.045091521464426  1.000000000000000  0.490389501994276 
98.0    V  0.021241066279793  0.020963159763785  0.000000000000000  0.000000000000000  0.011816937478781  0.008740914851841  0.003513196531827  0.084729020425000  0.000000000000000  0.022189177477241  0.003991094073103  0.000000000000000  0.000000000000000  0.004376520367946  0.012447501504462  0.023519480428298  0.140242935066311  0.628942485918009  0.008722757515489  0.004527718562127  0.983502074026248  0.010598471308185  0.005879870107074  1.000000000000000  0.000000000000000  0.000000000000000  1.000000000000000  0.045720975647010  0.494828328207603  0.489031736723670 
99.0    G  0.031708204580653  0.011825131195075  0.042423280621250  0.046714039019842  0.000000000000000  0.270931491711195  0.081390261848064  0.023601134149419  0.025862400502444  0.014936645587402  0.003436129202822  0.034698088550895  0.000000000000000  0.124394965227510  0.046198825977308  0.126832818322610  0.084085450532614  0.013782677581206  0.017169597149639  0.000000000000000  0.994470168673214  0.000000000000000  0.005520443921417  0.500000000000000  0.500000000000000  0.383952567425525  0.615999036722878  0.045752677998301  0.496202187342909  0.485317234884773 
100.0    L  0.000000000000000  0.008992886650998  0.000000000000000  0.029400815859806  0.052374195916747  0.000000000000000  0.013148116910709  0.036146505747040  0.000000000000000  0.673150034638391  0.050136322897030  0.000000000000000  0.002374764224967  0.008999122205854  0.060622619396358  0.003525393466650  0.009067999331123  0.046230859664026  0.000000000000000  0.005738939973743  1.000000000000000  0.000000000000000  0.000000000000000  0.000000000000000  0.000000000000000  0.284598507268719  0.715488260011456  0.045626000332954  1.000000000000000  0.487677730763821 
101.0    F  0.000000000000000  0.000000000000000  0.000000000000000  0.000000000000000  0.717972255311718  0.000000000000000  0.000000000000000  0.000000000000000  0.012850782323632  0.159541096103619  0.054071043161562  0.000000000000000  0.013536513381251  0.000000000000000  0.011948720920959  0.021344379011787  0.000000000000000  0.000000000000000  0.000000000000000  0.008887540842754  0.994470168673214  0.005325010184697  0.000000000000000  0.500000000000000  0.500000000000000  0.000000000000000  1.000000000000000  0.045847917005229  0.496202187342909  0.492092011016900 
102.0    E  0.040554336466849  0.000000000000000  0.009453078822026  0.660211420507500  0.000000000000000  0.043797732783773  0.002589698750583  0.000000000000000  0.093687475109722  0.000000000000000  0.002887426623582  0.003692977018558  0.000000000000000  0.051225287977345  0.017015578364627  0.053697547184199  0.017277041458129  0.004016069635375  0.000000000000000  0.000000000000000  0.998614666101029  0.001211491501675  0.000000000000000  0.250000000000000  0.750019494642909  0.478635729097649  0.521232880420561  0.048562954299003  0.500000000000000  0.492092011016900 
103.0    D  0.019640833976904  0.028656376350146  0.613442488626902  0.029790579540255  0.000000000000000  0.018148573936339  0.037864770638445  0.017098339082199  0.026114592466308  0.036071419297401  0.021108970070869  0.029016151634585  0.000000000000000  0.009678505451437  0.005855467194358  0.004869535915137  0.013621222492767  0.014072280935124  0.000000000000000  0.075154328056136  0.995159721820083  0.000000000000000  0.004866161779568  0.000000000000000  0.000000000000000  0.000000000000000  1.000000000000000  0.048630323534714  1.000000000000000  0.497235084336607 
104.0    T  0.292396916012987  0.031532863557646  0.032622247731929  0.000000000000000  0.003360752463326  0.025453361345944  0.000000000000000  0.017133931071686  0.020361674208801  0.007785470803343  0.002206537528457  0.022127741222102  0.009624984948795  0.013294745773540  0.003980043736784  0.190386092462908  0.315344352207812  0.012293163208649  0.000000000000000  0.000000000000000  1.000000000000000  0.000000000000000  0.000000000000000  0.000000000000000  0.000000000000000  0.000000000000000  1.000000000000000  0.048731552663208  1.000000000000000  0.493116352246680 
105.0    N  0.009772883438385  0.000000000000000  0.006838994763236  0.001847768841261  0.004215735298845  0.029096713119695  0.009342342162313  0.028696130071904  0.002645947221651  0.034172983046395  0.033819520141429  0.471392267959120  0.013294745773540  0.060120465916548  0.007943552135093  0.044163551371335  0.028735938942239  0.082297932628703  0.000000000000000  0.131487722400484  0.987600861445373  0.002327505028465  0.010159688644910  0.142892291926755  0.857376036634172  0.000000000000000  1.000000000000000  0.048731552663208  0.498961359499525  0.493116352246680 
106.0    L  0.040274207202657  0.009772883438385  0.000000000000000  0.010187896369208  0.000000000000000  0.000000000000000  0.000000000000000  0.037317599596081  0.073099229003247  0.639492790638714  0.051653144884638  0.008478354467827  0.015777364024948  0.012886461697033  0.037603219562484  0.018010724168732  0.015876095984277  0.013830527571555  0.003349125143102  0.012225184089633  0.971307495541633  0.029016151634585  0.000000000000000  0.462331639056850  0.537747195228689  0.638164384414476  0.361733721467631  0.049652150006007  0.476649272644080  0.485653747770817 
107.0    C  0.056523711097568  0.532554101696709  0.000000000000000  0.000000000000000  0.019209982300853  0.013630667277668  0.000000000000000  0.041234622211653  0.000000000000000  0.156583054828016  0.020688889224928  0.003417127987913  0.000000000000000  0.000000000000000  0.024586326417299  0.018984949873516  0.059954007457829  0.034125642054552  0.000000000000000  0.018555619782397  0.993781093322555  0.000000000000000  0.005883947135288  0.000000000000000  0.000000000000000  1.000000000000000  0.000000000000000  0.048596627242660  1.000000000000000  0.496546247718518 
108.0    A  0.558643569036110  0.034386831542692  0.000000000000000  0.000000000000000  0.000000000000000  0.001804731586810  0.013285533751003  0.046941247716904  0.009820416988452  0.000000000000000  0.065607292726442  0.000000000000000  0.014229216149875  0.000000000000000  0.000000000000000  0.097530685021713  0.139177702278586  0.018710604759671  0.000000000000000  0.000000000000000  0.984184022033800  0.016064278541501  0.000000000000000  0.312082637225403  0.687770909069872  0.000000000000000  1.000000000000000  0.048934643516034  0.489031736723670  0.498615625676035 
109.0    I  0.043194756454018  0.003690418128895  0.000000000000000  0.002744958398841  0.010919116967586  0.000000000000000  0.015625000000000  0.431370672271328  0.027185854772145  0.170164264562434  0.025719385789960  0.020847237026215  0.013294745773540  0.029360085912938  0.036549614501623  0.024895003008924  0.077374393177340  0.029687511964840  0.000000000000000  0.037291741969741  1.000000000000000  0.000000000000000  0.000000000000000  0.000000000000000  0.000000000000000  0.000000000000000  1.000000000000000  0.048968574184334  1.000000000000000  0.498615625676035 
110.0    H  0.009827226342469  0.000000000000000  0.002327505028465  0.007747786958893  0.003849802097419  0.014160342785427  0.817902058557781  0.000000000000000  0.007380836257791  0.009459633468364  0.000000000000000  0.003421868418231  0.009545258606824  0.015187202937209  0.037943590137345  0.021732530807969  0.009485897534336  0.000000000000000  0.000000000000000  0.030018589498546  1.000000000000000  0.000000000000000  0.000000000000000  0.000000000000000  0.000000000000000  0.000000000000000  1.000000000000000  0.049617745683228  1.000000000000000  0.498615625676035 
111.0    A  0.615999036722878  0.036803837174843  0.000000000000000  0.014160342785427  0.000000000000000  0.074068298183849  0.035624164771671  0.003667467762951  0.000000000000000  0.014023594541676  0.000000000000000  0.002688467971857  0.019410754402882  0.017603425445270  0.079494562921473  0.041406469282663  0.020861692238999  0.011430243911753  0.000000000000000  0.012770864507629  1.000000000000000  0.000000000000000  0.000000000000000  0.000000000000000  0.000000000000000  0.000000000000000  1.000000000000000  0.049583365199446  1.000000000000000  0.498615625676035 
112.0    K  0.021285281791258  0.000000000000000  0.013276328111541  0.003844468836070  0.000000000000000  0.076415017355754  0.026589491547079  0.000000000000000  0.562139461889309  0.000000000000000  0.000000000000000  0.064569649230258  0.012904338514621  0.024097044146999  0.098755163982922  0.084377374070172  0.011662331119507  0.000000000000000  0.000000000000000  0.000000000000000  0.997231251352069  0.000000000000000  0.002933827982307  0.000000000000000  0.000000000000000  0.000000000000000  1.000000000000000  0.049583365199446  1.000000000000000  0.498615625676035 
113.0    R  0.024130472909118  0.061044283060139  0.000000000000000  0.015942260300757  0.000000000000000  0.006367752596896  0.033936933010072  0.020067434515460  0.011233879162867  0.004872912390289  0.000000000000000  0.000000000000000  0.007243988644027  0.004645340292979  0.777007268784049  0.024298313621330  0.000000000000000  0.000000000000000  0.000000000000000  0.009239304689407  0.977385766410805  0.022939853688033  0.000000000000000  0.452503231441453  0.547526235396787  0.357000994921266  0.643048741715302  0.049002528379734  0.481297221550876  0.496202187342909 
114.0    V  0.051474438579223  0.005339794734148  0.000000000000000  0.014988501864457  0.000000000000000  0.000000000000000  0.014588749139302  0.079219532627152  0.016345077184258  0.032644867589507  0.002735461564233  0.000000000000000  0.000000000000000  0.009943710431843  0.004114691546699  0.016064278541501  0.006319385534076  0.746389191648477  0.000000000000000  0.000000000000000  0.997231251352069  0.000000000000000  0.002543445682752  0.000000000000000  0.000000000000000  1.000000000000000  0.000000000000000  0.052628934600526  1.000000000000000  0.498615625676035 
115.0    T  0.000000000000000  0.000000000000000  0.011102281587354  0.002974782694733  0.000000000000000  0.000000000000000  0.019330194979487  0.041607862913637  0.011948720920959  0.010180837104401  0.000000000000000  0.018085784640471  0.021567458646822  0.000000000000000  0.010280113476789  0.000000000000000  0.849684999138650  0.003266587499664  0.000000000000000  0.000000000000000  0.988970916380931  0.011367036590897  0.000000000000000  1.000000000000000  0.000000000000000  1.000000000000000  0.000000000000000  0.055054335882936  0.496890546661277  0.500000000000000 
116.0    I  0.000000000000000  0.000000000000000  0.000000000000000  0.000000000000000  0.006583178355493  0.000000000000000  0.019478143660548  0.450937689191125  0.011319860582460  0.390122740086852  0.006061959799022  0.012048522073500  0.000000000000000  0.000000000000000  0.000000000000000  0.013849714049920  0.003402946063056  0.086389512908036  0.000000000000000  0.000000000000000  1.000000000000000  0.000000000000000  0.000000000000000  1.000000000000000  0.000000000000000  0.000000000000000  0.000000000000000  0.056798632278033  1.000000000000000  1.000000000000000 
