No:  residues  hmm_col_1  hmm_col_2  hmm_col_3  hmm_col_4  hmm_col_5  hmm_col_6  hmm_col_7  hmm_col_8  hmm_col_9  hmm_col_10  hmm_col_11  hmm_col_12  hmm_col_13  hmm_col_14  hmm_col_15  hmm_col_16  hmm_col_17  hmm_col_18  hmm_col_19  hmm_col_20  hmm_col_21   hmm_col_22   hmm_col_23   hmm_col_24   hmm_col_25   hmm_col_26   hmm_col_27   hmm_col_28   hmm_col_29   hmm_col_30   
1.0    A  0.753667454779191  0.000000000000000  0.014988501864457  0.023083407243478  0.000000000000000  0.057992092279455  0.000000000000000  0.030081076346930  0.003584530790279  0.009565128065627  0.000000000000000  0.028596849003998  0.000000000000000  0.002266999832781  0.006492545793700  0.000000000000000  0.004524581274198  0.065018766657624  0.000000000000000  0.000000000000000  0.807201074504765  0.164481815628626  0.028027754989438  1.000000000000000  0.000000000000000  0.000000000000000  0.000000000000000  0.146299830184324  0.449689156073876  1.000000000000000 
2.0    V  0.113047422195136  0.000000000000000  0.000000000000000  0.003634568975402  0.029462016747445  0.067639040282857  0.000000000000000  0.136407984631867  0.000000000000000  0.040779842115280  0.000000000000000  0.000000000000000  0.004937512103331  0.000000000000000  0.000000000000000  0.000000000000000  0.128871039849349  0.475329550614909  0.000000000000000  0.000000000000000  0.776468875001040  0.013452331067795  0.210078438058320  0.672683604260913  0.327598350964591  0.943438250895360  0.056838015737546  0.145390005193481  0.496546247718518  0.491751037013124 
3.0    G  0.042955896736626  0.000000000000000  0.003831167984330  0.000000000000000  0.000000000000000  0.660669202829133  0.000000000000000  0.000000000000000  0.004543437662296  0.000000000000000  0.000000000000000  0.000000000000000  0.023519480428298  0.000000000000000  0.079164640857701  0.078672323344054  0.052628934600526  0.054071043161562  0.000000000000000  0.000000000000000  0.971307495541633  0.028975954576108  0.000000000000000  0.571569167707018  0.428390977384285  0.793333843191143  0.206899204019551  0.167589073947542  0.451250363731215  0.418123199957031 
4.0    I  0.123707082051901  0.021388809579560  0.000000000000000  0.000000000000000  0.015920174947136  0.000000000000000  0.000000000000000  0.218696191226455  0.000000000000000  0.423666217473059  0.064838746035351  0.000000000000000  0.049240867878084  0.000000000000000  0.000000000000000  0.000000000000000  0.000000000000000  0.062283766426742  0.000000000000000  0.020432364820887  0.991029563264079  0.002381357605618  0.006587743048829  1.000000000000000  0.000000000000000  0.030018589498546  0.969961910341735  0.099718154976129  0.500000000000000  0.483638164806966 
5.0    G  0.098209064583448  0.000000000000000  0.000000000000000  0.003221615424258  0.022702578899553  0.660211420507500  0.000000000000000  0.009413846210897  0.047960815500028  0.040190546357206  0.000000000000000  0.000000000000000  0.007483868892365  0.000000000000000  0.000000000000000  0.000000000000000  0.035109371969739  0.075729541276890  0.000000000000000  0.000000000000000  0.927873476471283  0.072042896674929  0.000000000000000  1.000000000000000  0.000000000000000  0.860352630611440  0.139660892259028  0.085200162955157  0.467811748915700  0.481297221550876 
6.0    A  0.494828328207603  0.000000000000000  0.000000000000000  0.018684684324627  0.014258835758491  0.036246864203295  0.000000000000000  0.014179986801831  0.000000000000000  0.145591698308557  0.079992025865269  0.000000000000000  0.018465805420849  0.000000000000000  0.000000000000000  0.026060345119530  0.030819772015417  0.120742041115606  0.000000000000000  0.000000000000000  0.937571096457110  0.000000000000000  0.062456693311903  0.000000000000000  0.000000000000000  1.000000000000000  0.000000000000000  0.073403873200853  1.000000000000000  0.499653546495226 
7.0    V  0.013955716443012  0.000000000000000  0.000000000000000  0.000000000000000  0.025172634095273  0.140437487878956  0.000000000000000  0.031141883213371  0.000000000000000  0.335875856430324  0.143786486668826  0.000000000000000  0.000000000000000  0.000000000000000  0.000000000000000  0.050836199883258  0.033936933010072  0.206183387152520  0.018478609378815  0.000000000000000  0.865736565519658  0.134436798807172  0.000000000000000  1.000000000000000  0.000000000000000  1.000000000000000  0.000000000000000  0.073251392729657  0.430176315305720  0.467811748915700 
8.0    F  0.029646384848139  0.000000000000000  0.000000000000000  0.000000000000000  0.627635995641322  0.013075410041928  0.000000000000000  0.156257787823151  0.000000000000000  0.048765342510856  0.013313188985545  0.000000000000000  0.000000000000000  0.000000000000000  0.000000000000000  0.007463147940488  0.042217940141739  0.044439919080852  0.017373111836205  0.000000000000000  1.000000000000000  0.000000000000000  0.000000000000000  0.000000000000000  0.000000000000000  0.000000000000000  0.000000000000000  0.062370169937441  1.000000000000000  1.000000000000000 
9.0    L  0.084729020425000  0.000000000000000  0.000000000000000  0.017421347167620  0.043495199744722  0.011304178795863  0.000000000000000  0.028775803037658  0.000000000000000  0.686342215627455  0.066384949155961  0.000000000000000  0.000000000000000  0.000000000000000  0.000000000000000  0.035109371969739  0.000000000000000  0.019209982300853  0.007463147940488  0.000000000000000  1.000000000000000  0.000000000000000  0.000000000000000  0.000000000000000  0.000000000000000  0.000000000000000  0.000000000000000  0.062413416631314  1.000000000000000  1.000000000000000 
10.0    G  0.096321388544801  0.000000000000000  0.000000000000000  0.000000000000000  0.000000000000000  0.817902058557781  0.000000000000000  0.007463147940488  0.000000000000000  0.009551877169469  0.000000000000000  0.017373111836205  0.000000000000000  0.000000000000000  0.039363436873356  0.000000000000000  0.008437316873694  0.003520509619574  0.000000000000000  0.000000000000000  0.953959550547558  0.005535771080110  0.040386025957422  0.333324669272800  0.666649338545599  0.000000000000000  0.000000000000000  0.062370169937441  0.498270131413934  1.000000000000000 
11.0    F  0.004471578752339  0.000000000000000  0.000000000000000  0.000000000000000  0.621144140892220  0.007710285514733  0.000000000000000  0.075624630576206  0.000000000000000  0.139177702278586  0.055130710324824  0.000000000000000  0.000000000000000  0.000000000000000  0.000000000000000  0.017445515030978  0.000000000000000  0.079439480581604  0.000000000000000  0.000000000000000  1.000000000000000  0.000000000000000  0.000000000000000  0.000000000000000  0.000000000000000  0.000000000000000  1.000000000000000  0.068203992315933  1.000000000000000  0.464258426153364 
12.0    L  0.007124477855623  0.000000000000000  0.000000000000000  0.000000000000000  0.000000000000000  0.007499447351866  0.000000000000000  0.117440343651751  0.000000000000000  0.773782496771195  0.007129417879246  0.000000000000000  0.012797448404060  0.000000000000000  0.000000000000000  0.016232173489026  0.017861536490844  0.040079268836320  0.000000000000000  0.000000000000000  0.910669833591978  0.008048859012657  0.081052472165688  0.250000000000000  0.750019494642909  1.000000000000000  0.000000000000000  0.068393356328796  0.498615625676035  0.464258426153364 
13.0    G  0.174827010342308  0.010881339692727  0.000000000000000  0.000000000000000  0.000000000000000  0.511923450214221  0.000000000000000  0.000000000000000  0.036046425158126  0.003201580498584  0.000000000000000  0.000000000000000  0.000000000000000  0.000000000000000  0.026497498894786  0.218696191226455  0.000000000000000  0.000000000000000  0.018110874248507  0.000000000000000  0.917004043204671  0.000000000000000  0.083100444261357  0.000000000000000  0.000000000000000  0.000000000000000  1.000000000000000  0.076362068854594  1.000000000000000  0.447822835045425 
14.0    A  0.602068690615708  0.000000000000000  0.000000000000000  0.000000000000000  0.000000000000000  0.030522141530070  0.000000000000000  0.000000000000000  0.017098339082199  0.074428553085311  0.029894004940371  0.011638105180646  0.000000000000000  0.043646204139606  0.000000000000000  0.027834153143959  0.144586022988161  0.018211581220852  0.000000000000000  0.000000000000000  1.000000000000000  0.000000000000000  0.000000000000000  0.000000000000000  0.000000000000000  0.000000000000000  1.000000000000000  0.097328086382708  1.000000000000000  0.413511684221633 
15.0    A  0.905633983017823  0.000000000000000  0.000000000000000  0.000000000000000  0.003284751622085  0.014578640492763  0.017205337470281  0.000000000000000  0.000000000000000  0.006087223278598  0.000000000000000  0.000000000000000  0.000000000000000  0.018762553554456  0.008269409334962  0.018060729789919  0.002682883268417  0.005436899968090  0.000000000000000  0.000000000000000  0.989656656415207  0.010082519456655  0.000000000000000  0.357000994921266  0.643048741715302  1.000000000000000  0.000000000000000  0.096588818705998  0.497924876547229  0.413511684221633 
16.0    G  0.077053270341488  0.000000000000000  0.000000000000000  0.000000000000000  0.000000000000000  0.805524291048750  0.000000000000000  0.000000000000000  0.006843736836462  0.000000000000000  0.000000000000000  0.000000000000000  0.000000000000000  0.000000000000000  0.055668306287918  0.000000000000000  0.008071206153782  0.015711884068726  0.016379101179952  0.014619117153616  0.923382310729395  0.035747842912619  0.040978187944239  1.000000000000000  0.000000000000000  0.000000000000000  0.000000000000000  0.061682284117865  0.483638164806966  1.000000000000000 
17.0    S  0.124567532853483  0.000000000000000  0.016607744911852  0.039968299414920  0.046391361582158  0.027508094173848  0.006872258405644  0.000000000000000  0.009705377201441  0.004971855215922  0.006877023543462  0.000000000000000  0.000000000000000  0.000000000000000  0.003567180664109  0.578745108495061  0.134157535799182  0.000000000000000  0.000000000000000  0.000000000000000  1.000000000000000  0.000000000000000  0.000000000000000  0.000000000000000  0.000000000000000  0.000000000000000  1.000000000000000  0.068773663085384  1.000000000000000  0.480297431976738 
18.0    T  0.206326352128164  0.046391361582158  0.000000000000000  0.000000000000000  0.002068785809929  0.015625000000000  0.009705377201441  0.000000000000000  0.000000000000000  0.023519480428298  0.000000000000000  0.000000000000000  0.039968299414920  0.000000000000000  0.036448417805890  0.059416193826864  0.550570799048982  0.010089510549237  0.000000000000000  0.000000000000000  1.000000000000000  0.000000000000000  0.000000000000000  0.000000000000000  0.000000000000000  0.049859077488065  0.950000382874886  0.068678388598555  1.000000000000000  0.480297431976738 
19.0    M  0.007710285514733  0.000000000000000  0.000000000000000  0.016676958406874  0.040162698045918  0.014854048456716  0.000000000000000  0.013489680602725  0.000000000000000  0.087534770055450  0.677362488742684  0.045911519789947  0.000000000000000  0.000000000000000  0.000000000000000  0.000000000000000  0.086569341756933  0.000000000000000  0.000000000000000  0.009752582413294  0.986232704493359  0.013517760790390  0.000000000000000  0.500000000000000  0.500000000000000  1.000000000000000  0.000000000000000  0.069012427947693  0.480630464194381  0.481297221550876 
20.0    G  0.018594245254792  0.007045901393611  0.000000000000000  0.003884649096380  0.000000000000000  0.918912883479050  0.000000000000000  0.016413196000168  0.000000000000000  0.000000000000000  0.000000000000000  0.015766431778823  0.000000000000000  0.000000000000000  0.000000000000000  0.000000000000000  0.000000000000000  0.019640833976904  0.000000000000000  0.000000000000000  0.998614666101029  0.001565674471483  0.000000000000000  0.250000000000000  0.750019494642909  0.000000000000000  0.000000000000000  0.061725053840336  0.500000000000000  1.000000000000000 
21.0    A  0.556710809114343  0.000000000000000  0.000000000000000  0.006601456128223  0.004989116246857  0.003518070233781  0.000000000000000  0.000000000000000  0.000000000000000  0.014659706195323  0.000000000000000  0.031055659166330  0.004289425053856  0.000000000000000  0.097463105326415  0.071100326742032  0.102237757319723  0.107395094368398  0.000000000000000  0.000000000000000  0.993092495437036  0.000000000000000  0.006601456128223  0.333324669272800  0.666649338545599  0.000000000000000  0.000000000000000  0.061767853218796  0.500000000000000  1.000000000000000 
22.0    A  0.670356295790168  0.000000000000000  0.000000000000000  0.003884649096380  0.000000000000000  0.009485897534336  0.000000000000000  0.006040987011370  0.039802421103953  0.000000000000000  0.012560171730362  0.031120304784202  0.003250776307467  0.000000000000000  0.000000000000000  0.078454499455165  0.049790006017849  0.095061172077563  0.000000000000000  0.000000000000000  1.000000000000000  0.000000000000000  0.000000000000000  0.000000000000000  0.000000000000000  1.000000000000000  0.000000000000000  0.061639544030835  1.000000000000000  0.499653546495226 
23.0    S  0.284795844305529  0.000000000000000  0.000000000000000  0.000000000000000  0.037577164028068  0.012413037501502  0.039281667953807  0.000000000000000  0.000000000000000  0.000000000000000  0.004280514712686  0.064480198706335  0.041063488348418  0.000000000000000  0.000000000000000  0.414085330667273  0.024981432198515  0.060412881066561  0.000000000000000  0.016413196000168  0.955282936382437  0.044594203303684  0.000000000000000  0.199990032083188  0.799960128332753  0.000000000000000  0.000000000000000  0.061810682273808  0.466839972457657  1.000000000000000 
24.0    I  0.019901210551977  0.003884649096380  0.014649548382142  0.022250784306204  0.039227249727583  0.000000000000000  0.004198238956467  0.167009259798762  0.000000000000000  0.269620107923613  0.049309177553279  0.009472756398920  0.000000000000000  0.000000000000000  0.000000000000000  0.000000000000000  0.197373471675139  0.124653906419009  0.012815201737449  0.065698306817982  1.000000000000000  0.000000000000000  0.000000000000000  0.000000000000000  0.000000000000000  0.000000000000000  0.000000000000000  0.061725053840336  1.000000000000000  1.000000000000000 
25.0    T  0.239483804555674  0.000000000000000  0.043858491438721  0.032128557083002  0.000000000000000  0.024046987815013  0.000000000000000  0.049549008538143  0.003505898635419  0.000000000000000  0.005288227652549  0.009459633468364  0.005403088394574  0.000000000000000  0.059292769696278  0.007954571873161  0.476979775273779  0.042926132294676  0.000000000000000  0.000000000000000  0.931740429304773  0.068535724286743  0.000000000000000  0.406126198178118  0.593779833036705  0.000000000000000  0.000000000000000  0.061554152680972  0.448755025333631  1.000000000000000 
26.0    L  0.074119656213184  0.000000000000000  0.019818615614467  0.000000000000000  0.000000000000000  0.000000000000000  0.000000000000000  0.012779719664965  0.000000000000000  0.688725023191569  0.006782345528133  0.000000000000000  0.000000000000000  0.000000000000000  0.043254678626609  0.000000000000000  0.061596833558711  0.089003137224817  0.000000000000000  0.003884649096380  0.980099415341871  0.019613624863791  0.000000000000000  0.185308376225354  0.814507563070215  0.000000000000000  0.000000000000000  0.061468879626641  0.483638164806966  1.000000000000000 
27.0    T  0.097260647069427  0.000000000000000  0.013221228071880  0.012922240131926  0.000000000000000  0.013602352551502  0.000000000000000  0.015614173327976  0.000000000000000  0.000000000000000  0.000000000000000  0.000000000000000  0.003919811517615  0.012508043916505  0.004052421627209  0.176165094392752  0.602068690615708  0.048664043191354  0.000000000000000  0.000000000000000  1.000000000000000  0.000000000000000  0.000000000000000  0.000000000000000  0.000000000000000  0.000000000000000  0.000000000000000  0.062630100317477  1.000000000000000  1.000000000000000 
28.0    V  0.088879838161705  0.034149304346905  0.000000000000000  0.010082519456655  0.000000000000000  0.029646384848139  0.000000000000000  0.029584800976147  0.000000000000000  0.035797434311867  0.000000000000000  0.004917020209003  0.000000000000000  0.034818551588104  0.013139006488339  0.000000000000000  0.000000000000000  0.698823485925533  0.000000000000000  0.019970302550048  0.924663278113700  0.000000000000000  0.075519865211871  0.000000000000000  0.000000000000000  0.000000000000000  0.000000000000000  0.062673527243817  1.000000000000000  1.000000000000000 
29.0    Q  0.000000000000000  0.000000000000000  0.000000000000000  0.000000000000000  0.034386831542692  0.000000000000000  0.013583508751407  0.000000000000000  0.000000000000000  0.000000000000000  0.000000000000000  0.060875266783953  0.002591494415229  0.740206649000025  0.110337874536332  0.010401965728409  0.027795593548059  0.000000000000000  0.000000000000000  0.000000000000000  1.000000000000000  0.000000000000000  0.000000000000000  0.000000000000000  0.000000000000000  0.000000000000000  1.000000000000000  0.077374393177340  1.000000000000000  0.447822835045425 
30.0    A  0.350624812660600  0.000000000000000  0.074325444687670  0.021065120808392  0.000000000000000  0.013965393161825  0.000000000000000  0.000000000000000  0.034007576302213  0.016458766186794  0.000000000000000  0.000000000000000  0.049275010878517  0.014854048456716  0.000000000000000  0.234230361718106  0.166200888522714  0.024113752735296  0.000000000000000  0.001001931782556  0.905006462882905  0.000000000000000  0.094797971585903  0.000000000000000  0.000000000000000  0.000000000000000  1.000000000000000  0.074273944066058  1.000000000000000  0.447822835045425 
31.0    R  0.000000000000000  0.000000000000000  0.000000000000000  0.000000000000000  0.000000000000000  0.010180837104401  0.041377778449856  0.019901210551977  0.006425391161816  0.066754088002991  0.000000000000000  0.000000000000000  0.013075410041928  0.161432168787792  0.563309614248640  0.045122787360078  0.060120465916548  0.012490716099257  0.000000000000000  0.000000000000000  1.000000000000000  0.000000000000000  0.000000000000000  0.000000000000000  0.000000000000000  0.000000000000000  1.000000000000000  0.091188771515011  1.000000000000000  0.399425958224574 
32.0    Q  0.071001829049168  0.000000000000000  0.020531744174209  0.018814646581741  0.045752677998301  0.018998113799736  0.060162152693859  0.000000000000000  0.029997789407466  0.073302184326992  0.000000000000000  0.021433332634228  0.000000000000000  0.358737383651676  0.048160694272400  0.066155274679696  0.146807746401707  0.020109206989082  0.000000000000000  0.000000000000000  0.983502074026248  0.016527358806538  0.000000000000000  0.250000000000000  0.750019494642909  0.706616821941365  0.293208737307970  0.091568804663209  0.480630464194381  0.399425958224574 
33.0    L  0.002681024279795  0.004483993804121  0.000000000000000  0.016734856612366  0.007094909513449  0.003584530790279  0.000000000000000  0.016792955825867  0.030841142058933  0.691595314505482  0.004163463812765  0.044286168640882  0.000000000000000  0.014823192424070  0.020221025851295  0.003933420117409  0.033100572958871  0.086749544938474  0.014189819026899  0.004961527275542  1.000000000000000  0.000000000000000  0.000000000000000  1.000000000000000  0.000000000000000  1.000000000000000  0.000000000000000  0.067685940345370  0.500000000000000  0.469435873657726 
34.0    L  0.103664943226805  0.000000000000000  0.000000000000000  0.000000000000000  0.028656376350146  0.000000000000000  0.000000000000000  0.035747842912619  0.000000000000000  0.702222437868999  0.039336161672027  0.011981895778696  0.000000000000000  0.009800017222820  0.001285014184599  0.040358042196948  0.000000000000000  0.012994095287108  0.010026764824710  0.004123256709523  0.980099415341871  0.000000000000000  0.019654452684938  0.000000000000000  0.000000000000000  0.000000000000000  0.000000000000000  0.062197482613755  1.000000000000000  1.000000000000000 
35.0    S  0.182124889237251  0.001680376231663  0.041694474052430  0.000000000000000  0.002517137950166  0.053623158151793  0.009800017222820  0.000000000000000  0.110108671765872  0.002416274372436  0.000000000000000  0.060162152693859  0.000000000000000  0.030060232958274  0.035255691795516  0.387427965479586  0.053068515402927  0.018389167769043  0.002480763637771  0.009277809891199  0.983502074026248  0.014072280935124  0.002416274372436  1.000000000000000  0.000000000000000  1.000000000000000  0.000000000000000  0.065289735179014  0.493116352246680  0.486327473706143 
36.0    D  0.057193698007996  0.001230960343343  0.004862789981962  0.051904376505681  0.000000000000000  0.826450318154212  0.000000000000000  0.000000000000000  0.003919811517615  0.000000000000000  0.003982803449212  0.003839142963067  0.000000000000000  0.000000000000000  0.002664351239999  0.012967102899843  0.019290040732712  0.001203123118599  0.004597291942261  0.005798920197770  0.922742492653798  0.000000000000000  0.077053270341488  0.000000000000000  0.000000000000000  1.000000000000000  0.000000000000000  0.063197005053207  1.000000000000000  0.500000000000000 
37.0    I  0.020263118041422  0.000000000000000  0.000000000000000  0.000000000000000  0.003572129255859  0.004007727130223  0.000000000000000  0.753145233316906  0.016504462896123  0.007812500000000  0.005222658185176  0.010866265403984  0.000000000000000  0.004206978032004  0.037008487870426  0.014978116226453  0.049172652834598  0.061639544030835  0.000000000000000  0.011759740214149  0.994470168673214  0.001607461611872  0.003933420117409  1.000000000000000  0.000000000000000  1.000000000000000  0.000000000000000  0.080660155653236  0.500000000000000  0.463294030945185 
38.0    A  0.098073012237094  0.000000000000000  0.027757087370075  0.003232800062805  0.000000000000000  0.003930694623038  0.000000000000000  0.003839142963067  0.000000000000000  0.060833085884890  0.083852639055141  0.000000000000000  0.007159130036526  0.007442484359718  0.000000000000000  0.011086901220315  0.058801631719612  0.634195699662934  0.000000000000000  0.000000000000000  1.000000000000000  0.000000000000000  0.000000000000000  0.000000000000000  0.000000000000000  0.000000000000000  1.000000000000000  0.060748811748835  1.000000000000000  0.499653546495226 
39.0    Q  0.035747842912619  0.000000000000000  0.000000000000000  0.031358492140922  0.000000000000000  0.058801631719612  0.009752582413294  0.012276133072931  0.004021640950914  0.081221191403465  0.000000000000000  0.014052786127309  0.000000000000000  0.645728675151168  0.048428495684948  0.039472726932681  0.007442484359718  0.011882646509695  0.000000000000000  0.000000000000000  0.997231251352069  0.001320225422879  0.001610807712129  1.000000000000000  0.000000000000000  0.000000000000000  1.000000000000000  0.060790934213268  0.500000000000000  0.499653546495226 
40.0    Q  0.000000000000000  0.000000000000000  0.000000000000000  0.000000000000000  0.000000000000000  0.050625217102003  0.002100574981362  0.000000000000000  0.003237284783156  0.043434944370073  0.000000000000000  0.002295461578945  0.002306626291855  0.803850990743151  0.050485048600601  0.017603425445270  0.008632535037499  0.003949812815825  0.011694710834318  0.000000000000000  0.946713631236714  0.012073602338250  0.040949793870574  0.590496330714765  0.409518348929914  0.217486838177163  0.782411781736511  0.060959716345478  0.489031736723670  0.498615625676035 
41.0    Q  0.032329611922466  0.000000000000000  0.000000000000000  0.000000000000000  0.004581386520437  0.000000000000000  0.043314683926575  0.000000000000000  0.078672323344054  0.026663315566002  0.000000000000000  0.028935813203979  0.000000000000000  0.746906728556171  0.006886563733650  0.028144561870248  0.003587016258988  0.000000000000000  0.000000000000000  0.000000000000000  0.879649075922436  0.046617000834108  0.073760896458513  0.384485207817567  0.615572206672458  0.840896415253715  0.159320078414908  0.065926394816754  0.472373520498603  0.455334916795989 
42.0    N  0.079494562921473  0.003107564389668  0.076999879590360  0.021006796783635  0.000000000000000  0.009978232493714  0.006583178355493  0.008425628372613  0.128781744202509  0.000000000000000  0.000000000000000  0.216434141379915  0.000000000000000  0.151249261152412  0.012208248127692  0.230046912656219  0.044316876114983  0.002456806585617  0.000000000000000  0.008807815719886  0.981459063853479  0.018723578458428  0.000000000000000  0.276816146121071  0.723467442935263  0.155286035223055  0.844400887423782  0.071347169195423  0.480963727332387  0.454074208860755 
43.0    N  0.008246513419047  0.000000000000000  0.021270533070304  0.068630800861691  0.016254691664406  0.000000000000000  0.025648175275328  0.006172197748933  0.019901210551977  0.000000000000000  0.012352954946937  0.566834706389211  0.000000000000000  0.157344646688107  0.004189518034445  0.001107866684508  0.044163551371335  0.012797448404060  0.000000000000000  0.035158077646525  0.986916545885842  0.009297122627396  0.003794169904460  0.500000000000000  0.500000000000000  0.857970530428691  0.142003658098336  0.061213768599183  0.488692883205403  0.461371246326899 
44.0    L  0.006367752596896  0.025453361345944  0.000000000000000  0.001424824554922  0.019791160214425  0.019077289260455  0.014947002470186  0.076786686277853  0.000000000000000  0.619424348891954  0.012123919598045  0.002482483768175  0.020249077584896  0.024705909893873  0.001685041688560  0.061256213458867  0.000000000000000  0.094404536597677  0.000000000000000  0.000000000000000  0.931094819830229  0.068869069742288  0.000000000000000  0.273005136436413  0.726986258660155  0.668500247702567  0.331481440074665  0.051438771579919  0.452816991508911  0.493458272942921 
45.0    L  0.080047491333111  0.002220345650852  0.000000000000000  0.000000000000000  0.030101934188130  0.008710673583810  0.000000000000000  0.000000000000000  0.000000000000000  0.748461493396346  0.004978752450466  0.000000000000000  0.001835005369559  0.024586326417299  0.000000000000000  0.014447863720527  0.000000000000000  0.036651092163496  0.031467360939272  0.016493026838093  0.995849753094458  0.003944341006237  0.000000000000000  0.324434691734796  0.675487042267819  0.000000000000000  1.000000000000000  0.050871449066902  0.474013482564323  0.499653546495226 
46.0    K  0.014199658069508  0.000000000000000  0.036196650193583  0.162329825341235  0.000000000000000  0.042042725266307  0.000000000000000  0.000000000000000  0.134157535799182  0.001321140850635  0.011056204377552  0.001242102545648  0.000000000000000  0.056798632278033  0.410086455598363  0.041063488348418  0.028577034046872  0.009929935072701  0.051012690384431  0.000000000000000  0.954621014139717  0.000000000000000  0.045531222309313  0.000000000000000  0.000000000000000  0.000000000000000  1.000000000000000  0.043706752585577  1.000000000000000  0.499653546495226 
47.0    A  0.639492790638714  0.000000000000000  0.012191335627714  0.000000000000000  0.004242116626259  0.058720171825876  0.004812492474397  0.012931200251222  0.000000000000000  0.099856489556144  0.075362989230673  0.000000000000000  0.000000000000000  0.000000000000000  0.036397924577139  0.011202775375124  0.010287241578588  0.034244117701490  0.000000000000000  0.000000000000000  0.979420297586927  0.003508329581578  0.017050998078983  0.081559684230560  0.918276162300924  0.000000000000000  1.000000000000000  0.049790006017849  0.426908857195622  0.449066186441967 
48.0    I  0.000000000000000  0.000000000000000  0.000000000000000  0.028775803037658  0.026060345119530  0.000000000000000  0.000000000000000  0.567227742467977  0.000000000000000  0.151879598988127  0.000000000000000  0.011249463425896  0.000000000000000  0.002295461578945  0.000000000000000  0.005508976408142  0.000000000000000  0.158329281715402  0.032352028870043  0.016187230680625  0.980099415341871  0.013039207518053  0.007050786933300  1.000000000000000  0.000000000000000  0.000000000000000  1.000000000000000  0.050310383601320  0.491751037013124  0.438910898804760 
49.0    E  0.002985110392119  0.000000000000000  0.025137761591935  0.583174684894234  0.005023818294651  0.058354996557207  0.000000000000000  0.000000000000000  0.068156733291579  0.004835899573584  0.000000000000000  0.000000000000000  0.000000000000000  0.110185019738396  0.076468002570742  0.047071577082307  0.018775563273857  0.000000000000000  0.000000000000000  0.000000000000000  0.995159721820083  0.005023818294651  0.000000000000000  0.212568540016049  0.787307976569203  0.936921446872426  0.062760471452436  0.050590138534213  0.491069797631696  0.434973676354325 
50.0    A  0.596667871515861  0.000000000000000  0.000000000000000  0.000000000000000  0.000000000000000  0.067311648512066  0.002223425838037  0.053883971563600  0.033284631356044  0.017652300227658  0.000000000000000  0.000000000000000  0.021582413252248  0.037317599596081  0.117277649562584  0.027699428099840  0.017313005435389  0.007694269085121  0.000000000000000  0.000000000000000  0.973329374158238  0.000000000000000  0.026998068356259  0.000000000000000  0.000000000000000  0.335875856430324  0.664342907048256  0.044102370106522  1.000000000000000  0.497924876547229 
51.0    Q  0.068678388598555  0.000000000000000  0.000000000000000  0.000000000000000  0.000000000000000  0.015832139064986  0.030969673852002  0.000000000000000  0.002104947548913  0.056680645558321  0.000000000000000  0.026114592466308  0.022112408755104  0.659753955386447  0.000000000000000  0.047794883683837  0.050136322897030  0.019777446780786  0.000000000000000  0.000000000000000  0.991716730738293  0.000000000000000  0.007960087473568  0.523405140987288  0.476318999021969  0.862143545017596  0.137738139484576  0.047038960856596  0.498961359499525  0.480963727332387 
52.0    Q  0.028183605574445  0.000000000000000  0.000000000000000  0.026369243629063  0.000000000000000  0.004635690615846  0.015538596385519  0.000000000000000  0.000000000000000  0.000000000000000  0.000000000000000  0.050555084272609  0.023666661185578  0.706127202192377  0.024501264189867  0.037369368649254  0.039010329653175  0.000000000000000  0.000000000000000  0.044194173824159  0.957271458195298  0.000000000000000  0.042570563582515  0.111105335145821  0.888842681166570  0.264254510140345  0.735603372927869  0.043434944370073  0.499653546495226  0.491069797631696 
53.0    H  0.103020260619155  0.000000000000000  0.000000000000000  0.111413811987121  0.000000000000000  0.029441602309525  0.439215234119181  0.036778335538086  0.001198129860599  0.033100572958871  0.017457611532378  0.027054267672489  0.001618642391578  0.088941466327162  0.061554152680972  0.026187097958373  0.001809742308380  0.002913562552132  0.000000000000000  0.018198962288570  0.987600861445373  0.004403907859943  0.007817917089551  0.438606774366411  0.561360711036804  0.110567554416443  0.889458993537898  0.043164826504496  0.466193243218416  0.450312989923965 
54.0    M  0.015931213796847  0.027930786323650  0.000000000000000  0.000000000000000  0.009518830184962  0.000000000000000  0.013994463595170  0.061725053840336  0.000000000000000  0.516199267741621  0.192910021882367  0.000000000000000  0.000000000000000  0.001715684508278  0.053958722410901  0.020603025226443  0.006642766875502  0.031293351740979  0.001983136915761  0.045657636829552  0.951318276331799  0.048562954299003  0.000000000000000  0.723467442935263  0.276432663330067  0.000000000000000  1.000000000000000  0.040079268836320  0.437695664847132  0.449689156073876 
55.0    L  0.017923547253534  0.063416409161305  0.000000000000000  0.002426344300360  0.000000000000000  0.014150530984653  0.019397304555096  0.020617311105826  0.025648175275328  0.670356295790168  0.013975076590353  0.014669871051804  0.000000000000000  0.000000000000000  0.012673861805891  0.012976094126420  0.000000000000000  0.097260647069427  0.013111713079790  0.001551629687688  0.999307092990453  0.000969816890075  0.000000000000000  0.338212057762569  0.661585719954060  0.727994774499543  0.272249253834027  0.040246300922182  0.462652214018926  0.449689156073876 
56.0    Q  0.054334035005626  0.009840859218339  0.013840117485974  0.047927583114784  0.000000000000000  0.026387527731993  0.009143739386520  0.000000000000000  0.181746564665039  0.016243428674614  0.000000000000000  0.058760887656820  0.005339794734148  0.355519352646819  0.134997069979110  0.040330077826618  0.019750048413325  0.025826572442319  0.000000000000000  0.000000000000000  0.996540262827868  0.000000000000000  0.003527837930281  0.000000000000000  0.000000000000000  0.000000000000000  1.000000000000000  0.039037378926668  1.000000000000000  0.487677730763821 
57.0    L  0.037343475151774  0.000000000000000  0.019572881853502  0.000000000000000  0.006323767316777  0.000000000000000  0.055591187096119  0.013230395505664  0.013640118611465  0.588453368609384  0.000000000000000  0.013696964395563  0.005497532716115  0.033123524481165  0.000000000000000  0.121497623497669  0.086869888740146  0.005140056738395  0.000000000000000  0.000000000000000  0.963929807740643  0.036096430767300  0.000000000000000  1.000000000000000  0.000000000000000  0.480630464194381  0.519429551648832  0.038687196588670  0.467811748915700  0.485317234884773 
58.0    T  0.049721030234682  0.023601134149419  0.000000000000000  0.000000000000000  0.000000000000000  0.006551313940945  0.082297932628703  0.012877532577394  0.001743255803658  0.004505803144766  0.000000000000000  0.000000000000000  0.001977646108106  0.044071811265137  0.054598305994793  0.150517172653927  0.508035071496851  0.037786114869793  0.021762679385454  0.000000000000000  0.984866442895551  0.004859420520697  0.010033717257730  0.319968103461077  0.680185426202977  0.615572206672458  0.384485207817567  0.039254449410735  0.496546247718518  0.479299719246488 
59.0    V  0.088449635020416  0.021657341963288  0.000000000000000  0.052483218309009  0.001532390816205  0.038956287321097  0.000000000000000  0.072795849154279  0.000000000000000  0.017027376753333  0.000000000000000  0.000000000000000  0.000000000000000  0.000000000000000  0.001899716694165  0.143189737247470  0.000000000000000  0.562139461889309  0.000000000000000  0.000000000000000  0.980099415341871  0.015843116871719  0.004265705256819  0.337275633584925  0.662962880149329  0.506628450079543  0.493458272942921  0.038821508805764  0.478967609111348  0.484309094613314 
60.0    W  0.000000000000000  0.000000000000000  0.000000000000000  0.000000000000000  0.000000000000000  0.089871033302935  0.000000000000000  0.006202218210404  0.036021448337465  0.127096834161495  0.010554485035435  0.000000000000000  0.000000000000000  0.021823102069803  0.068964608752622  0.016311123865964  0.000000000000000  0.000000000000000  0.596254436165316  0.026867390195094  0.961927454664775  0.038207508677877  0.000000000000000  0.563700206072711  0.436181352885379  0.290377182981431  0.709561678100191  0.036096430767300  0.458819941155683  0.487339815445774 
61.0    G  0.069782060123911  0.006108356586942  0.000000000000000  0.000000000000000  0.018073252873520  0.829319545814442  0.020688889224928  0.000000000000000  0.000000000000000  0.004400856361317  0.022828818414776  0.000000000000000  0.000000000000000  0.000000000000000  0.000000000000000  0.000000000000000  0.000000000000000  0.028735938942239  0.000000000000000  0.000000000000000  0.986916545885842  0.013405789537948  0.000000000000000  0.283024725527668  0.716977624007914  0.953959550547558  0.045752677998301  0.037473122305972  0.484309094613314  0.454074208860755 
62.0    I  0.038794609110191  0.000000000000000  0.000000000000000  0.011998517732048  0.000000000000000  0.000000000000000  0.086269834587289  0.572758948989878  0.000000000000000  0.078291527414008  0.004103299000042  0.015441963304699  0.000000000000000  0.000000000000000  0.008116086744513  0.018249490540830  0.055668306287918  0.104241380478121  0.000000000000000  0.006061959799022  0.987600861445373  0.003440895992684  0.008999122205854  1.000000000000000  0.000000000000000  1.000000000000000  0.000000000000000  0.037291741969741  0.498615625676035  0.500000000000000 
63.0    K  0.002627670329144  0.000000000000000  0.000000000000000  0.024518253059273  0.000000000000000  0.015388538170243  0.000000000000000  0.004201149962724  0.606256409530869  0.069975805540890  0.000000000000000  0.041636713284126  0.000000000000000  0.023308500417054  0.103020260619155  0.059333882559407  0.025242524300300  0.000000000000000  0.000000000000000  0.024740183308477  1.000000000000000  0.000000000000000  0.000000000000000  0.000000000000000  0.000000000000000  0.693515484565693  0.306508715013289  0.037447156916857  1.000000000000000  0.492774668469685 
64.0    Q  0.013611784252223  0.000000000000000  0.000000000000000  0.000000000000000  0.000000000000000  0.000000000000000  0.017664540111322  0.039418044025977  0.018684684324627  0.003802067867806  0.013111713079790  0.168404197108211  0.001699115923259  0.549427108788440  0.016700093612672  0.106653262264008  0.050625217102003  0.000000000000000  0.000000000000000  0.000000000000000  0.991029563264079  0.000000000000000  0.009271381231692  0.000000000000000  0.000000000000000  0.000000000000000  1.000000000000000  0.037996227599472  1.000000000000000  0.499653546495226 
65.0    L  0.042777619159120  0.000000000000000  0.000000000000000  0.000000000000000  0.000000000000000  0.000000000000000  0.000000000000000  0.000000000000000  0.000000000000000  0.757858283255199  0.000000000000000  0.000000000000000  0.044378354954482  0.005778857458003  0.000000000000000  0.143289023216047  0.005896195189533  0.000000000000000  0.000000000000000  0.000000000000000  1.000000000000000  0.000000000000000  0.000000000000000  0.333324669272800  0.666649338545599  0.244515868361835  0.755236292781413  0.038287041622021  0.499653546495226  0.490389501994276 
66.0    Q  0.000000000000000  0.000000000000000  0.000000000000000  0.039472726932681  0.000000000000000  0.029502888098445  0.054409410206008  0.000000000000000  0.001692064172656  0.025330159996416  0.000000000000000  0.029666941279704  0.061298687749284  0.551716870020980  0.144085793349858  0.062934721878545  0.000000000000000  0.000000000000000  0.000000000000000  0.000000000000000  0.993781093322555  0.000000000000000  0.006332539999104  0.000000000000000  0.000000000000000  0.000000000000000  1.000000000000000  0.038181034427297  1.000000000000000  0.493116352246680 
67.0    A  0.589678296130608  0.000000000000000  0.015113692650218  0.000000000000000  0.000000000000000  0.091759414752131  0.006679704514781  0.000000000000000  0.014988501864457  0.000000000000000  0.000000000000000  0.000000000000000  0.025033433674676  0.099511012347347  0.043374772469237  0.007646419143730  0.094666644742311  0.011702819800189  0.000000000000000  0.000000000000000  1.000000000000000  0.000000000000000  0.000000000000000  1.000000000000000  0.000000000000000  0.470087101254563  0.529976391698641  0.038366740122346  0.499653546495226  0.485317234884773 
68.0    R  0.015463385256488  0.003077554242380  0.000000000000000  0.058476468614463  0.000000000000000  0.002381357605618  0.019763742849280  0.003892735401671  0.082698214994258  0.000000000000000  0.024964122389036  0.000000000000000  0.000000000000000  0.027412923397901  0.721464343430814  0.031752191968553  0.008832270055661  0.000000000000000  0.000000000000000  0.000000000000000  0.974679630891549  0.001965347311519  0.023308500417054  0.500000000000000  0.500000000000000  0.000000000000000  1.000000000000000  0.038022573707315  0.498615625676035  0.493116352246680 
69.0    V  0.010642640895629  0.000000000000000  0.002164125679424  0.031336763621909  0.011670417633690  0.002177668395953  0.000000000000000  0.092589987376270  0.000000000000000  0.155070912214424  0.007360400577381  0.006032618227280  0.007541148631811  0.018350968300213  0.005754873772721  0.117684808067651  0.000000000000000  0.531447837179277  0.000000000000000  0.000000000000000  0.963261894020148  0.031928752584822  0.005044755274618  0.333324669272800  0.666649338545599  0.000000000000000  1.000000000000000  0.038128140946007  0.464258426153364  0.465224828851508 
70.0    L  0.066707833627497  0.000000000000000  0.000000000000000  0.000000000000000  0.000000000000000  0.019518689463334  0.012293163208649  0.004010506037969  0.000000000000000  0.557869661162482  0.000000000000000  0.000000000000000  0.040386025957422  0.039091533753540  0.000000000000000  0.059622471909222  0.148650889375340  0.002287519885193  0.049411819787746  0.000000000000000  0.957935218222696  0.012335841979696  0.029873291174804  0.475988954248766  0.524131237758464  0.035353576963934  0.964598184584138  0.039554893561571  0.490389501994276  0.424253950852948 
71.0    A  0.699308041369231  0.018023212579063  0.008110463051118  0.002479044699257  0.001024403640210  0.085082132281217  0.000000000000000  0.000000000000000  0.031928752584822  0.041263213781719  0.000000000000000  0.000000000000000  0.002954234369695  0.000000000000000  0.061001985048514  0.036146505747040  0.009718841041394  0.002792939426488  0.000000000000000  0.000000000000000  0.966606097064973  0.007943552135093  0.025719385789960  0.879649075922436  0.120574773073017  0.405844790488639  0.594191552528466  0.040498155169792  0.457549584063964  0.394200087028139 
72.0    I  0.001219918091458  0.026259804757290  0.000000000000000  0.005436899968090  0.000000000000000  0.000000000000000  0.025719385789960  0.234230361718106  0.012447501504462  0.251390145099617  0.017886315009354  0.000000000000000  0.036524289017539  0.000000000000000  0.011759740214149  0.020688889224928  0.007085080694790  0.299369676154732  0.008692579067069  0.041291825176821  0.989656656415207  0.010657404959995  0.000000000000000  1.000000000000000  0.000000000000000  0.296684199414133  0.703196599956560  0.041406469282663  0.492433221447775  0.413225159077106 
73.0    E  0.000000000000000  0.000000000000000  0.011117683290895  0.765778998547191  0.000000000000000  0.062630100317477  0.000000000000000  0.000000000000000  0.031163476604752  0.000000000000000  0.000000000000000  0.000000000000000  0.024030325488598  0.005908468739390  0.052192994964273  0.012682649702770  0.034434534871144  0.000000000000000  0.000000000000000  0.000000000000000  0.996540262827868  0.003752323687318  0.000000000000000  0.111105335145821  0.888842681166570  0.000000000000000  1.000000000000000  0.040107059298841  0.498615625676035  0.437695664847132 
74.0    R  0.035921714001084  0.000000000000000  0.024964122389036  0.035896823593657  0.000000000000000  0.025916235806701  0.000000000000000  0.002399583946183  0.233905874457850  0.000000000000000  0.000000000000000  0.022297101651842  0.023617498879941  0.000000000000000  0.429580377473592  0.060162152693859  0.092141826080694  0.013139006488339  0.000000000000000  0.000000000000000  0.997231251352069  0.000000000000000  0.003077554242380  0.000000000000000  0.000000000000000  0.000000000000000  1.000000000000000  0.040051497630006  1.000000000000000  0.437695664847132 
75.0    Y  0.000000000000000  0.001451741195733  0.000000000000000  0.000000000000000  0.081672828368323  0.030991147835572  0.009665097489744  0.122003970097028  0.000000000000000  0.064301669243348  0.013139006488339  0.011288518733778  0.000000000000000  0.000000000000000  0.000000000000000  0.024774504269071  0.034363004666080  0.000000000000000  0.029197729590099  0.577142708758419  0.969961910341735  0.012595044242078  0.017421347167620  0.553632292242143  0.446273485736488  0.912565488543452  0.087534770055450  0.040218413978165  0.487002134271620  0.434973676354325 
76.0    L  0.000000000000000  0.012395841299862  0.000000000000000  0.000000000000000  0.000000000000000  0.000000000000000  0.000000000000000  0.076839929203411  0.000000000000000  0.622005826649234  0.034267862143372  0.004334255750265  0.110951417158687  0.000000000000000  0.000000000000000  0.030353359235676  0.007279222103944  0.053363607149453  0.047994070928191  0.000000000000000  0.917639882311365  0.022923958502614  0.059292769696278  0.142892291926755  0.857376036634172  0.000000000000000  1.000000000000000  0.037551126547714  0.474013482564323  0.478967609111348 
77.0    K  0.027280237222930  0.000000000000000  0.020291228167654  0.080381092714413  0.000000000000000  0.025085543397374  0.002006643436287  0.000000000000000  0.480963727332387  0.000000000000000  0.002520629864164  0.027412923397901  0.006456643110580  0.140145759753564  0.157344646688107  0.002017801538446  0.023568438698228  0.002189777496149  0.000000000000000  0.002438145603323  0.953298545288159  0.036625696364829  0.009923054551084  1.000000000000000  0.000000000000000  0.362486708219713  0.637280313659631  0.043555538708983  0.461691155364697  0.411225034356232 
78.0    D  0.023683071351725  0.000000000000000  0.650670927720967  0.008183875992967  0.001868375308773  0.064435519924674  0.006488047063210  0.045720975647010  0.000000000000000  0.020109206989082  0.000000000000000  0.072745408400134  0.000000000000000  0.000000000000000  0.013157233650131  0.035896823593657  0.043676467870346  0.008149910886952  0.000000000000000  0.005384395128811  0.982139595263391  0.018085784640471  0.000000000000000  0.333324669272800  0.666649338545599  0.000000000000000  1.000000000000000  0.042335155546418  0.485317234884773  0.433769343576034 
79.0    Q  0.000000000000000  0.000000000000000  0.000000000000000  0.000000000000000  0.000000000000000  0.000000000000000  0.000000000000000  0.013322420183874  0.000000000000000  0.000000000000000  0.013267128850732  0.011351289449776  0.045816148662163  0.712518807074392  0.067125279476258  0.070609200910633  0.066155274679696  0.000000000000000  0.000000000000000  0.000000000000000  0.840896415253715  0.112890813768978  0.045975210807992  0.528142812675929  0.472046209575125  0.000000000000000  1.000000000000000  0.042718357873182  0.378141999320990  0.433769343576034 
80.0    Q  0.086269834587289  0.000000000000000  0.007183984735560  0.000000000000000  0.000000000000000  0.000000000000000  0.022266212721075  0.000000000000000  0.008286622979439  0.041839226780576  0.013621222492767  0.000000000000000  0.007188966020507  0.597909898388062  0.086329653008991  0.071297732241776  0.045847917005229  0.000000000000000  0.000000000000000  0.011882646509695  0.993092495437036  0.000000000000000  0.007183984735560  0.000000000000000  0.000000000000000  0.243838865381910  0.756283998641981  0.046649324478030  1.000000000000000  0.362738051958545 
81.0    L  0.034722147770472  0.000000000000000  0.000000000000000  0.038740865623093  0.012656304275501  0.007065463887196  0.003890038098025  0.066800374450688  0.018749552849581  0.630251695791493  0.003332914445750  0.057631444869539  0.011438169499575  0.013175486097658  0.073863221683398  0.011767894270577  0.000000000000000  0.016086563803656  0.000000000000000  0.000000000000000  0.950000382874886  0.050136322897030  0.000000000000000  0.428390977384285  0.571569167707018  0.066707833627497  0.933032991536807  0.045657636829552  0.445037866626248  0.381564802240140 
82.0    L  0.000000000000000  0.000000000000000  0.000000000000000  0.000000000000000  0.024147204676500  0.000000000000000  0.000000000000000  0.029894004940371  0.000000000000000  0.829319545814442  0.015431263460084  0.000000000000000  0.016254691664406  0.018389167769043  0.043888902366812  0.008722757515489  0.000000000000000  0.000000000000000  0.000000000000000  0.013744516811288  1.000000000000000  0.000000000000000  0.000000000000000  0.000000000000000  0.000000000000000  0.070462525759089  0.929804942613162  0.046294993688135  1.000000000000000  0.359484133211739 
83.0    G  0.017409275794052  0.002067352333740  0.034031156729253  0.012638771068152  0.000000000000000  0.620283648857694  0.000000000000000  0.000000000000000  0.028301061969307  0.000000000000000  0.000000000000000  0.180866860733816  0.000000000000000  0.019077289260455  0.015282241772615  0.032017400719775  0.032217759962337  0.000000000000000  0.005863590224666  0.000000000000000  0.901250462610830  0.075467536967906  0.023179608341268  0.442576882289773  0.557483109363849  0.255076164812114  0.744838731561351  0.045594385757505  0.435879119768531  0.367801686463934 
84.0    I  0.026960667016958  0.029605314706227  0.000000000000000  0.035353576963934  0.033749267494778  0.000000000000000  0.026460791011329  0.384218795322003  0.000000000000000  0.207042665333636  0.081729459283547  0.020109206989082  0.000000000000000  0.021433332634228  0.002152158429447  0.057114465639338  0.031664278129971  0.042364510212500  0.000000000000000  0.000000000000000  0.910038824080899  0.008449021589716  0.081446696835206  0.152195752332873  0.847919964633148  0.028735938942239  0.971307495541633  0.047994070928191  0.475988954248766  0.361232599480881 
85.0    W  0.000000000000000  0.003841804976665  0.000000000000000  0.008912216530222  0.023099412988654  0.025559439329931  0.000000000000000  0.007769298192759  0.000000000000000  0.027795593548059  0.013975076590353  0.000000000000000  0.011686607487206  0.000000000000000  0.005778857458003  0.008263679403269  0.002800693843781  0.014427848605147  0.835087919428369  0.011109979770213  0.922103117912631  0.045943354262158  0.032173127607312  0.250000000000000  0.750019494642909  0.263157788677360  0.736623842908240  0.059663813383732  0.465547409915115  0.309497572709361 
86.0    G  0.024912264891892  0.006801176275751  0.021883692513863  0.000000000000000  0.000000000000000  0.899378312147752  0.000000000000000  0.003879267560301  0.022765611154656  0.000000000000000  0.000000000000000  0.008862933476062  0.000000000000000  0.000000000000000  0.011382805577328  0.000000000000000  0.000000000000000  0.000000000000000  0.000000000000000  0.000000000000000  0.985549336939371  0.011940441568478  0.002293871037527  0.165281825642822  0.834509281155409  0.375009747321455  0.625031151292605  0.057392260143808  0.455650640318571  0.304180589658517 
87.0    C  0.038340155539181  0.828170661334546  0.000000000000000  0.026571067502006  0.007243988644027  0.040190546357206  0.000000000000000  0.000000000000000  0.000000000000000  0.025594896808120  0.014140725982545  0.000000000000000  0.000000000000000  0.000000000000000  0.000000000000000  0.008390659934532  0.011613929565867  0.000000000000000  0.000000000000000  0.000000000000000  0.966606097064973  0.018491422214884  0.015009294749273  0.250694108975269  0.749499800877774  0.500346693731290  0.499653546495226  0.047333322371155  0.468460723436213  0.362738051958545 
88.0    S  0.093492859897649  0.013811367672870  0.000000000000000  0.017433426911328  0.041810236087066  0.000000000000000  0.038929294236546  0.000000000000000  0.054787857582252  0.007391075365044  0.000000000000000  0.001977646108106  0.061767853218796  0.009840859218339  0.030332327180298  0.603740295743248  0.005388128600887  0.002421304101443  0.013285533751003  0.003667467762951  0.964598184584138  0.016019800592009  0.019451159927846  0.338446569763115  0.661585719954060  0.312515575646302  0.687294347786015  0.042042725266307  0.459138081150462  0.414947292794991 
89.0    G  0.024130472909118  0.007753159177233  0.003183876298448  0.005395603313062  0.131944214704746  0.643048741715302  0.002686605113554  0.012370091654239  0.000000000000000  0.050906722691888  0.000000000000000  0.022143084320441  0.000000000000000  0.001841376046715  0.003812624065532  0.000000000000000  0.000000000000000  0.000000000000000  0.042042725266307  0.048596627242660  0.957271458195298  0.040695130924032  0.002174651598103  0.219607617059590  0.780245480173703  0.682546858942583  0.317317721504951  0.042629619839980  0.467487598875728  0.422200443711891 
90.0    K  0.042159454198116  0.000000000000000  0.000000000000000  0.001427790476953  0.000000000000000  0.031336763621909  0.071001829049168  0.001916912234089  0.587230985606827  0.006656594492772  0.010265872087104  0.040751585476830  0.022781396544009  0.010642640895629  0.126394010106413  0.011002689272751  0.031077192771038  0.005593627895317  0.000000000000000  0.000000000000000  0.946713631236714  0.051760666333409  0.001562422125650  0.250000000000000  0.750019494642909  0.227194529112130  0.772710549647987  0.037655384843587  0.447822835045425  0.471392267959120 
91.0    L  0.042101049277053  0.004920429609170  0.046681670534761  0.006698250286204  0.006057759424586  0.009902441578394  0.116952937228925  0.048968574184334  0.023470623858452  0.446892581178393  0.000000000000000  0.000000000000000  0.017530366883289  0.160205990520024  0.005501344636375  0.023373214974412  0.027489033622576  0.012174446557195  0.000000000000000  0.001056127698714  0.974004268543241  0.021359178936591  0.004920429609170  0.465547409915115  0.534402995605504  0.000000000000000  1.000000000000000  0.037343475151774  0.478967609111348  0.475988954248766 
92.0    I  0.000000000000000  0.048327896090957  0.000000000000000  0.000000000000000  0.007954571873161  0.000000000000000  0.000000000000000  0.550570799048982  0.000000000000000  0.077966598244628  0.048194088293998  0.023699492896476  0.027054267672489  0.000000000000000  0.001590835084122  0.011398596439376  0.011327709631866  0.152724137709188  0.000000000000000  0.039227249727583  0.959264119325264  0.006730829372750  0.033866436463899  1.000000000000000  0.000000000000000  0.000000000000000  1.000000000000000  0.037499105699163  0.488692883205403  0.469761374607006 
93.0    C  0.007877753553864  0.863339558574412  0.000000000000000  0.035451733904249  0.000000000000000  0.010657404959995  0.016921485086343  0.010539863549529  0.018236845340914  0.024013674707625  0.000000000000000  0.000000000000000  0.000000000000000  0.004961527275542  0.008252231448061  0.000000000000000  0.000000000000000  0.000000000000000  0.000000000000000  0.000000000000000  0.913198250011992  0.044470733163581  0.042071877164899  0.123792858991628  0.875998315067126  0.000000000000000  1.000000000000000  0.038794609110191  0.441963765531836  0.429282718218877 
94.0    T  0.021672358892678  0.000000000000000  0.026700304402804  0.009420373653834  0.000000000000000  0.008408125974873  0.137929217505245  0.007938047992138  0.000000000000000  0.032894723584670  0.000000000000000  0.031445556984306  0.049997508020797  0.044071811265137  0.028438713252528  0.012525395771866  0.459456441739525  0.034386831542692  0.000000000000000  0.094929480613408  1.000000000000000  0.000000000000000  0.000000000000000  0.017241152188156  0.982820598545251  0.000000000000000  1.000000000000000  0.045310838527464  0.500000000000000  0.363745170908689 
95.0    T  0.000000000000000  0.000000000000000  0.000000000000000  0.000000000000000  0.000000000000000  0.041607862913637  0.000000000000000  0.032577055026285  0.003815267691259  0.031077192771038  0.000000000000000  0.007254037908646  0.000000000000000  0.025934205799687  0.000000000000000  0.074686950303549  0.772175133091785  0.011017952816284  0.000000000000000  0.000000000000000  1.000000000000000  0.000000000000000  0.000000000000000  0.000000000000000  0.000000000000000  0.041492661199451  0.958599438492977  0.045310838527464  1.000000000000000  0.363745170908689 
96.0    A  0.113754853010112  0.007355300504228  0.036021448337465  0.010791206626124  0.007164094087536  0.007551610133320  0.005719084749788  0.025719385789960  0.020545980628204  0.012370091654239  0.000000000000000  0.223446290589197  0.031664278129971  0.000000000000000  0.013840117485974  0.212421249784663  0.254899420749548  0.005933092538338  0.010753871887427  0.000000000000000  0.990342871933025  0.000000000000000  0.009329399899020  0.000000000000000  0.000000000000000  0.243501067135810  0.756808396484790  0.044811101500495  1.000000000000000  0.368567304322775 
97.0    V  0.066846692992828  0.014619117153616  0.000000000000000  0.005687459175778  0.000000000000000  0.022655419263732  0.000000000000000  0.034987902770445  0.000000000000000  0.040779842115280  0.017098339082199  0.000000000000000  0.034626010870779  0.000000000000000  0.000000000000000  0.018517074545962  0.041320456410705  0.702709350103360  0.000000000000000  0.000000000000000  0.965267024871757  0.000000000000000  0.034530140149997  0.199990032083188  0.799960128332753  0.652477473844479  0.347479554960584  0.042071877164899  0.463294030945185  0.389852421305662 
98.0    P  0.041263213781719  0.000000000000000  0.000000000000000  0.043646204139606  0.000000000000000  0.008200911590805  0.003639611051972  0.002061628354762  0.070854338298651  0.022655419263732  0.000000000000000  0.025400487562010  0.682546858942583  0.014905617977306  0.043224707156593  0.012056876367648  0.006574058455355  0.015345931175990  0.000000000000000  0.007572576694805  0.958599438492977  0.018723578458428  0.022655419263732  0.166662334636400  0.833353207159218  0.000000000000000  1.000000000000000  0.040218413978165  0.481297221550876  0.431071772508798 
99.0    W  0.013630667277668  0.000000000000000  0.000000000000000  0.000000000000000  0.016956708935653  0.050906722691888  0.000000000000000  0.000000000000000  0.035378090690959  0.064301669243348  0.000000000000000  0.000000000000000  0.002675455038995  0.000000000000000  0.012815201737449  0.018971795068673  0.007943552135093  0.008555097428075  0.760489376620505  0.007218926347241  0.846745312362527  0.034818551588104  0.118257205840699  0.198884120938730  0.801069877589622  0.118750047859361  0.881480157907170  0.041035035169505  0.454074208860755  0.412081042476620 
100.0    N  0.007987722895390  0.000000000000000  0.039609766313576  0.060120465916548  0.000000000000000  0.009631658792686  0.000000000000000  0.025435724533451  0.021612353578296  0.000000000000000  0.000000000000000  0.726986258660155  0.000000000000000  0.006070369287375  0.014013877494719  0.038128140946007  0.040414029121484  0.008722757515489  0.000000000000000  0.001418911181222  0.915099168127928  0.009645020366356  0.075572229739585  0.239649859623244  0.760489376620505  0.034939432842683  0.965267024871757  0.047497651762547  0.487339815445774  0.299162240807679 
101.0    T  0.095391200560035  0.015755507107728  0.037188490509584  0.018453010334836  0.058679484207216  0.006219438271709  0.003557304037469  0.051653144884638  0.038902319855693  0.044563303667629  0.007183984735560  0.075729541276890  0.011296346051139  0.028735938942239  0.012293163208649  0.368056715542045  0.115342811581725  0.007031265076512  0.000000000000000  0.003980043736784  0.946713631236714  0.008032139270751  0.045531222309313  0.252262908461170  0.747942879181195  0.121834953861444  0.878430468238362  0.058517015464656  0.489370825198718  0.269246594048262 
102.0    S  0.032644867589507  0.000000000000000  0.010026764824710  0.000000000000000  0.000000000000000  0.000000000000000  0.028656376350146  0.009466192659611  0.001408133663535  0.048866852695537  0.000000000000000  0.018542762463383  0.020025748815003  0.011670417633690  0.006712193398025  0.534773543942622  0.225312615652708  0.042393885232740  0.000000000000000  0.009355302379835  0.995159721820083  0.004802495575213  0.000000000000000  0.197784325296362  0.802181166352486  0.143587294374629  0.856188284546457  0.061468879626641  0.495514781632040  0.273194434775238 
103.0    W  0.008166875782853  0.006297522121039  0.012015162744299  0.000000000000000  0.006801176275751  0.078836088051953  0.000000000000000  0.009759344731667  0.004706923105448  0.051189793616239  0.000000000000000  0.025471010387582  0.000000000000000  0.013230395505664  0.000000000000000  0.009188212892898  0.000000000000000  0.036906020669673  0.729510172120088  0.007916069532493  0.958599438492977  0.021241066279793  0.020095273178603  0.471392267959120  0.528509020280690  0.684441906545919  0.315781815461450  0.054749894691695  0.447512535463986  0.297095776264233 
104.0    S  0.043585739573450  0.005083366622820  0.000000000000000  0.040723348417603  0.003467231786209  0.081956375888478  0.021717472185037  0.007785470803343  0.014833470639852  0.000000000000000  0.009895580107213  0.025577161924713  0.028183605574445  0.004355336791905  0.029278795214763  0.461051558956316  0.067826835742613  0.100551046367739  0.000000000000000  0.054183597719668  0.877821797609519  0.048060650977196  0.073863221683398  0.663882579191219  0.335875856430324  0.165970644797805  0.833931043824964  0.038740865623093  0.459775023075829  0.409802303818759 
105.0    N  0.002274870286071  0.000000000000000  0.013066349998657  0.016944959513173  0.015832139064986  0.037214276542655  0.019804883156788  0.030670595745421  0.057831526752366  0.046778843337272  0.000000000000000  0.581963267201068  0.034101996157967  0.015788303851356  0.008116086744513  0.020703234641331  0.014150530984653  0.055861572647299  0.004629268636491  0.024281477149502  0.908778116448520  0.059498619281096  0.031862427593693  0.939522749214012  0.060245612983790  0.145289263439765  0.854409740889733  0.042926132294676  0.406971592535217  0.367801686463934 
106.0    K  0.028676246322230  0.000000000000000  0.055591187096119  0.021094343517543  0.002433080889784  0.063680699788545  0.004010506037969  0.031467360939272  0.413511684221633  0.013489680602725  0.000000000000000  0.106284270008024  0.000000000000000  0.013545899429917  0.096054698830501  0.019276674528273  0.022639721164920  0.038821508805764  0.002534646029178  0.066893043651664  0.874784764905822  0.087534770055450  0.037603219562484  0.337977708257031  0.662044455197699  0.647970482716667  0.351842093831349  0.042718357873182  0.375529981735232  0.363493129330078 
107.0    S  0.000000000000000  0.000000000000000  0.031077192771038  0.013734993139247  0.000000000000000  0.057711394420587  0.004388671496217  0.000000000000000  0.021388809579560  0.032061817041786  0.000000000000000  0.171347850622463  0.006857982793824  0.033632503899494  0.011086901220315  0.452503231441453  0.130398574191232  0.008178205327926  0.000000000000000  0.025612643988672  0.941478464541206  0.013677989526473  0.044532425442150  0.709070017839729  0.290981633600534  0.632439771176968  0.367546834097260  0.039308905369876  0.476979775273779  0.418413121341696 
108.0    L  0.005147187311461  0.000000000000000  0.011343424061749  0.039500096826650  0.013811367672870  0.007031265076512  0.019290040732712  0.064123634083571  0.039554893561571  0.285982743300952  0.027776333786455  0.016345077184258  0.029625842660270  0.128603338486697  0.024013674707625  0.005613047564625  0.017676788481967  0.075519865211871  0.068015152604425  0.120993378361717  0.940174202509126  0.052556025953357  0.007183984735560  0.320856474390726  0.679243142274472  0.523768063549899  0.475988954248766  0.038366740122346  0.442270217665770  0.419284092220466 
109.0    D  0.020446532366485  0.003291589177747  0.176165094392752  0.151669195031087  0.000000000000000  0.046973796189549  0.004016069635375  0.060748811748835  0.048866852695537  0.000000000000000  0.031973045929201  0.067311648512066  0.044687030823803  0.022939853688033  0.044194173824159  0.080436827956329  0.174584816558425  0.011581773514085  0.001162140328424  0.008918396149428  0.947370070599268  0.052483218309009  0.000000000000000  0.770037174236072  0.229887511537915  0.096187951260054  0.903752726751086  0.039281667953807  0.440434687063490  0.420448207626857 
110.0    D  0.018723578458428  0.006189334460351  0.174584816558425  0.207905524593727  0.002100574981362  0.078617810739751  0.026998068356259  0.001869670816788  0.054371709544291  0.021167577773209  0.034842694335241  0.008116086744513  0.113597264556065  0.057791454882106  0.086569341756933  0.044010757091003  0.021373989123476  0.010843693117309  0.000000000000000  0.030374405874417  0.961927454664775  0.007055675860561  0.031163476604752  0.897510050667261  0.102308647698850  0.038633601903780  0.961260928388761  0.039200068891281  0.495858365369147  0.427501088945986 
111.0    I  0.006810611246383  0.000000000000000  0.052811649025782  0.024416496255385  0.040470093714201  0.040079268836320  0.000000000000000  0.572758948989878  0.021507743774855  0.054978067245152  0.006744840301363  0.044102370106522  0.020645912588410  0.005262631159632  0.057671405790862  0.000000000000000  0.003525393466650  0.027584468634083  0.000000000000000  0.020731955321831  0.982820598545251  0.013592927386073  0.003316782212683  0.239483804555674  0.760489376620505  0.654289035727505  0.345797657252741  0.039637231228933  0.452816991508911  0.403320879611063 
112.0    W  0.012006837353813  0.004822510183178  0.000000000000000  0.000000000000000  0.068488235402981  0.015997607819194  0.008054439990584  0.027872766231878  0.029687511964840  0.007006938747359  0.000000000000000  0.000000000000000  0.000000000000000  0.007259067767585  0.032039601184019  0.000000000000000  0.000000000000000  0.000000000000000  0.754712984260280  0.031884520601514  0.955282936382437  0.015420571029466  0.029056404456661  0.422493192206257  0.577542892276792  0.158219574246285  0.841479482285381  0.037681494615336  0.483638164806966  0.462652214018926 
113.0    N  0.052592467642836  0.000000000000000  0.217788548035564  0.109879945113973  0.018555619782397  0.158658860752476  0.041091961256408  0.011063870611051  0.031884520601514  0.008326927625531  0.015324671937321  0.184028357771022  0.000000000000000  0.035747842912619  0.017301009132567  0.024895003008924  0.051083458030518  0.015388538170243  0.000000000000000  0.006267040362129  0.906261938267334  0.072042896674929  0.021807980689409  0.394200087028139  0.605836330215122  0.544876056106664  0.455334916795989  0.038714021805747  0.424842499569325  0.440740078953585 
114.0    N  0.000000000000000  0.007577827424545  0.009271381231692  0.058354996557207  0.000000000000000  0.017373111836205  0.028419007868773  0.052994997789572  0.062370169937441  0.000000000000000  0.000000000000000  0.600818024763425  0.000000000000000  0.025772923394065  0.031423768137452  0.037525107108913  0.068298608693810  0.000000000000000  0.000000000000000  0.000000000000000  0.991716730738293  0.008110463051118  0.000000000000000  0.465547409915115  0.534402995605504  0.000000000000000  1.000000000000000  0.038740865623093  0.487339815445774  0.449377563305515 
115.0    M  0.010187896369208  0.059829466137206  0.013012121420009  0.053772039413215  0.003749723675933  0.009964409309989  0.000000000000000  0.054901904264898  0.016481598704188  0.143189737247470  0.468785548228555  0.000000000000000  0.005147187311461  0.004756117260402  0.021642335439233  0.030948214747907  0.072543994648983  0.000000000000000  0.009200959293711  0.021868529149925  0.989656656415207  0.005421846558655  0.005197379066721  1.000000000000000  0.000000000000000  0.023601134149419  0.976708528962227  0.038660389958974  0.497579860910041  0.449377563305515 
116.0    T  0.003616976650497  0.023292349793733  0.071545260037418  0.000000000000000  0.000000000000000  0.038929294236546  0.008967987608242  0.007801677078914  0.000000000000000  0.013470992890900  0.000000000000000  0.000000000000000  0.040582456335309  0.000000000000000  0.010806176789148  0.033008925792246  0.739181215636921  0.008930768245422  0.000000000000000  0.000000000000000  0.918912883479050  0.063153215405423  0.017787406704295  0.482299092292069  0.517632461920689  0.000000000000000  1.000000000000000  0.038821508805764  0.445964259710046  0.446273485736488 
117.0    W  0.005711161907813  0.035797434311867  0.019130256131253  0.000000000000000  0.000000000000000  0.046714039019842  0.000000000000000  0.000000000000000  0.013975076590353  0.020775111065339  0.000000000000000  0.000000000000000  0.015367219906660  0.000000000000000  0.002534646029178  0.000000000000000  0.000000000000000  0.000000000000000  0.816203046150902  0.023897441841918  1.000000000000000  0.000000000000000  0.000000000000000  0.000000000000000  0.000000000000000  0.634635443009902  0.365514362100008  0.043284670878466  1.000000000000000  0.398320048142791 
118.0    M  0.023051429016919  0.026332713421973  0.012090351512050  0.006206518750751  0.000000000000000  0.033819520141429  0.015898120189104  0.067032288551121  0.028735938942239  0.159873197659679  0.245875518506562  0.017824433060444  0.009571760405505  0.242154547306657  0.031752191968553  0.022813000166477  0.006372167916711  0.035182455816774  0.005030787615273  0.010409178321031  1.000000000000000  0.000000000000000  0.000000000000000  0.000000000000000  0.000000000000000  0.000000000000000  1.000000000000000  0.038154578520910  1.000000000000000  0.461051558956316 
119.0    E  0.039390730986968  0.035971546603993  0.011654250208527  0.316000774613202  0.000000000000000  0.069444295540943  0.024399577893981  0.000000000000000  0.027035521580781  0.004518313218380  0.000000000000000  0.043344717785356  0.010858736092518  0.380508345209840  0.008722757515489  0.017122058850745  0.011187255790634  0.000000000000000  0.000000000000000  0.000000000000000  0.996540262827868  0.000000000000000  0.003296155453633  0.000000000000000  0.000000000000000  0.000000000000000  1.000000000000000  0.038154578520910  1.000000000000000  0.461051558956316 
120.0    W  0.015625000000000  0.023947186878247  0.010416395914775  0.000000000000000  0.045879707376066  0.039664715188119  0.000000000000000  0.046778843337272  0.008531410513638  0.005388128600887  0.022173802440631  0.021792869786725  0.000000000000000  0.000000000000000  0.000000000000000  0.015931213796847  0.017861536490844  0.002557588716960  0.699308041369231  0.023947186878247  0.974679630891549  0.025506345192216  0.000000000000000  0.093752436830364  0.906261938267334  0.371645746107754  0.628506687260914  0.038075320739850  0.473685035299634  0.458502021602336 
121.0    E  0.009888723390393  0.000000000000000  0.323312232971872  0.376311686852767  0.000000000000000  0.081390261848064  0.015821168864851  0.026187097958373  0.006862738033112  0.015603354157829  0.000000000000000  0.025242524300300  0.024197469620413  0.023389421668636  0.015711884068726  0.033146491917757  0.000000000000000  0.017787406704295  0.000000000000000  0.004989116246857  0.982139595263391  0.017664540111322  0.000000000000000  0.651573574681647  0.348202870167259  0.497235084336607  0.502780290199234  0.037943590137345  0.483638164806966  0.474342157570227 
122.0    R  0.001090344689436  0.000000000000000  0.000000000000000  0.036271997324491  0.000000000000000  0.011454037165541  0.026700304402804  0.039912929974856  0.369846877312209  0.018465805420849  0.009658400475945  0.002946054837278  0.000000000000000  0.081277509159280  0.340092713101489  0.026314467300263  0.023099412988654  0.003045722041450  0.000000000000000  0.009868181733170  0.967947026893737  0.014947002470186  0.017337023001060  0.762600826628142  0.237335530237630  0.000000000000000  1.000000000000000  0.037499105699163  0.484309094613314  0.488015880388112 
123.0    E  0.003054178293471  0.000000000000000  0.007609408347994  0.489710148793463  0.000000000000000  0.011932167952818  0.003109719135855  0.027016788478371  0.146401272652351  0.091378590525002  0.002499750808290  0.020688889224928  0.000000000000000  0.096588818705998  0.067498534989555  0.007411596212035  0.005391864661706  0.019627224705368  0.000000000000000  0.000000000000000  1.000000000000000  0.000000000000000  0.000000000000000  0.000000000000000  0.000000000000000  0.602068690615708  0.397768241877459  0.038553349056547  1.000000000000000  0.467163673441590 
124.0    I  0.000000000000000  0.000000000000000  0.000000000000000  0.000000000000000  0.000000000000000  0.000000000000000  0.000000000000000  0.575145946675303  0.059292769696278  0.125086673432823  0.001947717287797  0.017973310833603  0.000000000000000  0.020375792738415  0.017725866952124  0.010026764824710  0.024518253059273  0.148136596367698  0.000000000000000  0.000000000000000  0.958599438492977  0.041723384477997  0.000000000000000  0.501040802539816  0.498961359499525  0.000000000000000  1.000000000000000  0.037447156916857  0.461051558956316  0.488015880388112 
125.0    D  0.053142135004012  0.001947717287797  0.245534898815848  0.065789447169340  0.000000000000000  0.044347604881262  0.006834255975827  0.039418044025977  0.040666932982560  0.044102370106522  0.000000000000000  0.083331167318200  0.000000000000000  0.011117683290895  0.043045313949473  0.250694108975269  0.042985681816867  0.017241152188156  0.000000000000000  0.009868181733170  0.995159721820083  0.004812492474397  0.000000000000000  1.000000000000000  0.000000000000000  0.000000000000000  1.000000000000000  0.037447156916857  0.497579860910041  0.488015880388112 
126.0    N  0.052012420919470  0.000000000000000  0.022624033943431  0.021792869786725  0.013715965587649  0.022374511581268  0.005632534654142  0.084143754329799  0.018998113799736  0.017229205672952  0.023997035464095  0.550189304683069  0.000000000000000  0.049411819787746  0.011833330592789  0.026626377971090  0.030926770512975  0.008986655416802  0.000000000000000  0.039609766313576  0.982820598545251  0.000000000000000  0.017133931071686  0.000000000000000  0.000000000000000  0.000000000000000  1.000000000000000  0.037421209519342  1.000000000000000  0.488015880388112 
127.0    Y  0.074376981019167  0.009368280576493  0.010919116967586  0.000000000000000  0.015646675870490  0.000000000000000  0.063592480756418  0.111645731544095  0.000000000000000  0.144686277123765  0.015271652600169  0.000000000000000  0.000000000000000  0.000000000000000  0.000000000000000  0.012301687133894  0.029380443828410  0.029687511964840  0.000000000000000  0.483303048532487  0.993781093322555  0.005933092538338  0.000000000000000  1.000000000000000  0.000000000000000  0.000000000000000  1.000000000000000  0.038419964601706  0.496546247718518  0.471392267959120 
128.0    T  0.007619964543185  0.000000000000000  0.019397304555096  0.086210057614191  0.005597506446770  0.000000000000000  0.068964608752622  0.016131227116926  0.025737219289612  0.002901470548166  0.004027219995292  0.008449021589716  0.010851211998165  0.053215856734309  0.015431263460084  0.127892183716804  0.542238704421532  0.005222658185176  0.000000000000000  0.000000000000000  0.997231251352069  0.000000000000000  0.003098960324965  0.000000000000000  0.000000000000000  0.616853584904748  0.383154990051946  0.038580081465423  1.000000000000000  0.465870214652387 
129.0    S  0.079494562921473  0.000000000000000  0.132310549359392  0.035921714001084  0.000000000000000  0.186726682139043  0.047366142703450  0.001536645401081  0.054901904264898  0.000904244162624  0.004072131878286  0.076150641479699  0.000000000000000  0.130488990927715  0.077213664820433  0.097463105326415  0.057951909152216  0.004815829396343  0.000000000000000  0.012744335833422  0.994470168673214  0.000000000000000  0.005350910077990  1.000000000000000  0.000000000000000  0.171823586946504  0.828170661334546  0.037603219562484  0.499653546495226  0.485317234884773 
130.0    L  0.014629253866164  0.000000000000000  0.018236845340914  0.027565355162412  0.010503398391817  0.025120343460723  0.029339742103608  0.161768206810357  0.017861536490844  0.125695072549809  0.000000000000000  0.159430548959818  0.034410674940561  0.064793818813733  0.015197733553317  0.028027754989438  0.199160024071396  0.052994997789572  0.001005410237729  0.014229216149875  0.952637998043937  0.000000000000000  0.047234997759882  0.000000000000000  0.000000000000000  0.000000000000000  1.000000000000000  0.037707622491274  1.000000000000000  0.482299092292069 
131.0    I  0.000000000000000  0.000000000000000  0.000000000000000  0.016198454703433  0.000000000000000  0.000000000000000  0.010251650426500  0.747942879181195  0.001169412797479  0.028895727441053  0.008650504566283  0.040470093714201  0.002141741383961  0.029831906691866  0.025488671666844  0.027016788478371  0.002837822362444  0.006416489849626  0.003386474857479  0.049343367918785  1.000000000000000  0.000000000000000  0.000000000000000  0.000000000000000  0.000000000000000  0.107992273425035  0.891928519420093  0.042688758023575  1.000000000000000  0.433769343576034 
132.0    Y  0.000000000000000  0.000000000000000  0.009433442120988  0.014298424501999  0.053623158151793  0.000000000000000  0.013452331067795  0.056719947207323  0.025506345192216  0.000000000000000  0.004140440560146  0.000000000000000  0.000000000000000  0.040051497630006  0.000000000000000  0.082013203411998  0.111955708761356  0.000000000000000  0.001414002121464  0.587638164209885  1.000000000000000  0.000000000000000  0.000000000000000  0.000000000000000  0.000000000000000  0.000000000000000  1.000000000000000  0.042600081477578  1.000000000000000  0.440740078953585 
133.0    N  0.027489033622576  0.001318396469846  0.069204036530268  0.085377516047150  0.000000000000000  0.060037178997092  0.003587016258988  0.034007576302213  0.071396640428034  0.025172634095273  0.019722688001752  0.111800612722826  0.016153605253874  0.080325396091836  0.072947381363654  0.131852789633508  0.147011406286371  0.026960667016958  0.003293871524415  0.012250632094933  0.975355461527642  0.024399577893981  0.000000000000000  1.000000000000000  0.000000000000000  0.092397651954615  0.907519155317161  0.042600081477578  0.479632059662632  0.440740078953585 
134.0    L  0.036701936600427  0.034722147770472  0.015592542484360  0.041063488348418  0.005406834828326  0.018010724168732  0.000000000000000  0.033307710502123  0.017898717155934  0.632001549226403  0.020011872833278  0.003312187361848  0.025347723611783  0.015603354157829  0.006857982793824  0.036246864203295  0.022005378545501  0.009479324689443  0.005215423059750  0.021241066279793  0.991716730738293  0.008037708655419  0.000000000000000  0.063680699788545  0.936272247434492  0.243332343539560  0.756808396484790  0.042659178683911  0.481630947010074  0.445964259710046 
135.0    I  0.009446528717448  0.029400815859806  0.000000000000000  0.000000000000000  0.003577084712571  0.000000000000000  0.011430243911753  0.328280281356038  0.000000000000000  0.563700206072711  0.003680200288691  0.010380357922629  0.000000000000000  0.000000000000000  0.000000000000000  0.000000000000000  0.019586453444386  0.008121714337307  0.000000000000000  0.012182888165802  1.000000000000000  0.000000000000000  0.000000000000000  0.000000000000000  0.000000000000000  0.000000000000000  1.000000000000000  0.042276507220321  1.000000000000000  0.459138081150462 
136.0    E  0.012534080724258  0.016909760070714  0.015538596385519  0.489370825198718  0.012310216969521  0.017973310833603  0.000993632511819  0.001070870691980  0.130217928626028  0.031554728049896  0.000000000000000  0.007509851003037  0.027355979052946  0.106063487713237  0.049343367918785  0.016676958406874  0.032622247731929  0.030122806491895  0.000000000000000  0.001627642982733  0.969289816935065  0.030713143704539  0.000000000000000  0.333324669272800  0.666649338545599  0.000000000000000  1.000000000000000  0.042276507220321  0.463294030945185  0.459138081150462 
137.0    E  0.031708204580653  0.000000000000000  0.062326953209504  0.413225159077106  0.000000000000000  0.031576607702711  0.002557588716960  0.014659706195323  0.140437487878956  0.014199658069508  0.000000000000000  0.087595465567547  0.000000000000000  0.076362068854594  0.071446145963377  0.016711673248207  0.009923054551084  0.027242444985533  0.000000000000000  0.000000000000000  0.994470168673214  0.001161335073245  0.004055231525559  1.000000000000000  0.000000000000000  0.000000000000000  1.000000000000000  0.043404847992660  0.500000000000000  0.423666217473059 
138.0    S  0.272249253834027  0.000000000000000  0.000000000000000  0.000000000000000  0.002714684023130  0.012301687133894  0.014538275901610  0.020375792738415  0.000000000000000  0.007109678313132  0.000000000000000  0.026497498894786  0.000000000000000  0.000000000000000  0.082354996983384  0.549808074657276  0.008149910886952  0.000000000000000  0.003977285936581  0.000000000000000  0.984184022033800  0.000000000000000  0.015931213796847  0.000000000000000  0.000000000000000  0.060790934213268  0.939522749214012  0.043404847992660  1.000000000000000  0.419284092220466 
139.0    Q  0.099856489556144  0.000000000000000  0.000000000000000  0.002100574981362  0.000000000000000  0.000000000000000  0.047861187409199  0.000000000000000  0.103163176064082  0.000000000000000  0.000000000000000  0.015592542484360  0.006323767316777  0.606676780124346  0.082870360018666  0.000000000000000  0.016086563803656  0.000000000000000  0.000000000000000  0.019424213576624  0.988285651500733  0.000000000000000  0.011702819800189  0.000000000000000  0.000000000000000  0.818469181590804  0.181494784987987  0.045562793088018  1.000000000000000  0.408384495555011 
140.0    N  0.026718818059124  0.000000000000000  0.051331918797004  0.115103212150630  0.004978752450466  0.005493723437161  0.001136647006252  0.154856087222989  0.040751585476830  0.017039183322895  0.001173472704616  0.311002913324617  0.029137077701151  0.026223426159579  0.006271385849343  0.020025748815003  0.123023002754225  0.032464346978052  0.000000000000000  0.033261568201667  1.000000000000000  0.000000000000000  0.000000000000000  0.000000000000000  0.000000000000000  1.000000000000000  0.000000000000000  0.040610595701733  1.000000000000000  0.474342157570227 
141.0    Q  0.014926295880976  0.000000000000000  0.000000000000000  0.044718016250716  0.000000000000000  0.000000000000000  0.010791206626124  0.000000000000000  0.009971318506476  0.019586453444386  0.015788303851356  0.027431931175297  0.087474116599700  0.652477473844479  0.004097614560840  0.074738737298508  0.038075320739850  0.000000000000000  0.000000000000000  0.000000000000000  0.996540262827868  0.000000000000000  0.003166269999552  0.000000000000000  0.000000000000000  0.000000000000000  0.000000000000000  0.038633601903780  1.000000000000000  1.000000000000000 
142.0    Q  0.048900736358532  0.000000000000000  0.005200982864205  0.053252755942179  0.000000000000000  0.010237448467643  0.014895289770127  0.000000000000000  0.015176679617838  0.000000000000000  0.000000000000000  0.046359216682535  0.005871724523694  0.651573574681647  0.081052472165688  0.061383724703962  0.006061959799022  0.000000000000000  0.000000000000000  0.000000000000000  0.969961910341735  0.030332327180298  0.000000000000000  1.000000000000000  0.000000000000000  1.000000000000000  0.000000000000000  0.041035035169505  0.460732093099352  0.499653546495226 
143.0    E  0.005470923128466  0.000000000000000  0.042570563582515  0.602486157497393  0.000000000000000  0.047300524780299  0.000000000000000  0.000000000000000  0.122257934180917  0.033446521825832  0.013965393161825  0.017157700215423  0.011638105180646  0.029421202016913  0.063284675459406  0.008396477912934  0.001445716111328  0.001311105959746  0.000000000000000  0.000000000000000  0.973329374158238  0.026793001144818  0.000000000000000  0.132218870452303  0.867538687152068  1.000000000000000  0.000000000000000  0.042071877164899  0.480297431976738  0.463294030945185 
144.0    K  0.008350046806336  0.000000000000000  0.001356401499771  0.059087632296921  0.000000000000000  0.018389167769043  0.006323767316777  0.008144263756571  0.566441942647899  0.002335585540578  0.008936960728155  0.048060650977196  0.003700664338278  0.068726009332159  0.164140140678019  0.018414678247058  0.012841877926482  0.001494625751780  0.000000000000000  0.003135692924672  0.999307092990453  0.000000000000000  0.000960451244166  0.000000000000000  0.000000000000000  0.000000000000000  0.000000000000000  0.040921419471361  1.000000000000000  1.000000000000000 
145.0    N  0.000000000000000  0.016097718025314  0.013303964183577  0.013093548979187  0.000000000000000  0.000000000000000  0.000000000000000  0.007763914791582  0.059829466137206  0.010583788886604  0.089871033302935  0.720964435730112  0.000000000000000  0.015176679617838  0.009342342162313  0.007562086147607  0.022655419263732  0.000000000000000  0.000000000000000  0.013754047086924  1.000000000000000  0.000000000000000  0.000000000000000  0.000000000000000  0.000000000000000  1.000000000000000  0.000000000000000  0.040836414184162  1.000000000000000  0.500000000000000 
146.0    E  0.000000000000000  0.020803931456818  0.056956330039821  0.565265283562296  0.000000000000000  0.003639611051972  0.000000000000000  0.011973593439123  0.069108165832517  0.018427446754082  0.097801472717064  0.036473690681827  0.000000000000000  0.021567458646822  0.009916178797030  0.026132699997314  0.020674553748564  0.041148966314351  0.000000000000000  0.000000000000000  0.951977908497532  0.048060650977196  0.000000000000000  0.802737388715953  0.197510327965844  0.000000000000000  0.000000000000000  0.040864729641774  0.454074208860755  1.000000000000000 
147.0    H  0.003122679024814  0.000000000000000  0.014957366534302  0.000000000000000  0.021838233935173  0.000000000000000  0.036931610841699  0.000000000000000  0.333555792419442  0.058354996557207  0.000000000000000  0.021582413252248  0.002097664983633  0.303759197976254  0.104313660144426  0.000000000000000  0.013868927144836  0.000000000000000  0.000000000000000  0.085614561247848  0.981459063853479  0.000000000000000  0.018879966302968  0.000000000000000  0.000000000000000  1.000000000000000  0.000000000000000  0.045720975647010  1.000000000000000  0.465547409915115 
148.0    E  0.033725882390763  0.000000000000000  0.257385020858499  0.336575017319196  0.010301512613222  0.012877532577394  0.013294745773540  0.021552514403548  0.107246316303586  0.000000000000000  0.000000000000000  0.036752851571593  0.000000000000000  0.029157280985525  0.029769937438873  0.006358931133363  0.076839929203411  0.025347723611783  0.000000000000000  0.002980975017501  1.000000000000000  0.000000000000000  0.000000000000000  0.000000000000000  0.000000000000000  0.929804942613162  0.070364911633548  0.043164826504496  1.000000000000000  0.481297221550876 
149.0    L  0.024774504269071  0.000000000000000  0.000000000000000  0.000000000000000  0.029157280985525  0.000000000000000  0.000000000000000  0.067920928907879  0.032106294980593  0.728499556949005  0.000000000000000  0.013574096642978  0.002976845371757  0.000000000000000  0.000000000000000  0.007406460665068  0.005118724233822  0.006024261036750  0.000000000000000  0.082354996983384  0.997231251352069  0.002534646029178  0.000000000000000  1.000000000000000  0.000000000000000  0.000000000000000  1.000000000000000  0.042866665268456  0.498961359499525  0.500000000000000 
150.0    L  0.007478683267151  0.020221025851295  0.000000000000000  0.012404436420807  0.007688937672139  0.005746901350999  0.000000000000000  0.023535788541153  0.008223680896167  0.620283648857694  0.024147204676500  0.000000000000000  0.000000000000000  0.113754853010112  0.000000000000000  0.015030116479137  0.052301640167712  0.000000000000000  0.045216715183454  0.044194173824159  0.996540262827868  0.000000000000000  0.003208244924813  0.000000000000000  0.000000000000000  1.000000000000000  0.000000000000000  0.042985681816867  1.000000000000000  0.500000000000000 
151.0    E  0.261702570493644  0.019236631458514  0.015050967094065  0.284598507268719  0.000000000000000  0.026755883892077  0.056133273305246  0.005746901350999  0.159209684415812  0.005051753640185  0.000000000000000  0.033330805650993  0.006202218210404  0.029421202016913  0.009472756398920  0.064034801439550  0.011414409207388  0.003637089139962  0.000000000000000  0.009169126392823  0.971980987981352  0.028203147733201  0.000000000000000  1.000000000000000  0.000000000000000  1.000000000000000  0.000000000000000  0.043105028807096  0.470739232270603  0.499653546495226 
152.0    L  0.000000000000000  0.000000000000000  0.000000000000000  0.000000000000000  0.016299821773904  0.006939271842519  0.000000000000000  0.090684512989636  0.000000000000000  0.712518807074392  0.002335585540578  0.000000000000000  0.011573748422034  0.023292349793733  0.000000000000000  0.005691402788664  0.000000000000000  0.013574096642978  0.110185019738396  0.006881791985367  0.980779003988551  0.003515632538256  0.015549370653439  0.385285554179204  0.614719433627290  0.000000000000000  0.000000000000000  0.042955896736626  0.499307333050514  1.000000000000000 
153.0    D  0.052556025953357  0.000000000000000  0.516199267741621  0.004016069635375  0.000000000000000  0.093104841445169  0.006301888743923  0.016064278541501  0.024946824573645  0.021108970070869  0.000000000000000  0.065471007943737  0.013470992890900  0.077750728331154  0.010525262319263  0.012904338514621  0.074222479129588  0.005197379066721  0.000000000000000  0.006121071773042  0.965267024871757  0.009604991150426  0.025242524300300  0.156257787823151  0.843815796130018  1.000000000000000  0.000000000000000  0.042985681816867  0.490049707670935  0.488015880388112 
154.0    K  0.006040987011370  0.000000000000000  0.072242919159675  0.094601049560599  0.000000000000000  0.000000000000000  0.010054603494541  0.000000000000000  0.348927691030542  0.019451159927846  0.037317599596081  0.060245612983790  0.000000000000000  0.083331167318200  0.006501552614934  0.217486838177163  0.015755507107728  0.028125060306047  0.000000000000000  0.000000000000000  0.976708528962227  0.013377941946038  0.009604991150426  1.000000000000000  0.000000000000000  0.861546159712017  0.138600080450384  0.047695600280017  0.487677730763821  0.478304079045937 
155.0    W  0.016097718025314  0.011079219028746  0.000000000000000  0.017923547253534  0.007651721074898  0.131396613635963  0.000000000000000  0.000000000000000  0.000000000000000  0.062760471452436  0.017062821027276  0.010635266535152  0.000000000000000  0.000000000000000  0.000000000000000  0.000000000000000  0.000000000000000  0.026774436086518  0.698823485925533  0.000000000000000  0.936921446872426  0.046649324478030  0.016642315678022  0.124913386623807  0.875391329694264  0.756283998641981  0.243669907722887  0.043015487549709  0.451250363731215  0.488692883205403 
156.0    A  0.345079338349157  0.003448058579260  0.091886708524315  0.009658400475945  0.014578640492763  0.096254646779509  0.004111840448084  0.001524973618374  0.115984184558910  0.035550163371016  0.000000000000000  0.030628106729433  0.017948411796829  0.105989995579143  0.003452841918217  0.040358042196948  0.083562530962821  0.000000000000000  0.000000000000000  0.000000000000000  0.991716730738293  0.004706923105448  0.003452841918217  0.333324669272800  0.666649338545599  0.360982298880624  0.639049681601526  0.047695600280017  0.497579860910041  0.443805668634749 
157.0    S  0.006310631075075  0.000000000000000  0.031034140482407  0.000000000000000  0.042042725266307  0.026626377971090  0.000000000000000  0.061298687749284  0.031271668358206  0.000000000000000  0.006497047643554  0.167240944348264  0.008875228631146  0.038714021805747  0.003124844251300  0.456599125005996  0.039445376003504  0.053326631132004  0.000000000000000  0.027622735345740  0.997922718999051  0.002406246237199  0.000000000000000  0.581963267201068  0.418123199957031  0.000000000000000  1.000000000000000  0.046520164223954  0.468785548228555  0.461371246326899 
158.0    L  0.013536513381251  0.072795849154279  0.000000000000000  0.000000000000000  0.122682382981685  0.000000000000000  0.005875795903862  0.069733707645310  0.000000000000000  0.604997044609646  0.012577595900330  0.000000000000000  0.003644660123191  0.000000000000000  0.000000000000000  0.023748825881274  0.000000000000000  0.011265069308283  0.059128602920350  0.000000000000000  0.991716730738293  0.000000000000000  0.008531410513638  0.500000000000000  0.500000000000000  1.000000000000000  0.000000000000000  0.058801631719612  0.499653546495226  0.461371246326899 
159.0    W  0.016827912128016  0.019170077769591  0.003634568975402  0.017824433060444  0.014179986801831  0.187245116803023  0.000000000000000  0.000000000000000  0.000000000000000  0.026424133980547  0.001334023688237  0.000000000000000  0.002376410856707  0.021567458646822  0.002257591223740  0.012603777487846  0.005325010184697  0.037059828106592  0.620713745763056  0.011477879947487  0.989656656415207  0.006429846447490  0.003952551566511  1.000000000000000  0.000000000000000  1.000000000000000  0.000000000000000  0.054787857582252  0.496546247718518  0.492433221447775 
160.0    N  0.015208271471222  0.000000000000000  0.014792400488074  0.035451733904249  0.000000000000000  0.020963159763785  0.000000000000000  0.017373111836205  0.012023493907507  0.012735505193791  0.000000000000000  0.592957249705474  0.000000000000000  0.002118119939147  0.000000000000000  0.203485796267609  0.044501568612408  0.021762679385454  0.000000000000000  0.006434304822403  1.000000000000000  0.000000000000000  0.000000000000000  1.000000000000000  0.000000000000000  1.000000000000000  0.000000000000000  0.061171353149840  0.499653546495226  0.499653546495226 
161.0    W  0.000000000000000  0.000000000000000  0.000000000000000  0.008252231448061  0.000000000000000  0.035378090690959  0.000000000000000  0.020603025226443  0.000000000000000  0.039968299414920  0.000000000000000  0.000000000000000  0.000000000000000  0.000000000000000  0.004638904945599  0.000000000000000  0.003105411136519  0.000000000000000  0.871758239537062  0.016596237288990  1.000000000000000  0.000000000000000  0.000000000000000  1.000000000000000  0.000000000000000  0.000000000000000  0.000000000000000  0.060959716345478  1.000000000000000  1.000000000000000 
