No:  residues  hmm_col_1  hmm_col_2  hmm_col_3  hmm_col_4  hmm_col_5  hmm_col_6  hmm_col_7  hmm_col_8  hmm_col_9  hmm_col_10  hmm_col_11  hmm_col_12  hmm_col_13  hmm_col_14  hmm_col_15  hmm_col_16  hmm_col_17  hmm_col_18  hmm_col_19  hmm_col_20  hmm_col_21   hmm_col_22   hmm_col_23   hmm_col_24   hmm_col_25   hmm_col_26   hmm_col_27   hmm_col_28   hmm_col_29   hmm_col_30   
1.0    M  0.000000000000000  0.000000000000000  0.000000000000000  0.000000000000000  0.000000000000000  0.000000000000000  0.000000000000000  0.000000000000000  0.000000000000000  0.173980798978888  0.715984370600572  0.000000000000000  0.000000000000000  0.000000000000000  0.000000000000000  0.000000000000000  0.060203868376259  0.049962864397030  0.000000000000000  0.000000000000000  1.000000000000000  0.000000000000000  0.000000000000000  0.000000000000000  0.000000000000000  0.000000000000000  0.000000000000000  0.051225287977345  1.000000000000000  1.000000000000000 
2.0    G  0.082870360018666  0.000000000000000  0.013102627881890  0.000000000000000  0.042718357873182  0.262793227271927  0.000000000000000  0.000000000000000  0.173499089876949  0.000000000000000  0.028577034046872  0.000000000000000  0.000000000000000  0.000000000000000  0.157562923947873  0.191843262000111  0.026552656223083  0.000000000000000  0.000000000000000  0.020389921057640  0.694477567882555  0.000000000000000  0.305660069423017  0.000000000000000  0.000000000000000  0.000000000000000  0.000000000000000  0.051225287977345  1.000000000000000  1.000000000000000 
3.0    S  0.027242444985533  0.000000000000000  0.000000000000000  0.000000000000000  0.091125586176036  0.091505355996602  0.000000000000000  0.049583365199446  0.181243354109856  0.054334035005626  0.000000000000000  0.064659223844932  0.022452190258501  0.000000000000000  0.000000000000000  0.337509496280686  0.044811101500495  0.000000000000000  0.000000000000000  0.035427169149326  0.352330188785505  0.178129701768598  0.469761374607006  1.000000000000000  0.000000000000000  1.000000000000000  0.000000000000000  0.079384436408674  0.445037866626248  0.370359949505080 
4.0    F  0.073863221683398  0.000000000000000  0.000000000000000  0.000000000000000  0.051189793616239  0.029036271070341  0.000000000000000  0.148033951481704  0.026886019706607  0.102379587232478  0.000000000000000  0.031315050158739  0.029116888415774  0.000000000000000  0.029157280985525  0.133046272806670  0.318198733818986  0.027699428099840  0.000000000000000  0.000000000000000  0.955945317593742  0.028716027608720  0.015570941606685  1.000000000000000  0.000000000000000  0.846158596600290  0.153999759180720  0.052120690239060  0.496546247718518  0.351354675051680 
5.0    S  0.105843164045316  0.000000000000000  0.000000000000000  0.012577595900330  0.020221025851295  0.038048938083218  0.030755750688556  0.143686856004335  0.000000000000000  0.237006741282161  0.000000000000000  0.019613624863791  0.016008700359888  0.030543305200338  0.000000000000000  0.190782401120070  0.109575715164504  0.045216715183454  0.000000000000000  0.000000000000000  1.000000000000000  0.000000000000000  0.000000000000000  0.000000000000000  0.000000000000000  1.000000000000000  0.000000000000000  0.030143693268254  1.000000000000000  0.476979775273779 
6.0    I  0.057751410777926  0.000000000000000  0.000000000000000  0.000000000000000  0.172779025816073  0.000000000000000  0.000000000000000  0.277584708407160  0.000000000000000  0.107767943127199  0.034315400430845  0.000000000000000  0.121497623497669  0.000000000000000  0.000000000000000  0.061767853218796  0.010679589468295  0.155933196489256  0.000000000000000  0.000000000000000  1.000000000000000  0.000000000000000  0.000000000000000  0.000000000000000  0.000000000000000  0.000000000000000  0.000000000000000  0.028735938942239  1.000000000000000  1.000000000000000 
7.0    T  0.163345656736647  0.063240825064183  0.000000000000000  0.000000000000000  0.164026406823995  0.043525358770907  0.000000000000000  0.032173127607312  0.000000000000000  0.196418129166895  0.014854048456716  0.000000000000000  0.029666941279704  0.000000000000000  0.000000000000000  0.022359008125358  0.086869888740146  0.049138580758771  0.000000000000000  0.134250558952516  1.000000000000000  0.000000000000000  0.000000000000000  0.000000000000000  0.000000000000000  0.000000000000000  0.000000000000000  0.026998068356259  1.000000000000000  1.000000000000000 
8.0    L  0.038234001285371  0.278355404557172  0.000000000000000  0.000000000000000  0.074376981019167  0.000000000000000  0.000000000000000  0.013888166893228  0.000000000000000  0.132035703168982  0.000000000000000  0.000000000000000  0.000000000000000  0.000000000000000  0.000000000000000  0.017217267435572  0.083042863381032  0.105330853687894  0.212126975426474  0.045310838527464  0.984866442895551  0.014854048456716  0.000000000000000  0.500000000000000  0.500000000000000  0.000000000000000  0.000000000000000  0.026998068356259  0.500000000000000  1.000000000000000 
9.0    G  0.070952631384129  0.053772039413215  0.000000000000000  0.000000000000000  0.000000000000000  0.656560562712076  0.000000000000000  0.011597840395539  0.000000000000000  0.026979361205450  0.000000000000000  0.000000000000000  0.000000000000000  0.000000000000000  0.015071846634127  0.134530015597975  0.015303442149796  0.015474107373954  0.000000000000000  0.000000000000000  1.000000000000000  0.000000000000000  0.000000000000000  0.000000000000000  0.000000000000000  0.000000000000000  0.000000000000000  0.025137761591935  1.000000000000000  1.000000000000000 
10.0    F  0.000000000000000  0.021492840908433  0.000000000000000  0.000000000000000  0.181872585454345  0.000000000000000  0.000000000000000  0.040302132832996  0.000000000000000  0.563309614248640  0.024552266145862  0.000000000000000  0.000000000000000  0.000000000000000  0.000000000000000  0.038234001285371  0.013754047086924  0.054787857582252  0.000000000000000  0.061596833558711  0.985549336939371  0.014568538850576  0.000000000000000  1.000000000000000  0.000000000000000  0.000000000000000  0.000000000000000  0.025577161924713  0.496890546661277  1.000000000000000 
11.0    F  0.013754047086924  0.000000000000000  0.000000000000000  0.000000000000000  0.118093380124651  0.000000000000000  0.000000000000000  0.062154385542076  0.000000000000000  0.592546385470791  0.061001985048514  0.000000000000000  0.034963659407366  0.000000000000000  0.000000000000000  0.026755883892077  0.000000000000000  0.090558884659680  0.000000000000000  0.000000000000000  1.000000000000000  0.000000000000000  0.000000000000000  0.000000000000000  0.000000000000000  0.000000000000000  0.000000000000000  0.025577161924713  1.000000000000000  1.000000000000000 
12.0    L  0.063504383937106  0.000000000000000  0.000000000000000  0.000000000000000  0.068062313458507  0.000000000000000  0.000000000000000  0.047202268298838  0.000000000000000  0.645281245225889  0.074016975740852  0.000000000000000  0.000000000000000  0.000000000000000  0.000000000000000  0.000000000000000  0.021108970070869  0.080828058242968  0.000000000000000  0.000000000000000  0.988285651500733  0.012040173568100  0.000000000000000  1.000000000000000  0.000000000000000  0.000000000000000  0.000000000000000  0.025577161924713  0.498270131413934  1.000000000000000 
13.0    V  0.065926394816754  0.020992241026895  0.000000000000000  0.000000000000000  0.142299253634360  0.000000000000000  0.000000000000000  0.141120550600766  0.000000000000000  0.446892581178393  0.016607744911852  0.000000000000000  0.000000000000000  0.000000000000000  0.000000000000000  0.014013877494719  0.082183922512817  0.069878865685366  0.000000000000000  0.000000000000000  1.000000000000000  0.000000000000000  0.000000000000000  0.000000000000000  0.000000000000000  0.000000000000000  0.000000000000000  0.025577161924713  1.000000000000000  1.000000000000000 
14.0    L  0.000000000000000  0.000000000000000  0.000000000000000  0.000000000000000  0.068773663085384  0.000000000000000  0.000000000000000  0.074273944066058  0.000000000000000  0.757858283255199  0.000000000000000  0.000000000000000  0.000000000000000  0.000000000000000  0.000000000000000  0.016607744911852  0.000000000000000  0.082698214994258  0.000000000000000  0.000000000000000  1.000000000000000  0.000000000000000  0.000000000000000  0.000000000000000  0.000000000000000  0.000000000000000  0.000000000000000  0.025577161924713  1.000000000000000  1.000000000000000 
15.0    A  0.096054698830501  0.090621677054928  0.014348065035952  0.000000000000000  0.032464346978052  0.022035905632569  0.000000000000000  0.033960464453939  0.013387218043259  0.338916081700000  0.014013877494719  0.119493164699218  0.000000000000000  0.000000000000000  0.016607744911852  0.014751444049223  0.046327094056339  0.115984184558910  0.031098741306878  0.000000000000000  1.000000000000000  0.000000000000000  0.000000000000000  0.000000000000000  0.000000000000000  0.000000000000000  0.000000000000000  0.025577161924713  1.000000000000000  1.000000000000000 
16.0    F  0.000000000000000  0.016596237288990  0.000000000000000  0.000000000000000  0.147521792917025  0.000000000000000  0.000000000000000  0.077160162930846  0.000000000000000  0.318861097919636  0.000000000000000  0.064257114166004  0.000000000000000  0.113597264556065  0.000000000000000  0.121666171769780  0.030713143704539  0.080492601844364  0.000000000000000  0.029096713119695  1.000000000000000  0.000000000000000  0.000000000000000  0.000000000000000  0.000000000000000  0.000000000000000  0.000000000000000  0.025577161924713  1.000000000000000  1.000000000000000 
17.0    W  0.000000000000000  0.050310383601320  0.013517760790390  0.012123919598045  0.035402621415494  0.000000000000000  0.041868237575870  0.000000000000000  0.012267626854275  0.260616440210280  0.000000000000000  0.000000000000000  0.030691862351981  0.411225034356232  0.000000000000000  0.025524030972188  0.000000000000000  0.064390872101255  0.024332021595677  0.017911127902006  0.990342871933025  0.009453078822026  0.000000000000000  1.000000000000000  0.000000000000000  0.000000000000000  0.000000000000000  0.025577161924713  0.500000000000000  1.000000000000000 
18.0    L  0.023131457781251  0.014905617977306  0.000000000000000  0.017241152188156  0.022204563174709  0.000000000000000  0.036701936600427  0.013340901787363  0.013517760790390  0.278741554681924  0.000000000000000  0.037473122305972  0.020660228205353  0.016723260912916  0.144385723069198  0.051940366349603  0.107767943127199  0.201241534405280  0.000000000000000  0.000000000000000  0.988970916380931  0.010821167719617  0.000000000000000  0.333324669272800  0.666649338545599  0.000000000000000  0.000000000000000  0.025577161924713  0.500000000000000  1.000000000000000 
19.0    P  0.042393885232740  0.000000000000000  0.015975445790780  0.017086491523197  0.040470093714201  0.064301669243348  0.016769691974898  0.000000000000000  0.016447361792335  0.154748786354681  0.087838668762920  0.000000000000000  0.104530799989258  0.181746564665039  0.000000000000000  0.130670012525646  0.074171049853533  0.052884912287518  0.000000000000000  0.000000000000000  0.462973011263662  0.000000000000000  0.537002235810062  0.000000000000000  0.000000000000000  0.000000000000000  0.000000000000000  0.025471010387582  1.000000000000000  1.000000000000000 
20.0    G  0.000000000000000  0.029914733068603  0.218241897783441  0.017935975216484  0.000000000000000  0.192642777089602  0.000000000000000  0.000000000000000  0.000000000000000  0.065972107352373  0.024860515117341  0.000000000000000  0.000000000000000  0.084553014440642  0.053883971563600  0.124308771084152  0.098073012237094  0.047071577082307  0.000000000000000  0.042511589137686  0.528509020280690  0.098345305669196  0.373194595824238  0.522317881432116  0.477641468191219  0.000000000000000  1.000000000000000  0.066615421004246  0.471719125447680  0.170991912987811 
21.0    H  0.017337023001060  0.021898866391887  0.000000000000000  0.000000000000000  0.000000000000000  0.227825320159285  0.050380176968310  0.000000000000000  0.078074757853336  0.000000000000000  0.000000000000000  0.000000000000000  0.029852591761951  0.380772184925815  0.127449710374774  0.066523136403335  0.000000000000000  0.000000000000000  0.000000000000000  0.000000000000000  1.000000000000000  0.000000000000000  0.000000000000000  0.000000000000000  0.000000000000000  0.477310507069858  0.522680050102582  0.070609200910633  1.000000000000000  0.127538082406057 
22.0    I  0.191047065095646  0.084318908396231  0.000000000000000  0.000000000000000  0.000000000000000  0.219303387183206  0.000000000000000  0.038022573707315  0.000000000000000  0.000000000000000  0.000000000000000  0.016153605253874  0.013555291986751  0.000000000000000  0.000000000000000  0.073863221683398  0.079549683454746  0.284007316196672  0.000000000000000  0.000000000000000  1.000000000000000  0.000000000000000  0.000000000000000  0.000000000000000  0.000000000000000  0.661127302571287  0.338681244371342  0.031423768137452  1.000000000000000  0.237500095718722 
23.0    G  0.137166492197405  0.029894004940371  0.010173782731008  0.091315273659105  0.000000000000000  0.073607674349686  0.076893209046947  0.000000000000000  0.027016788478371  0.017385158134138  0.010957025395644  0.012850782323632  0.000000000000000  0.022498926851792  0.341510064188599  0.097869287032068  0.050695447223565  0.000000000000000  0.000000000000000  0.000000000000000  1.000000000000000  0.000000000000000  0.000000000000000  0.000000000000000  0.000000000000000  1.000000000000000  0.000000000000000  0.020418207092081  1.000000000000000  0.391205890868256 
24.0    A  0.552099423581546  0.000000000000000  0.000000000000000  0.000000000000000  0.000000000000000  0.081956375888478  0.000000000000000  0.000000000000000  0.024895003008924  0.000000000000000  0.000000000000000  0.000000000000000  0.071297732241776  0.000000000000000  0.000000000000000  0.191976283712762  0.077858588473092  0.000000000000000  0.000000000000000  0.000000000000000  1.000000000000000  0.000000000000000  0.000000000000000  0.000000000000000  0.000000000000000  0.000000000000000  0.000000000000000  0.019627224705368  1.000000000000000  1.000000000000000 
25.0    N  0.000000000000000  0.000000000000000  0.007396200244037  0.000000000000000  0.030206440533280  0.020919613390288  0.347479554960584  0.000000000000000  0.151564102382717  0.000000000000000  0.000000000000000  0.197647279150986  0.024877753086837  0.009638337264137  0.064883704408941  0.048127323389754  0.015711884068726  0.023405639600378  0.000000000000000  0.057992092279455  1.000000000000000  0.000000000000000  0.000000000000000  0.000000000000000  0.000000000000000  0.000000000000000  0.000000000000000  0.019627224705368  1.000000000000000  1.000000000000000 
26.0    P  0.015377875344278  0.000000000000000  0.000000000000000  0.000000000000000  0.000000000000000  0.000000000000000  0.014864348067684  0.015019702006074  0.000000000000000  0.000000000000000  0.000000000000000  0.000000000000000  0.828170661334546  0.000000000000000  0.000000000000000  0.035971546603993  0.043344717785356  0.047006367230897  0.000000000000000  0.000000000000000  0.978741650397436  0.000000000000000  0.021079727099058  0.000000000000000  0.000000000000000  0.000000000000000  0.000000000000000  0.019640833976904  1.000000000000000  1.000000000000000 
27.0    V  0.109803808529795  0.000000000000000  0.042570563582515  0.000000000000000  0.000000000000000  0.028795755818709  0.000000000000000  0.172300644121954  0.000000000000000  0.345558051632146  0.036096430767300  0.000000000000000  0.000000000000000  0.000000000000000  0.000000000000000  0.025033433674676  0.009011606289531  0.230845577682349  0.000000000000000  0.000000000000000  0.706616821941365  0.047530586038782  0.245534898815848  0.241819082403483  0.758383772687221  0.655196701929182  0.345079338349157  0.020137103601328  0.455966582759885  0.478304079045937 
28.0    Y  0.021448194238358  0.000000000000000  0.000000000000000  0.000000000000000  0.043194756454018  0.296478624852737  0.012762015486094  0.000000000000000  0.000000000000000  0.024740183308477  0.018555619782397  0.010294374622923  0.000000000000000  0.015040538173465  0.044749023162536  0.113282742283417  0.000000000000000  0.028855697210294  0.000000000000000  0.370616752450709  0.915099168127928  0.006003418676906  0.078781461973937  0.166662334636400  0.833353207159218  0.000000000000000  1.000000000000000  0.028696130071904  0.500000000000000  0.264804583670969 
29.0    S  0.060412881066561  0.000000000000000  0.060371020557803  0.010438078737423  0.000000000000000  0.131487722400484  0.000000000000000  0.011280696840020  0.000000000000000  0.000000000000000  0.013340901787363  0.153254357506645  0.000000000000000  0.000000000000000  0.204050761537725  0.270931491711195  0.071495685825238  0.012940166583352  0.000000000000000  0.000000000000000  1.000000000000000  0.000000000000000  0.000000000000000  0.000000000000000  0.000000000000000  0.000000000000000  1.000000000000000  0.032240099353167  1.000000000000000  0.231647015472593 
30.0    A  0.084377374070172  0.000000000000000  0.000000000000000  0.000000000000000  0.011171757705951  0.176776695296637  0.015964376292411  0.000000000000000  0.025260027150174  0.091188771515011  0.000000000000000  0.000000000000000  0.342220953272960  0.000000000000000  0.034963659407366  0.192642777089602  0.015441963304699  0.009978232493714  0.000000000000000  0.000000000000000  0.951977908497532  0.000000000000000  0.048260945818237  1.000000000000000  0.000000000000000  0.091125586176036  0.908778116448520  0.031467360939272  0.488015880388112  0.231647015472593 
31.0    V  0.000000000000000  0.000000000000000  0.041897268486885  0.000000000000000  0.016630784100834  0.084670311092835  0.000000000000000  0.000000000000000  0.000000000000000  0.212568540016049  0.039609766313576  0.036701936600427  0.013387218043259  0.000000000000000  0.025826572442319  0.237500095718722  0.020053529649420  0.155286035223055  0.000000000000000  0.115903818304433  0.950000382874886  0.049928244778072  0.000000000000000  1.000000000000000  0.000000000000000  0.446892581178393  0.552865326660134  0.031818287492644  0.468460723436213  0.225938181687771 
32.0    S  0.032441852204471  0.000000000000000  0.000000000000000  0.000000000000000  0.000000000000000  0.000000000000000  0.020948634243443  0.025934205799687  0.023324662239015  0.070316155293051  0.000000000000000  0.045752677998301  0.212274061611710  0.018594245254792  0.000000000000000  0.329419987933535  0.208627320288852  0.012267626854275  0.000000000000000  0.000000000000000  1.000000000000000  0.000000000000000  0.000000000000000  0.000000000000000  0.000000000000000  0.000000000000000  1.000000000000000  0.026663315566002  1.000000000000000  0.321747311825318 
33.0    N  0.240148715988369  0.000000000000000  0.147113342152346  0.000000000000000  0.000000000000000  0.013564691056266  0.000000000000000  0.000000000000000  0.026700304402804  0.000000000000000  0.000000000000000  0.186726682139043  0.100411749594629  0.080772051914843  0.000000000000000  0.101461197622160  0.051510130309578  0.051617354058483  0.000000000000000  0.000000000000000  0.927230546435463  0.000000000000000  0.072644631719882  0.000000000000000  0.000000000000000  0.781869643128594  0.217939559884266  0.026663315566002  1.000000000000000  0.321747311825318 
34.0    T  0.140340177759201  0.000000000000000  0.093428078039684  0.018919266936727  0.000000000000000  0.000000000000000  0.000000000000000  0.000000000000000  0.081729459283547  0.012806321994336  0.000000000000000  0.035085044439800  0.029523345031163  0.057233355401133  0.092269650355177  0.354043859553636  0.061725053840336  0.022781396544009  0.000000000000000  0.000000000000000  0.980099415341871  0.019640833976904  0.000000000000000  0.250000000000000  0.750019494642909  0.000000000000000  1.000000000000000  0.012850782323632  0.483303048532487  0.420156876116641 
35.0    D  0.000000000000000  0.000000000000000  0.508387336645978  0.258099633870810  0.022828818414776  0.000000000000000  0.006470083291676  0.000000000000000  0.022781396544009  0.000000000000000  0.000000000000000  0.044316876114983  0.000000000000000  0.015040538173465  0.000000000000000  0.122088566120278  0.000000000000000  0.000000000000000  0.000000000000000  0.000000000000000  1.000000000000000  0.000000000000000  0.000000000000000  1.000000000000000  0.000000000000000  0.000000000000000  1.000000000000000  0.012850782323632  0.465870214652387  0.420156876116641 
36.0    L  0.026168952734638  0.000000000000000  0.022828818414776  0.024671683959392  0.000000000000000  0.000000000000000  0.000000000000000  0.009137403625406  0.000000000000000  0.659753955386447  0.099166730398893  0.000000000000000  0.022781396544009  0.047006367230897  0.000000000000000  0.013849714049920  0.016243428674614  0.058314561971050  0.000000000000000  0.000000000000000  1.000000000000000  0.000000000000000  0.000000000000000  0.000000000000000  0.000000000000000  1.000000000000000  0.000000000000000  0.012850782323632  1.000000000000000  0.420156876116641 
37.0    M  0.136691932185579  0.000000000000000  0.176776695296637  0.071594868623735  0.016851256745226  0.028577034046872  0.000000000000000  0.000000000000000  0.094797971585903  0.005758864130043  0.052738487258126  0.022297101651842  0.024433426347769  0.191976283712762  0.016642315678022  0.117196387057139  0.018607138271328  0.025085543397374  0.000000000000000  0.000000000000000  0.953298545288159  0.046778843337272  0.000000000000000  0.273005136436413  0.726986258660155  0.000000000000000  0.000000000000000  0.018620040227719  0.467163673441590  1.000000000000000 
38.0    D  0.077374393177340  0.000000000000000  0.180741536818218  0.025225033578274  0.010265872087104  0.050660319992832  0.000000000000000  0.049036506118547  0.049309177553279  0.000000000000000  0.000000000000000  0.064659223844932  0.018440224114628  0.055706905993561  0.026737344552581  0.217035056900261  0.063548417080747  0.111182374192237  0.000000000000000  0.000000000000000  1.000000000000000  0.000000000000000  0.000000000000000  0.000000000000000  0.000000000000000  0.000000000000000  0.000000000000000  0.018620040227719  1.000000000000000  1.000000000000000 
39.0    F  0.000000000000000  0.000000000000000  0.000000000000000  0.000000000000000  0.163119368461120  0.000000000000000  0.000000000000000  0.046617000834108  0.000000000000000  0.540362701019676  0.117196387057139  0.000000000000000  0.055822865772048  0.000000000000000  0.000000000000000  0.033749267494778  0.000000000000000  0.023601134149419  0.000000000000000  0.019709022012988  1.000000000000000  0.000000000000000  0.000000000000000  0.000000000000000  0.000000000000000  0.000000000000000  0.000000000000000  0.018620040227719  1.000000000000000  1.000000000000000 
40.0    K  0.008555097428075  0.000000000000000  0.000000000000000  0.090936292727172  0.000000000000000  0.000000000000000  0.000000000000000  0.000000000000000  0.489370825198718  0.000000000000000  0.000000000000000  0.011017952816284  0.025225033578274  0.141120550600766  0.148650889375340  0.068916822691807  0.016164805961233  0.000000000000000  0.000000000000000  0.000000000000000  1.000000000000000  0.000000000000000  0.000000000000000  0.000000000000000  0.000000000000000  0.000000000000000  0.000000000000000  0.018620040227719  1.000000000000000  1.000000000000000 
41.0    N  0.107842668067832  0.000000000000000  0.110490941382959  0.157562923947873  0.014427848605147  0.040358042196948  0.000000000000000  0.000000000000000  0.051331918797004  0.040751585476830  0.009718841041394  0.132402291835485  0.019709022012988  0.026278012976679  0.075362989230673  0.087960523457837  0.041263213781719  0.084611642440779  0.000000000000000  0.000000000000000  0.982820598545251  0.000000000000000  0.017133931071686  0.000000000000000  0.000000000000000  0.000000000000000  0.000000000000000  0.018620040227719  1.000000000000000  1.000000000000000 
42.0    L  0.000000000000000  0.000000000000000  0.000000000000000  0.000000000000000  0.017385158134138  0.000000000000000  0.000000000000000  0.037969899747032  0.000000000000000  0.788946840852465  0.000000000000000  0.000000000000000  0.056641371141708  0.033330805650993  0.025225033578274  0.000000000000000  0.000000000000000  0.040638754579640  0.000000000000000  0.000000000000000  0.977385766410805  0.000000000000000  0.022655419263732  0.000000000000000  0.000000000000000  0.000000000000000  1.000000000000000  0.018932385319223  1.000000000000000  0.470413053756894 
43.0    L  0.000000000000000  0.000000000000000  0.000000000000000  0.000000000000000  0.000000000000000  0.000000000000000  0.000000000000000  0.069975805540890  0.000000000000000  0.833353207159218  0.000000000000000  0.000000000000000  0.037551126547714  0.017349044275447  0.016142412307565  0.025630403474898  0.000000000000000  0.000000000000000  0.000000000000000  0.000000000000000  0.745872013345733  0.231968369117821  0.021914050791288  1.000000000000000  0.000000000000000  0.317537745634697  0.682546858942583  0.019777446780786  0.283417353194606  0.451876363375543 
44.0    D  0.000000000000000  0.000000000000000  0.285586561712136  0.398044049389390  0.000000000000000  0.041897268486885  0.080047491333111  0.000000000000000  0.025277542136304  0.000000000000000  0.025382887386132  0.016142412307565  0.000000000000000  0.074998211398326  0.020890632740705  0.031686233743438  0.000000000000000  0.000000000000000  0.000000000000000  0.000000000000000  1.000000000000000  0.000000000000000  0.000000000000000  0.000000000000000  0.000000000000000  0.000000000000000  1.000000000000000  0.019397304555096  1.000000000000000  0.451250363731215 
45.0    H  0.000000000000000  0.000000000000000  0.000000000000000  0.237500095718722  0.000000000000000  0.016164805961233  0.095523532547823  0.000000000000000  0.021929245719361  0.058435949859466  0.000000000000000  0.021747599872361  0.000000000000000  0.035624164771671  0.512989072668570  0.000000000000000  0.000000000000000  0.000000000000000  0.000000000000000  0.000000000000000  1.000000000000000  0.000000000000000  0.000000000000000  0.000000000000000  0.000000000000000  0.321970407377456  0.677832163400000  0.019397304555096  1.000000000000000  0.451250363731215 
46.0    L  0.022655419263732  0.000000000000000  0.000000000000000  0.000000000000000  0.095722374818399  0.000000000000000  0.000000000000000  0.031995215638389  0.000000000000000  0.670356295790168  0.000000000000000  0.000000000000000  0.024569290379385  0.000000000000000  0.000000000000000  0.073914437515259  0.000000000000000  0.011218316489246  0.000000000000000  0.069492447344819  0.959929261038908  0.040134869030920  0.000000000000000  1.000000000000000  0.000000000000000  0.000000000000000  1.000000000000000  0.018932385319223  0.439519780455894  0.470413053756894 
47.0    E  0.104748391833494  0.000000000000000  0.037188490509584  0.548665968789621  0.015145153389610  0.058638824781292  0.000000000000000  0.000000000000000  0.013754047086924  0.000000000000000  0.000000000000000  0.000000000000000  0.000000000000000  0.069492447344819  0.097260647069427  0.055016188347697  0.000000000000000  0.000000000000000  0.000000000000000  0.000000000000000  1.000000000000000  0.000000000000000  0.000000000000000  0.000000000000000  0.000000000000000  0.639936206922154  0.359982829628671  0.019170077769591  1.000000000000000  0.403041415746484 
48.0    E  0.012516716837338  0.000000000000000  0.280680355518402  0.450937689191125  0.000000000000000  0.045122787360078  0.053623158151793  0.000000000000000  0.022390025787080  0.000000000000000  0.000000000000000  0.012595044242078  0.035182455816774  0.016322433794754  0.011125392153102  0.044718016250716  0.000000000000000  0.014731008373722  0.000000000000000  0.000000000000000  0.915099168127928  0.040134869030920  0.045029054651185  0.572362080299342  0.427797512841301  0.000000000000000  1.000000000000000  0.018932385319223  0.417543959714185  0.470413053756894 
49.0    K  0.084377374070172  0.000000000000000  0.000000000000000  0.000000000000000  0.062370169937441  0.000000000000000  0.000000000000000  0.033609199701793  0.315563008028029  0.020347565462016  0.000000000000000  0.020731955321831  0.026589491547079  0.000000000000000  0.111645731544095  0.139274206352417  0.077053270341488  0.000000000000000  0.000000000000000  0.108517528450130  0.984866442895551  0.000000000000000  0.015314053364717  0.000000000000000  0.000000000000000  0.269433286260918  0.730522189272838  0.020731955321831  1.000000000000000  0.424253950852948 
50.0    M  0.021123606766064  0.000000000000000  0.000000000000000  0.011296346051139  0.076362068854594  0.000000000000000  0.000000000000000  0.088695209762524  0.000000000000000  0.365261094636419  0.084143754329799  0.000000000000000  0.011079219028746  0.016254691664406  0.014588749139302  0.043858491438721  0.000000000000000  0.232451235653290  0.000000000000000  0.034963659407366  0.927873476471283  0.007365504186861  0.064973714698455  0.142892291926755  0.857376036634172  0.153893051668115  0.846158596600290  0.020746330599726  0.493458272942921  0.435275281648062 
51.0    P  0.239816029831316  0.000000000000000  0.024231037698344  0.072092850316251  0.000000000000000  0.054522669110672  0.000000000000000  0.000000000000000  0.000000000000000  0.020263118041422  0.000000000000000  0.015484836926001  0.196146024474188  0.000000000000000  0.000000000000000  0.294839148065304  0.055054335882936  0.027565355162412  0.000000000000000  0.000000000000000  0.896888159662015  0.000000000000000  0.103377921055408  0.000000000000000  0.000000000000000  0.283810525536516  0.715984370600572  0.021537580515244  1.000000000000000  0.371130892657262 
52.0    V  0.131852789633508  0.000000000000000  0.000000000000000  0.279903222163560  0.008674522137724  0.015657525079369  0.027469986278493  0.012482061194518  0.000000000000000  0.137833645383614  0.020789516266886  0.000000000000000  0.000000000000000  0.000000000000000  0.010635266535152  0.242658617442387  0.040190546357206  0.071843428002167  0.000000000000000  0.000000000000000  0.946057646725596  0.000000000000000  0.053772039413215  0.000000000000000  0.000000000000000  0.107246316303586  0.892546971472977  0.020963159763785  1.000000000000000  0.285388676781693 
53.0    E  0.021226348196077  0.000000000000000  0.062803988776487  0.349169633116849  0.000000000000000  0.074068298183849  0.000000000000000  0.057751410777926  0.000000000000000  0.154213396226187  0.115262889739079  0.051189793616239  0.009466192659611  0.089312133733818  0.000000000000000  0.000000000000000  0.015657525079369  0.000000000000000  0.000000000000000  0.000000000000000  0.978063473447339  0.012327294388320  0.009558500321343  0.322640622612945  0.677362488742684  0.244177132240557  0.755759964158113  0.022702578899553  0.485317234884773  0.273005136436413 
54.0    D  0.034506213973847  0.000000000000000  0.176899270040832  0.415235012045447  0.000000000000000  0.086749544938474  0.000000000000000  0.000000000000000  0.000000000000000  0.009943710431843  0.010791206626124  0.025172634095273  0.000000000000000  0.164938488846612  0.027776333786455  0.037733768483953  0.010401965728409  0.000000000000000  0.000000000000000  0.000000000000000  0.900625979847929  0.008275143239718  0.091315273659105  1.000000000000000  0.000000000000000  0.875391329694264  0.124567532853483  0.020361674208801  0.500000000000000  0.307999518361439 
55.0    E  0.278355404557172  0.000000000000000  0.066754088002991  0.257028456664017  0.000000000000000  0.033169475279681  0.000000000000000  0.000000000000000  0.000000000000000  0.034031156729253  0.010272990314102  0.061596833558711  0.055706905993561  0.027641888604111  0.032262454233851  0.112344390826379  0.015040538173465  0.015592542484360  0.000000000000000  0.000000000000000  0.969289816935065  0.000000000000000  0.030883926609398  0.000000000000000  0.000000000000000  0.337977708257031  0.662044455197699  0.023243965038039  1.000000000000000  0.395568650592725 
56.0    V  0.113912660079643  0.000000000000000  0.045029054651185  0.270181350509838  0.000000000000000  0.067968024428430  0.024620433939042  0.000000000000000  0.000000000000000  0.117034030929312  0.047960815500028  0.034291623049351  0.000000000000000  0.054409410206008  0.000000000000000  0.037759932605936  0.026241609154504  0.160650792183672  0.000000000000000  0.000000000000000  0.819036697859828  0.000000000000000  0.180741536818218  0.000000000000000  0.000000000000000  0.255253031426798  0.744838731561351  0.022781396544009  1.000000000000000  0.403880388804804 
57.0    M  0.160205990520024  0.000000000000000  0.109651693591603  0.207186226121998  0.000000000000000  0.031185084968720  0.017738157846032  0.000000000000000  0.000000000000000  0.028596849003998  0.065698306817982  0.065972107352373  0.038687196588670  0.016827912128016  0.035723072981689  0.000000000000000  0.013782677581206  0.208771979857092  0.000000000000000  0.000000000000000  1.000000000000000  0.000000000000000  0.000000000000000  0.000000000000000  0.000000000000000  0.000000000000000  1.000000000000000  0.026607928367155  1.000000000000000  0.291183396617114 
58.0    P  0.077106698113094  0.000000000000000  0.054636163775648  0.170046356550744  0.000000000000000  0.031163476604752  0.000000000000000  0.000000000000000  0.000000000000000  0.052084575447451  0.000000000000000  0.023864335905636  0.299784978447778  0.140534865472327  0.046423528770651  0.045943354262158  0.040246300922182  0.018060729789919  0.000000000000000  0.000000000000000  1.000000000000000  0.000000000000000  0.000000000000000  0.000000000000000  0.000000000000000  0.000000000000000  1.000000000000000  0.026607928367155  1.000000000000000  0.291183396617114 
59.0    P  0.192642777089602  0.000000000000000  0.048027349415250  0.122682382981685  0.000000000000000  0.082927821287323  0.016968466505036  0.000000000000000  0.064883704408941  0.028596849003998  0.000000000000000  0.034363004666080  0.081164912670618  0.073760896458513  0.030039404012149  0.130398574191232  0.000000000000000  0.043676467870346  0.000000000000000  0.049790006017849  1.000000000000000  0.000000000000000  0.000000000000000  0.000000000000000  0.000000000000000  0.000000000000000  1.000000000000000  0.026607928367155  1.000000000000000  0.291183396617114 
60.0    Q  0.035946621667206  0.000000000000000  0.090936292727172  0.164709993966768  0.000000000000000  0.081052472165688  0.000000000000000  0.000000000000000  0.050871449066902  0.016030908520893  0.000000000000000  0.031401994388243  0.063724855187387  0.337977708257031  0.032849153408991  0.017193415771346  0.030543305200338  0.046714039019842  0.000000000000000  0.000000000000000  0.929160674250913  0.028596849003998  0.042247213532129  1.000000000000000  0.000000000000000  0.000000000000000  1.000000000000000  0.026607928367155  0.488015880388112  0.291183396617114 
61.0    A  0.061767853218796  0.000000000000000  0.260255399421028  0.185051662250006  0.000000000000000  0.055822865772048  0.000000000000000  0.038606832410217  0.012166010797838  0.000000000000000  0.021270533070304  0.084905392784309  0.110951417158687  0.000000000000000  0.000000000000000  0.017973310833603  0.017849160107009  0.085495956493906  0.000000000000000  0.047828024056958  0.912565488543452  0.069588851139293  0.017973310833603  0.162667731930242  0.837406487508427  0.000000000000000  1.000000000000000  0.027431931175297  0.439519780455894  0.268315071598363 
62.0    L  0.094273754792911  0.000000000000000  0.030437633391976  0.048027349415250  0.011156281091290  0.045943354262158  0.000000000000000  0.031950891581560  0.000000000000000  0.318861097919636  0.031774208540374  0.000000000000000  0.200823499189258  0.016723260912916  0.000000000000000  0.078400137782562  0.016108879981169  0.031358492140922  0.000000000000000  0.044102370106522  1.000000000000000  0.000000000000000  0.000000000000000  0.000000000000000  0.000000000000000  0.000000000000000  1.000000000000000  0.029935475569459  1.000000000000000  0.226722582233286 
63.0    S  0.063990431276778  0.000000000000000  0.069396177101790  0.231486505631831  0.065652784000672  0.036625696364829  0.000000000000000  0.023292349793733  0.049721030234682  0.020617311105826  0.000000000000000  0.039281667953807  0.016676958406874  0.074222479129588  0.009284243008257  0.202500868408011  0.000000000000000  0.097193254485320  0.000000000000000  0.000000000000000  0.805524291048750  0.059087632296921  0.135465745855598  0.500000000000000  0.500000000000000  0.000000000000000  1.000000000000000  0.029935475569459  0.467811748915700  0.226722582233286 
64.0    E  0.205470046823713  0.000000000000000  0.010322956294205  0.224688781652757  0.000000000000000  0.031163476604752  0.000000000000000  0.000000000000000  0.000000000000000  0.038606832410217  0.035036439938391  0.093492859897649  0.181494784987987  0.000000000000000  0.084377374070172  0.051904376505681  0.000000000000000  0.043314683926575  0.000000000000000  0.000000000000000  0.851453707748945  0.000000000000000  0.148342099707066  0.000000000000000  0.000000000000000  0.632878296985140  0.367292158319577  0.034650020112596  1.000000000000000  0.187764990867616 
65.0    Q  0.089995707407168  0.000000000000000  0.248789930455021  0.082985322398902  0.000000000000000  0.025988190574216  0.000000000000000  0.000000000000000  0.010605820155313  0.031973045929201  0.000000000000000  0.000000000000000  0.012753172596108  0.322640622612945  0.063504383937106  0.077213664820433  0.000000000000000  0.015854102290326  0.000000000000000  0.017762765206813  0.953298545288159  0.000000000000000  0.047006367230897  0.000000000000000  0.000000000000000  0.000000000000000  1.000000000000000  0.029543816148461  1.000000000000000  0.283417353194606 
66.0    T  0.079825859949712  0.000000000000000  0.113125807860363  0.095391200560035  0.000000000000000  0.000000000000000  0.000000000000000  0.000000000000000  0.000000000000000  0.051154323849425  0.033702513490452  0.244855074396732  0.000000000000000  0.022671128247409  0.000000000000000  0.082240907814313  0.079494562921473  0.017098339082199  0.000000000000000  0.180366085857704  0.836826242683391  0.000000000000000  0.163006341907320  0.000000000000000  0.000000000000000  0.000000000000000  1.000000000000000  0.031467360939272  1.000000000000000  0.257563488405019 
67.0    E  0.009525430422471  0.000000000000000  0.171347850622463  0.314689293376214  0.034842694335241  0.000000000000000  0.000000000000000  0.020861692238999  0.000000000000000  0.076521024525013  0.027035521580781  0.070854338298651  0.041897268486885  0.072997962163320  0.000000000000000  0.028242272710971  0.000000000000000  0.040414029121484  0.000000000000000  0.090684512989636  0.890075733252496  0.039363436873356  0.070854338298651  0.500000000000000  0.500000000000000  0.059128602920350  0.940826107513788  0.037085524926767  0.483303048532487  0.198196034152571 
68.0    E  0.030101934188130  0.000000000000000  0.218090676442690  0.376572616658453  0.000000000000000  0.045279442329840  0.000000000000000  0.019249969897590  0.028086097706595  0.028955876934074  0.000000000000000  0.139854637629464  0.000000000000000  0.000000000000000  0.000000000000000  0.035329080222643  0.000000000000000  0.056680645558321  0.000000000000000  0.021657341963288  0.967947026893737  0.000000000000000  0.032374461361251  0.000000000000000  0.000000000000000  0.040246300922182  0.959929261038908  0.037473122305972  1.000000000000000  0.189727406621757 
69.0    A  0.320634150690562  0.000000000000000  0.045122787360078  0.078345813777543  0.000000000000000  0.000000000000000  0.000000000000000  0.031598502526603  0.020474896935287  0.000000000000000  0.050871449066902  0.024315161767357  0.066063627535086  0.030500992524257  0.053623158151793  0.065425642623411  0.116306207212877  0.096856991369896  0.000000000000000  0.000000000000000  0.989656656415207  0.010202029586632  0.000000000000000  1.000000000000000  0.000000000000000  0.301870147871624  0.698339266233699  0.036524289017539  0.500000000000000  0.189202099121197 
70.0    G  0.123792858991628  0.000000000000000  0.023699492896476  0.072092850316251  0.000000000000000  0.121077273653328  0.000000000000000  0.034196678164398  0.055668306287918  0.064704057740086  0.017836792298856  0.175069540110901  0.101954686667376  0.034078366645789  0.000000000000000  0.044041273598188  0.099511012347347  0.032307210507749  0.000000000000000  0.000000000000000  0.968618189226628  0.031336763621909  0.000000000000000  0.166662334636400  0.833353207159218  0.210515738402104  0.789493886700555  0.027661055143111  0.486664687079119  0.251215955105946 
71.0    A  0.223911417522712  0.000000000000000  0.160650792183672  0.038929294236546  0.000000000000000  0.037551126547714  0.000000000000000  0.000000000000000  0.000000000000000  0.013574096642978  0.017181502333040  0.016827912128016  0.193848301586751  0.080381092714413  0.063240825064183  0.045911519789947  0.029708096913432  0.047464740306704  0.000000000000000  0.030905341136904  0.944747040997206  0.000000000000000  0.055245470691479  0.000000000000000  0.000000000000000  0.351842093831349  0.648419777325505  0.026589491547079  1.000000000000000  0.290175978595930 
72.0    A  0.185308376225354  0.000000000000000  0.138408073060536  0.133600748901376  0.000000000000000  0.071198961076382  0.000000000000000  0.000000000000000  0.009854511006494  0.015092755139451  0.027016788478371  0.010012874407502  0.073863221683398  0.028027754989438  0.016630784100834  0.195331970043079  0.073454770526236  0.022173802440631  0.000000000000000  0.000000000000000  0.852044095074866  0.016019800592009  0.131761427911342  1.000000000000000  0.000000000000000  0.328052813647990  0.671751712860648  0.025970183174801  0.498270131413934  0.318198733818986 
73.0    L  0.047927583114784  0.000000000000000  0.027393928791126  0.155933196489256  0.052192994964273  0.000000000000000  0.000000000000000  0.016356410655853  0.000000000000000  0.380244688310252  0.041781265481410  0.000000000000000  0.077106698113094  0.052811649025782  0.000000000000000  0.071843428002167  0.014367969471120  0.062068280964815  0.000000000000000  0.000000000000000  0.943438250895360  0.056719947207323  0.000000000000000  0.237171078785113  0.763129604480280  0.199851457588118  0.799960128332753  0.027054267672489  0.446273485736488  0.279128240495643 
74.0    S  0.014720801154763  0.000000000000000  0.176165094392752  0.352818960852173  0.026042287723726  0.049172652834598  0.000000000000000  0.000000000000000  0.039830019603727  0.013443009853304  0.000000000000000  0.042985681816867  0.000000000000000  0.060538636826664  0.063284675459406  0.119244943818445  0.011678509754960  0.029997789407466  0.000000000000000  0.000000000000000  0.986232704493359  0.000000000000000  0.013583508751407  0.000000000000000  0.000000000000000  0.210661707375788  0.789493886700555  0.025435724533451  1.000000000000000  0.313817997820661 
75.0    S  0.071644511608024  0.000000000000000  0.156366135014158  0.059705183523902  0.000000000000000  0.014741222670240  0.015261070765035  0.026700304402804  0.017973310833603  0.000000000000000  0.000000000000000  0.043314683926575  0.267757705797864  0.177144674563527  0.015986522964601  0.095722374818399  0.023019495090883  0.014710601008456  0.000000000000000  0.000000000000000  0.957271458195298  0.000000000000000  0.042807280623924  0.000000000000000  0.000000000000000  0.000000000000000  1.000000000000000  0.024214247842474  1.000000000000000  0.338446569763115 
76.0    L  0.091505355996602  0.000000000000000  0.026552656223083  0.074842419038683  0.030290306779221  0.051510130309578  0.000000000000000  0.023292349793733  0.011581773514085  0.334018519597525  0.000000000000000  0.000000000000000  0.032284824615129  0.031271668358206  0.045091521464426  0.215088157652860  0.000000000000000  0.032554482156507  0.000000000000000  0.000000000000000  0.923382310729395  0.000000000000000  0.076680311078363  0.000000000000000  0.000000000000000  0.497924876547229  0.502083771619487  0.024348893114391  1.000000000000000  0.309926924984747 
77.0    P  0.024264652343782  0.000000000000000  0.192642777089602  0.114228931278675  0.000000000000000  0.033446521825832  0.010664794670978  0.000000000000000  0.015722778492153  0.076733480244691  0.000000000000000  0.059128602920350  0.075677067746910  0.203909373334752  0.046714039019842  0.099649059567567  0.026718818059124  0.020574483157176  0.000000000000000  0.000000000000000  0.934327346883180  0.019343598294335  0.046391361582158  0.250000000000000  0.750019494642909  0.000000000000000  1.000000000000000  0.024826075003003  0.492433221447775  0.346517471412604 
78.0    E  0.143189737247470  0.000000000000000  0.011981895778696  0.218090676442690  0.013946046429265  0.011414409207388  0.000000000000000  0.036549614501623  0.069204036530268  0.096455010941183  0.014802657353114  0.000000000000000  0.110032376695394  0.090810315598211  0.048562954299003  0.041897268486885  0.057114465639338  0.011990203875007  0.000000000000000  0.023897441841918  0.868742185150623  0.000000000000000  0.131305568001344  0.000000000000000  0.000000000000000  0.203909373334752  0.796088098778780  0.027261334555336  1.000000000000000  0.316439148492570 
79.0    V  0.074222479129588  0.000000000000000  0.124481219136807  0.142892291926755  0.000000000000000  0.122088566120278  0.000000000000000  0.022971677131079  0.000000000000000  0.061044283060139  0.000000000000000  0.000000000000000  0.027054267672489  0.044194173824159  0.000000000000000  0.213750544472993  0.000000000000000  0.167356907122305  0.000000000000000  0.000000000000000  1.000000000000000  0.000000000000000  0.000000000000000  1.000000000000000  0.000000000000000  0.144586022988161  0.855595025682602  0.028735938942239  0.488015880388112  0.266646445207941 
80.0    P  0.030416542942445  0.000000000000000  0.000000000000000  0.021050524638526  0.000000000000000  0.000000000000000  0.059498619281096  0.035971546603993  0.000000000000000  0.119741902277837  0.000000000000000  0.014639397607382  0.371130892657262  0.213454428597811  0.068488235402981  0.051189793616239  0.014288517023436  0.000000000000000  0.000000000000000  0.000000000000000  1.000000000000000  0.000000000000000  0.000000000000000  0.000000000000000  0.000000000000000  0.000000000000000  1.000000000000000  0.027527167941468  1.000000000000000  0.291789525454617 
81.0    P  0.012542771698687  0.000000000000000  0.038366740122346  0.047861187409199  0.000000000000000  0.188025468923586  0.020789516266886  0.000000000000000  0.000000000000000  0.028399316139016  0.000000000000000  0.000000000000000  0.272060610417701  0.050730598811080  0.092461719328052  0.198058702731242  0.050800975124020  0.000000000000000  0.000000000000000  0.000000000000000  0.969961910341735  0.030248344590429  0.000000000000000  0.076946525834057  0.923382310729395  0.152406886759538  0.847332434946118  0.027527167941468  0.488015880388112  0.291789525454617 
82.0    W  0.076839929203411  0.000000000000000  0.043615961378818  0.028261855548784  0.000000000000000  0.000000000000000  0.000000000000000  0.000000000000000  0.000000000000000  0.079494562921473  0.014854048456716  0.021403640311962  0.092141826080694  0.069540632536552  0.013955716443012  0.000000000000000  0.000000000000000  0.000000000000000  0.559806444327120  0.000000000000000  1.000000000000000  0.000000000000000  0.000000000000000  0.000000000000000  0.000000000000000  0.191179534735346  0.808881348361739  0.027680234971949  1.000000000000000  0.302079460847486 
83.0    T  0.076150641479699  0.000000000000000  0.196282029668393  0.056641371141708  0.000000000000000  0.026848773592100  0.000000000000000  0.021990130864459  0.028716027608720  0.047794883683837  0.000000000000000  0.086210057614191  0.047497651762547  0.000000000000000  0.000000000000000  0.094535499830248  0.280485870132621  0.020876157474845  0.000000000000000  0.016108879981169  1.000000000000000  0.000000000000000  0.000000000000000  0.000000000000000  0.000000000000000  0.000000000000000  1.000000000000000  0.026096497482137  1.000000000000000  0.333324669272800 
84.0    G  0.040808118346529  0.000000000000000  0.102166916061035  0.068726009332159  0.000000000000000  0.245534898815848  0.016086563803656  0.000000000000000  0.065108964313014  0.072795849154279  0.000000000000000  0.000000000000000  0.011390698272005  0.030227385300435  0.274523203446762  0.046102858033839  0.026387527731993  0.000000000000000  0.000000000000000  0.000000000000000  0.937571096457110  0.062586703481958  0.000000000000000  1.000000000000000  0.000000000000000  0.000000000000000  1.000000000000000  0.026096497482137  0.439519780455894  0.333324669272800 
85.0    E  0.083042863381032  0.000000000000000  0.118093380124651  0.386087566545892  0.000000000000000  0.037136972033029  0.000000000000000  0.000000000000000  0.023765293019391  0.079384436408674  0.025155191800660  0.074998211398326  0.025826572442319  0.030991147835572  0.015679246070461  0.009525430422471  0.036322315859941  0.053846634982001  0.000000000000000  0.000000000000000  0.854409740889733  0.109196611989587  0.036372704200067  0.072594295745358  0.927230546435463  0.641268301381124  0.358737383651676  0.027776333786455  0.335410556220565  0.287971910587339 
86.0    V  0.161656116485936  0.000000000000000  0.118832387653727  0.092077980363530  0.015314053364717  0.046007089442756  0.000000000000000  0.000000000000000  0.043555538708983  0.052084575447451  0.000000000000000  0.027374947345848  0.052921582022658  0.080884103405178  0.067592172717726  0.082812938565325  0.018581361171918  0.128069602879100  0.000000000000000  0.012370091654239  0.773782496771195  0.050555084272609  0.175799149989140  0.109956134490304  0.890075733252496  0.251390145099617  0.748461493396346  0.025488671666844  0.465870214652387  0.386891248385597 
87.0    N  0.172539669174579  0.000000000000000  0.013527133836245  0.328280281356038  0.017301009132567  0.043374772469237  0.028086097706595  0.016992006107108  0.047202268298838  0.043465061615937  0.000000000000000  0.090684512989636  0.056798632278033  0.027527167941468  0.026607928367155  0.052665426843947  0.024332021595677  0.010598471308185  0.000000000000000  0.000000000000000  0.975355461527642  0.000000000000000  0.024705909893873  0.125000000000000  0.874784764905822  0.195331970043079  0.804408370941916  0.030883926609398  0.488015880388112  0.279321784518055 
88.0    P  0.140242935066311  0.000000000000000  0.058679484207216  0.121750533567905  0.000000000000000  0.079494562921473  0.000000000000000  0.000000000000000  0.049036506118547  0.018300159081544  0.000000000000000  0.000000000000000  0.344123900397674  0.028996046139728  0.084729020425000  0.028222703442244  0.046423528770651  0.000000000000000  0.000000000000000  0.000000000000000  0.965936328924846  0.000000000000000  0.034054753506667  0.000000000000000  0.000000000000000  0.000000000000000  1.000000000000000  0.028996046139728  1.000000000000000  0.304602565918798 
89.0    P  0.189333289484622  0.000000000000000  0.078400137782562  0.151144459479170  0.013331657783001  0.000000000000000  0.000000000000000  0.000000000000000  0.076627178753322  0.000000000000000  0.017086491523197  0.060412881066561  0.188025468923586  0.062716984281844  0.054901904264898  0.050625217102003  0.025347723611783  0.032173127607312  0.000000000000000  0.000000000000000  0.942131273904809  0.057911753868148  0.000000000000000  0.105843164045316  0.894404901782606  0.000000000000000  1.000000000000000  0.029543816148461  0.467811748915700  0.287174588749259 
90.0    L  0.106063487713237  0.000000000000000  0.000000000000000  0.092205716067677  0.000000000000000  0.123279088061670  0.000000000000000  0.090058109302370  0.022219959540426  0.028497911422493  0.025347723611783  0.000000000000000  0.132402291835485  0.226094844390272  0.073863221683398  0.013048248741068  0.050240686921447  0.016665402825496  0.000000000000000  0.000000000000000  0.959264119325264  0.025880333166705  0.015113692650218  0.250000000000000  0.750019494642909  0.839731492944140  0.159984051730538  0.029543816148461  0.485317234884773  0.287174588749259 
91.0    R  0.077589218220382  0.000000000000000  0.094339123032535  0.048327896090957  0.024895003008924  0.031862427593693  0.015103220266640  0.031423768137452  0.008924580053504  0.053660339777360  0.000000000000000  0.000000000000000  0.021448194238358  0.091695834010458  0.369590607818461  0.042423280621250  0.020193012978711  0.059705183523902  0.000000000000000  0.008838394240984  0.875391329694264  0.000000000000000  0.124567532853483  0.000000000000000  0.000000000000000  0.475000191437443  0.524858341811534  0.021883692513863  1.000000000000000  0.451876363375543 
92.0    D  0.013340901787363  0.000000000000000  0.184667257947820  0.152512563784028  0.063990431276778  0.028281451965091  0.000000000000000  0.047497651762547  0.049411819787746  0.145692649766820  0.055629733328281  0.037085524926767  0.095589767367673  0.015314053364717  0.028478165019911  0.000000000000000  0.007872295003207  0.024671683959392  0.029708096913432  0.020305297850866  0.692074858025740  0.000000000000000  0.307999518361439  0.000000000000000  0.000000000000000  0.000000000000000  1.000000000000000  0.025435724533451  1.000000000000000  0.345318612035964 
93.0    G  0.059210629412454  0.000000000000000  0.000000000000000  0.028301061969307  0.000000000000000  0.276049711790773  0.000000000000000  0.131578894338680  0.027737854289672  0.078617810739751  0.016120049676584  0.084670311092835  0.097463105326415  0.085733330536912  0.000000000000000  0.069444295540943  0.023568438698228  0.021448194238358  0.000000000000000  0.000000000000000  0.927230546435463  0.000000000000000  0.072493728406590  0.000000000000000  0.000000000000000  0.055437269072009  0.944747040997206  0.035921714001084  1.000000000000000  0.188809073195353 
94.0    S  0.184411432135355  0.000000000000000  0.040302132832996  0.054447137008891  0.000000000000000  0.146502785459314  0.000000000000000  0.078237278665875  0.000000000000000  0.080548414405313  0.069396177101790  0.000000000000000  0.131852789633508  0.021792869786725  0.036372704200067  0.085200162955157  0.059046690062325  0.011841535675862  0.000000000000000  0.000000000000000  0.958599438492977  0.000000000000000  0.041263213781719  0.000000000000000  0.000000000000000  0.041926319527571  0.957935218222696  0.035946621667206  1.000000000000000  0.181872585454345 
95.0    A  0.398872619904516  0.000000000000000  0.021094343517543  0.000000000000000  0.000000000000000  0.104169150894902  0.022483337187669  0.027318081887824  0.021448194238358  0.069975805540890  0.000000000000000  0.024163948045479  0.122767449407924  0.000000000000000  0.000000000000000  0.145591698308557  0.010496120513448  0.031489180012828  0.000000000000000  0.000000000000000  0.874784764905822  0.000000000000000  0.125086673432823  0.000000000000000  0.000000000000000  0.073760896458513  0.925946022527324  0.037085524926767  1.000000000000000  0.179244406001978 
96.0    L  0.074119656213184  0.000000000000000  0.127361399577090  0.084435880283477  0.051118878659861  0.052301640167712  0.000000000000000  0.031489180012828  0.000000000000000  0.225781627537956  0.000000000000000  0.034770316268276  0.017241152188156  0.000000000000000  0.028027754989438  0.041463910643661  0.088818252698835  0.000000000000000  0.000000000000000  0.143090520074836  0.956608158091874  0.000000000000000  0.043284670878466  0.000000000000000  0.000000000000000  0.029197729590099  0.970634469769547  0.041839226780576  1.000000000000000  0.165052855126875 
97.0    G  0.022219959540426  0.000000000000000  0.000000000000000  0.000000000000000  0.031055659166330  0.321078952247356  0.000000000000000  0.000000000000000  0.023260082111977  0.025898278265250  0.000000000000000  0.164938488846612  0.028008334361544  0.091695834010458  0.135465745855598  0.090999346812443  0.021582413252248  0.022436632978491  0.000000000000000  0.021300040738789  0.866336856400087  0.000000000000000  0.133971682817037  0.000000000000000  0.000000000000000  0.144485838319350  0.855595025682602  0.043676467870346  1.000000000000000  0.161320311306472 
98.0    R  0.022749836703111  0.000000000000000  0.017397212784823  0.000000000000000  0.000000000000000  0.000000000000000  0.043858491438721  0.070609200910633  0.060120465916548  0.028596849003998  0.000000000000000  0.000000000000000  0.121581868426536  0.026024242840017  0.413798408039103  0.162329825341235  0.000000000000000  0.000000000000000  0.000000000000000  0.032963197408377  0.824733548610081  0.039172906888772  0.135936048856860  0.099995016041594  0.900001929793512  0.000000000000000  1.000000000000000  0.041521431690516  0.488015880388112  0.160539476123678 
99.0    S  0.078237278665875  0.000000000000000  0.037214276542655  0.105184935285673  0.000000000000000  0.264437740904607  0.000000000000000  0.037421209519342  0.055360469943898  0.026552656223083  0.000000000000000  0.021657341963288  0.143189737247470  0.075415244982548  0.000000000000000  0.140145759753564  0.015113692650218  0.000000000000000  0.000000000000000  0.000000000000000  0.890692900606681  0.045752677998301  0.063240825064183  1.000000000000000  0.000000000000000  0.169106028881284  0.831045861593648  0.051940366349603  0.486664687079119  0.138408073060536 
100.0    P  0.029605314706227  0.000000000000000  0.017640068825096  0.000000000000000  0.000000000000000  0.000000000000000  0.000000000000000  0.023147496844068  0.018325546081748  0.070854338298651  0.000000000000000  0.038499939795180  0.471719125447680  0.000000000000000  0.000000000000000  0.118339203904589  0.135747732040287  0.019998006466317  0.000000000000000  0.056211144509235  0.687294347786015  0.000000000000000  0.312949114663499  0.000000000000000  0.000000000000000  0.050485048600601  0.949342120950519  0.040218413978165  1.000000000000000  0.159873197659679 
101.0    W  0.074790560201920  0.000000000000000  0.056484545421943  0.035255691795516  0.136219014026666  0.000000000000000  0.000000000000000  0.050765774772265  0.000000000000000  0.045091521464426  0.000000000000000  0.000000000000000  0.124826833262629  0.041263213781719  0.000000000000000  0.068109507013333  0.000000000000000  0.000000000000000  0.367292158319577  0.000000000000000  0.807201074504765  0.000000000000000  0.192642777089602  0.000000000000000  0.000000000000000  0.039830019603727  0.959929261038908  0.058557590429527  1.000000000000000  0.122512426917734 
102.0    D  0.229251010801168  0.000000000000000  0.217336140022505  0.291991848653279  0.000000000000000  0.027834153143959  0.000000000000000  0.000000000000000  0.000000000000000  0.000000000000000  0.000000000000000  0.000000000000000  0.000000000000000  0.028222703442244  0.029543816148461  0.000000000000000  0.027930786323650  0.148033951481704  0.000000000000000  0.000000000000000  0.792234810924969  0.207617506022724  0.000000000000000  0.813943185070435  0.186209682890338  0.000000000000000  1.000000000000000  0.076150641479699  0.444729496768949  0.110951417158687 
103.0    P  0.092461719328052  0.000000000000000  0.057791454882106  0.000000000000000  0.000000000000000  0.282436803642531  0.000000000000000  0.000000000000000  0.000000000000000  0.068535724286743  0.000000000000000  0.048799155787962  0.050205874797315  0.215834889643603  0.000000000000000  0.122852574818156  0.061044283060139  0.000000000000000  0.000000000000000  0.000000000000000  0.982820598545251  0.000000000000000  0.017229205672952  0.000000000000000  0.000000000000000  0.403041415746484  0.597081593537295  0.075467536967906  1.000000000000000  0.110951417158687 
104.0    S  0.060203868376259  0.000000000000000  0.000000000000000  0.048327896090957  0.023067412588794  0.113047422195136  0.109045338221345  0.000000000000000  0.000000000000000  0.039118639332937  0.000000000000000  0.000000000000000  0.209351621877107  0.076415017355754  0.042393885232740  0.207186226121998  0.000000000000000  0.000000000000000  0.000000000000000  0.071843428002167  0.944092419150250  0.000000000000000  0.055939066932998  0.000000000000000  0.000000000000000  0.181998693624886  0.817902058557781  0.038740865623093  1.000000000000000  0.191976283712762 
105.0    D  0.056641371141708  0.000000000000000  0.226408495754456  0.191710332459137  0.032826392000336  0.034650020112596  0.019532223477894  0.012577595900330  0.000000000000000  0.055745532463756  0.013303964183577  0.000000000000000  0.101390894447130  0.022189177477241  0.033123524481165  0.139081265073104  0.040330077826618  0.000000000000000  0.000000000000000  0.020361674208801  0.983502074026248  0.000000000000000  0.016804599850897  0.000000000000000  0.000000000000000  0.208049683677881  0.791685865871272  0.034220389712299  1.000000000000000  0.206040521238310 
106.0    R  0.058233776831548  0.000000000000000  0.000000000000000  0.011359160291565  0.000000000000000  0.102521613899591  0.072493728406590  0.000000000000000  0.166662334636400  0.000000000000000  0.000000000000000  0.039692218204337  0.071694189014135  0.077267203807559  0.351111218934499  0.027355979052946  0.021597378227009  0.000000000000000  0.000000000000000  0.000000000000000  0.964598184584138  0.014130927774392  0.021597378227009  1.000000000000000  0.000000000000000  0.660211420507500  0.340092713101489  0.031950891581560  0.500000000000000  0.240315232097190 
107.0    S  0.056289123740496  0.000000000000000  0.141806935616994  0.224066674892351  0.012967102899843  0.027374947345848  0.033146491917757  0.011573748422034  0.033819520141429  0.051832471613403  0.000000000000000  0.031358492140922  0.025934205799687  0.000000000000000  0.115023456328109  0.130037533315248  0.051796556530500  0.000000000000000  0.000000000000000  0.053031743856619  1.000000000000000  0.000000000000000  0.000000000000000  0.000000000000000  0.000000000000000  0.000000000000000  1.000000000000000  0.022892201165802  1.000000000000000  0.381036207584942 
108.0    A  0.154641559835897  0.000000000000000  0.061298687749284  0.007026393063654  0.101320639985664  0.047398985792951  0.000000000000000  0.013003105229868  0.020631606890859  0.070072879876782  0.015887104270187  0.061341191490842  0.034244117701490  0.065380308737033  0.016254691664406  0.282828615711475  0.023003544721378  0.025612643988672  0.000000000000000  0.000000000000000  1.000000000000000  0.000000000000000  0.000000000000000  0.000000000000000  0.000000000000000  0.089126607335259  0.910669833591978  0.022892201165802  1.000000000000000  0.381036207584942 
109.0    L  0.131305568001344  0.000000000000000  0.000000000000000  0.000000000000000  0.054221167947004  0.012107123921237  0.000000000000000  0.036171569280941  0.024929538744032  0.277777182163773  0.011406500083238  0.014498023069864  0.156691627555086  0.000000000000000  0.038740865623093  0.089498046325071  0.040582456335309  0.112033337446176  0.000000000000000  0.000000000000000  1.000000000000000  0.000000000000000  0.000000000000000  0.000000000000000  0.000000000000000  0.000000000000000  1.000000000000000  0.022781396544009  1.000000000000000  0.390934821564297 
110.0    L  0.016042024151875  0.013166356710987  0.067451764781527  0.012006837353813  0.056250120612095  0.000000000000000  0.018491422214884  0.009459633468364  0.000000000000000  0.470087101254563  0.014812921330135  0.022971677131079  0.011040887842834  0.150830489965095  0.000000000000000  0.107320679554719  0.000000000000000  0.030164594527242  0.000000000000000  0.000000000000000  1.000000000000000  0.000000000000000  0.000000000000000  0.000000000000000  0.000000000000000  0.000000000000000  1.000000000000000  0.022781396544009  1.000000000000000  0.390934821564297 
111.0    K  0.137833645383614  0.000000000000000  0.022530138616566  0.064168096607500  0.000000000000000  0.024671683959392  0.008992886650998  0.000000000000000  0.207761465398412  0.051832471613403  0.012031830847439  0.006896117158521  0.000000000000000  0.079494562921473  0.269246594048262  0.064928693956104  0.004462290026752  0.029400815859806  0.000000000000000  0.015766431778823  0.803293996757034  0.000000000000000  0.196963471512337  0.000000000000000  0.000000000000000  0.322864337575584  0.676893139526230  0.022749836703111  1.000000000000000  0.390934821564297 
112.0    S  0.039500096826650  0.000000000000000  0.000000000000000  0.011981895778696  0.000000000000000  0.045436641166260  0.000000000000000  0.000000000000000  0.084964265119171  0.026442456143759  0.000000000000000  0.190650206657036  0.000000000000000  0.049617745683228  0.242995246995338  0.292599660368647  0.015744590006414  0.000000000000000  0.000000000000000  0.000000000000000  0.953959550547558  0.000000000000000  0.046134825177589  0.500000000000000  0.500000000000000  0.906890328933143  0.093169399174933  0.075834597515543  0.498961359499525  0.271119352210766 
113.0    K  0.134716643130459  0.000000000000000  0.018224208902945  0.000000000000000  0.008402299925448  0.058720171825876  0.030734439813320  0.038633601903780  0.141512362763834  0.188547509585822  0.000000000000000  0.034891030061955  0.000000000000000  0.011398596439376  0.185051662250006  0.000000000000000  0.038101721689884  0.073812041339346  0.013294745773540  0.023798261557863  1.000000000000000  0.000000000000000  0.000000000000000  0.000000000000000  0.000000000000000  0.606676780124346  0.393381222676783  0.062068280964815  1.000000000000000  0.439215234119181 
114.0    L  0.010679589468295  0.000000000000000  0.000000000000000  0.000000000000000  0.082240907814313  0.000000000000000  0.000000000000000  0.036297147872679  0.000000000000000  0.792234810924969  0.027261334555336  0.000000000000000  0.000000000000000  0.029584800976147  0.000000000000000  0.021507743774855  0.000000000000000  0.000000000000000  0.000000000000000  0.000000000000000  1.000000000000000  0.000000000000000  0.000000000000000  0.000000000000000  0.000000000000000  0.000000000000000  1.000000000000000  0.058233776831548  1.000000000000000  0.482968164462423 
115.0    R  0.010180837104401  0.000000000000000  0.000000000000000  0.013276328111541  0.000000000000000  0.018325546081748  0.000000000000000  0.000000000000000  0.174342958293801  0.057074890625749  0.000000000000000  0.080884103405178  0.000000000000000  0.094273754792911  0.502780290199234  0.023389421668636  0.025312608551001  0.000000000000000  0.000000000000000  0.000000000000000  1.000000000000000  0.000000000000000  0.000000000000000  0.000000000000000  0.000000000000000  0.000000000000000  1.000000000000000  0.058233776831548  1.000000000000000  0.482968164462423 
116.0    A  0.120324305387719  0.000000000000000  0.345797657252741  0.087474116599700  0.000000000000000  0.116952937228925  0.000000000000000  0.000000000000000  0.068869069742288  0.000000000000000  0.000000000000000  0.034291623049351  0.025312608551001  0.000000000000000  0.061853541025950  0.092397651954615  0.046746429948825  0.000000000000000  0.000000000000000  0.000000000000000  0.815072332402625  0.000000000000000  0.185051662250006  0.000000000000000  0.000000000000000  0.000000000000000  1.000000000000000  0.058233776831548  1.000000000000000  0.482968164462423 
117.0    L  0.000000000000000  0.000000000000000  0.000000000000000  0.000000000000000  0.128247268167143  0.000000000000000  0.000000000000000  0.097801472717064  0.000000000000000  0.625464540056633  0.009453078822026  0.000000000000000  0.061939347704005  0.000000000000000  0.000000000000000  0.000000000000000  0.000000000000000  0.051154323849425  0.000000000000000  0.025934205799687  0.950659101229818  0.049172652834598  0.000000000000000  0.782411781736511  0.217788548035564  0.862741344542656  0.137071448573487  0.063857505169644  0.474671060475260  0.298333935757930 
118.0    L  0.021094343517543  0.000000000000000  0.000000000000000  0.000000000000000  0.024603374267788  0.000000000000000  0.000000000000000  0.106137030805855  0.000000000000000  0.560583039014254  0.023535788541153  0.000000000000000  0.066201145917742  0.013725476066224  0.093234001668217  0.035896823593657  0.010679589468295  0.044501568612408  0.000000000000000  0.000000000000000  1.000000000000000  0.000000000000000  0.000000000000000  0.000000000000000  0.000000000000000  0.000000000000000  1.000000000000000  0.067358321565229  1.000000000000000  0.465870214652387 
119.0    A  0.071248329543341  0.000000000000000  0.006744840301363  0.000000000000000  0.000000000000000  0.089933348750676  0.048562954299003  0.051688960527704  0.017824433060444  0.063460381304339  0.079825859949712  0.126306430810845  0.000000000000000  0.082354996983384  0.172061950198837  0.101320639985664  0.066338950559362  0.022374511581268  0.000000000000000  0.000000000000000  0.837406487508427  0.148960321821756  0.013725476066224  0.189990607050190  0.810003473632046  0.631126016056058  0.369078601420708  0.067358321565229  0.320411981040048  0.465870214652387 
120.0    G  0.218090676442690  0.000000000000000  0.000000000000000  0.012216713173884  0.000000000000000  0.035036439938391  0.000000000000000  0.000000000000000  0.000000000000000  0.036146505747040  0.014957366534302  0.090684512989636  0.016968466505036  0.043374772469237  0.036021448337465  0.377356492130140  0.092333628973910  0.026755883892077  0.000000000000000  0.000000000000000  0.961927454664775  0.000000000000000  0.038313589376661  0.000000000000000  0.000000000000000  0.779704842611323  0.220217343531745  0.067265007798987  1.000000000000000  0.466516495768404 
121.0    P  0.043434944370073  0.000000000000000  0.000000000000000  0.000000000000000  0.000000000000000  0.022390025787080  0.019464647118273  0.000000000000000  0.064346255214625  0.065652784000672  0.000000000000000  0.029339742103608  0.463294030945185  0.011638105180646  0.065108964313014  0.124913386623807  0.065607292726442  0.024757337841405  0.000000000000000  0.000000000000000  0.949342120950519  0.050415109951383  0.000000000000000  0.142892291926755  0.857376036634172  0.646624465943743  0.353553390593274  0.068535724286743  0.442270217665770  0.437089310205187 
122.0    R  0.000000000000000  0.000000000000000  0.049514675682811  0.000000000000000  0.000000000000000  0.019290040732712  0.000000000000000  0.000000000000000  0.368311921454120  0.034770316268276  0.000000000000000  0.024365776331604  0.000000000000000  0.014792400488074  0.467163673441590  0.000000000000000  0.021807980689409  0.000000000000000  0.000000000000000  0.000000000000000  0.981459063853479  0.018801609781242  0.000000000000000  1.000000000000000  0.000000000000000  0.629378586752429  0.370873733460280  0.068015152604425  0.480630464194381  0.485317234884773 
123.0    S  0.000000000000000  0.000000000000000  0.024365776331604  0.018945512797840  0.006236706143411  0.000000000000000  0.000000000000000  0.000000000000000  0.089871033302935  0.000000000000000  0.165281825642822  0.048027349415250  0.018465805420849  0.000000000000000  0.229569040575231  0.331481440074665  0.036121459579837  0.018173750649185  0.000000000000000  0.013555291986751  0.931740429304773  0.011776053980925  0.056523711097568  0.500000000000000  0.500000000000000  0.000000000000000  1.000000000000000  0.067405026980903  0.498961359499525  0.500000000000000 
124.0    L  0.060706718471352  0.000000000000000  0.026114592466308  0.000000000000000  0.054636163775648  0.000000000000000  0.038929294236546  0.000000000000000  0.101531549544529  0.195196623151848  0.220217343531745  0.000000000000000  0.000000000000000  0.011398596439376  0.100481373842894  0.097869287032068  0.064480198706335  0.016458766186794  0.000000000000000  0.011923900070004  0.796088098778780  0.123535706437592  0.080660155653236  0.513700719689482  0.486327473706143  0.092847057541302  0.906890328933143  0.082698214994258  0.361232599480881  0.375269774378593 
125.0    R  0.015474107373954  0.000000000000000  0.041492661199451  0.000000000000000  0.000000000000000  0.033539383949795  0.041234622211653  0.000000000000000  0.145894762727308  0.013936383115939  0.000000000000000  0.016120049676584  0.000000000000000  0.041177498491692  0.556710809114343  0.039445376003504  0.000000000000000  0.000000000000000  0.028855697210294  0.026278012976679  0.847919964633148  0.152195752332873  0.000000000000000  0.421615555125056  0.578344091952644  0.379717922453632  0.620283648857694  0.103664943226805  0.391748593474670  0.306933920978765 
126.0    R  0.064748922722501  0.000000000000000  0.111028349480301  0.035500914524584  0.039010329653175  0.062673527243817  0.000000000000000  0.018697640050480  0.052738487258126  0.016781319869064  0.022860487823505  0.005023818294651  0.067826835742613  0.000000000000000  0.310572070446110  0.169106028881284  0.023308500417054  0.000000000000000  0.000000000000000  0.000000000000000  0.532554101696709  0.467163673441590  0.000000000000000  0.360982298880624  0.639049681601526  1.000000000000000  0.000000000000000  0.069637103176208  0.163458918567095  0.367801686463934 
127.0    S  0.000000000000000  0.000000000000000  0.083215725827273  0.000000000000000  0.000000000000000  0.025085543397374  0.000000000000000  0.000000000000000  0.013303964183577  0.011195012893540  0.000000000000000  0.076839929203411  0.000000000000000  0.000000000000000  0.177021929776818  0.594603557501361  0.018671737575887  0.000000000000000  0.000000000000000  0.000000000000000  1.000000000000000  0.000000000000000  0.000000000000000  0.000000000000000  0.000000000000000  0.000000000000000  0.000000000000000  0.097395572457562  1.000000000000000  1.000000000000000 
128.0    S  0.000000000000000  0.000000000000000  0.021627339313304  0.000000000000000  0.000000000000000  0.555554364327547  0.000000000000000  0.000000000000000  0.000000000000000  0.000000000000000  0.000000000000000  0.010911551034902  0.028795755818709  0.000000000000000  0.014854048456716  0.368311921454120  0.000000000000000  0.000000000000000  0.000000000000000  0.000000000000000  0.985549336939371  0.014680042956469  0.000000000000000  1.000000000000000  0.000000000000000  0.000000000000000  0.000000000000000  0.097395572457562  0.484309094613314  1.000000000000000 
129.0    C  0.000000000000000  1.000000000000000  0.000000000000000  0.000000000000000  0.000000000000000  0.000000000000000  0.000000000000000  0.000000000000000  0.000000000000000  0.000000000000000  0.000000000000000  0.000000000000000  0.000000000000000  0.000000000000000  0.000000000000000  0.000000000000000  0.000000000000000  0.000000000000000  0.000000000000000  0.000000000000000  1.000000000000000  0.000000000000000  0.000000000000000  0.000000000000000  0.000000000000000  0.000000000000000  0.000000000000000  0.097395572457562  1.000000000000000  1.000000000000000 
130.0    F  0.000000000000000  0.000000000000000  0.000000000000000  0.000000000000000  1.000000000000000  0.000000000000000  0.000000000000000  0.000000000000000  0.000000000000000  0.000000000000000  0.000000000000000  0.000000000000000  0.000000000000000  0.000000000000000  0.000000000000000  0.000000000000000  0.000000000000000  0.000000000000000  0.000000000000000  0.000000000000000  1.000000000000000  0.000000000000000  0.000000000000000  0.000000000000000  0.000000000000000  0.000000000000000  0.000000000000000  0.097395572457562  1.000000000000000  1.000000000000000 
131.0    G  0.000000000000000  0.000000000000000  0.000000000000000  0.000000000000000  0.000000000000000  0.960594863953477  0.000000000000000  0.000000000000000  0.000000000000000  0.000000000000000  0.000000000000000  0.000000000000000  0.000000000000000  0.000000000000000  0.000000000000000  0.000000000000000  0.039336161672027  0.000000000000000  0.000000000000000  0.000000000000000  1.000000000000000  0.000000000000000  0.000000000000000  0.000000000000000  0.000000000000000  0.000000000000000  0.000000000000000  0.097395572457562  1.000000000000000  1.000000000000000 
132.0    G  0.057631444869539  0.000000000000000  0.000000000000000  0.000000000000000  0.000000000000000  0.168404197108211  0.055900306361413  0.000000000000000  0.000000000000000  0.009310020113860  0.077267203807559  0.049928244778072  0.000000000000000  0.079384436408674  0.282045534364128  0.058883204619051  0.012464769372016  0.148857106170621  0.000000000000000  0.000000000000000  1.000000000000000  0.000000000000000  0.000000000000000  0.000000000000000  0.000000000000000  0.000000000000000  0.000000000000000  0.097395572457562  1.000000000000000  1.000000000000000 
133.0    R  0.000000000000000  0.000000000000000  0.000000000000000  0.000000000000000  0.000000000000000  0.000000000000000  0.000000000000000  0.000000000000000  0.351842093831349  0.000000000000000  0.000000000000000  0.000000000000000  0.000000000000000  0.000000000000000  0.596667871515861  0.051367511705928  0.000000000000000  0.000000000000000  0.000000000000000  0.000000000000000  1.000000000000000  0.000000000000000  0.000000000000000  0.000000000000000  0.000000000000000  0.000000000000000  0.000000000000000  0.097395572457562  1.000000000000000  1.000000000000000 
134.0    I  0.000000000000000  0.000000000000000  0.000000000000000  0.000000000000000  0.000000000000000  0.000000000000000  0.000000000000000  0.288171586699716  0.000000000000000  0.377879982079057  0.311434353892368  0.000000000000000  0.000000000000000  0.000000000000000  0.000000000000000  0.000000000000000  0.000000000000000  0.022436632978491  0.000000000000000  0.000000000000000  1.000000000000000  0.000000000000000  0.000000000000000  0.000000000000000  0.000000000000000  0.000000000000000  0.000000000000000  0.097328086382708  1.000000000000000  1.000000000000000 
135.0    D  0.022765611154656  0.000000000000000  0.863938187400277  0.113204247877228  0.000000000000000  0.000000000000000  0.000000000000000  0.000000000000000  0.000000000000000  0.000000000000000  0.000000000000000  0.000000000000000  0.000000000000000  0.000000000000000  0.000000000000000  0.000000000000000  0.000000000000000  0.000000000000000  0.000000000000000  0.000000000000000  1.000000000000000  0.000000000000000  0.000000000000000  0.000000000000000  0.000000000000000  0.000000000000000  0.000000000000000  0.097328086382708  1.000000000000000  1.000000000000000 
136.0    R  0.000000000000000  0.000000000000000  0.000000000000000  0.000000000000000  0.000000000000000  0.000000000000000  0.000000000000000  0.000000000000000  0.031642337729703  0.000000000000000  0.000000000000000  0.000000000000000  0.000000000000000  0.000000000000000  0.929160674250913  0.039336161672027  0.000000000000000  0.000000000000000  0.000000000000000  0.000000000000000  1.000000000000000  0.000000000000000  0.000000000000000  0.000000000000000  0.000000000000000  0.000000000000000  0.000000000000000  0.097328086382708  1.000000000000000  1.000000000000000 
137.0    I  0.000000000000000  0.000000000000000  0.000000000000000  0.000000000000000  0.000000000000000  0.000000000000000  0.000000000000000  0.973329374158238  0.000000000000000  0.000000000000000  0.000000000000000  0.000000000000000  0.000000000000000  0.000000000000000  0.000000000000000  0.000000000000000  0.000000000000000  0.026811579075897  0.000000000000000  0.000000000000000  1.000000000000000  0.000000000000000  0.000000000000000  0.000000000000000  0.000000000000000  0.000000000000000  0.000000000000000  0.097328086382708  1.000000000000000  1.000000000000000 
138.0    G  0.000000000000000  0.000000000000000  0.025808677029241  0.000000000000000  0.000000000000000  0.885767519102361  0.000000000000000  0.000000000000000  0.000000000000000  0.000000000000000  0.000000000000000  0.016561762240583  0.000000000000000  0.000000000000000  0.039336161672027  0.032329611922466  0.000000000000000  0.000000000000000  0.000000000000000  0.000000000000000  1.000000000000000  0.000000000000000  0.000000000000000  0.000000000000000  0.000000000000000  0.000000000000000  0.000000000000000  0.097328086382708  1.000000000000000  1.000000000000000 
139.0    A  0.266092545613340  0.000000000000000  0.000000000000000  0.000000000000000  0.018684684324627  0.000000000000000  0.036625696364829  0.000000000000000  0.000000000000000  0.000000000000000  0.000000000000000  0.048428495684948  0.000000000000000  0.000000000000000  0.000000000000000  0.562139461889309  0.045405157799105  0.022436632978491  0.000000000000000  0.000000000000000  1.000000000000000  0.000000000000000  0.000000000000000  0.000000000000000  0.000000000000000  0.000000000000000  0.000000000000000  0.097328086382708  1.000000000000000  1.000000000000000 
140.0    Q  0.049275010878517  0.000000000000000  0.000000000000000  0.000000000000000  0.090433430366908  0.000000000000000  0.000000000000000  0.054787857582252  0.000000000000000  0.133138525424177  0.207329886453610  0.000000000000000  0.000000000000000  0.166316130135086  0.020890632740705  0.076309157041821  0.007683609953330  0.147011406286371  0.034007576302213  0.012770864507629  1.000000000000000  0.000000000000000  0.000000000000000  0.000000000000000  0.000000000000000  0.000000000000000  0.000000000000000  0.097328086382708  1.000000000000000  1.000000000000000 
141.0    S  0.000000000000000  0.000000000000000  0.000000000000000  0.000000000000000  0.000000000000000  0.000000000000000  0.000000000000000  0.000000000000000  0.000000000000000  0.000000000000000  0.000000000000000  0.000000000000000  0.000000000000000  0.000000000000000  0.000000000000000  0.982139595263391  0.018198962288570  0.000000000000000  0.000000000000000  0.000000000000000  1.000000000000000  0.000000000000000  0.000000000000000  0.000000000000000  0.000000000000000  0.000000000000000  0.000000000000000  0.097328086382708  1.000000000000000  1.000000000000000 
142.0    G  0.036524289017539  0.000000000000000  0.000000000000000  0.000000000000000  0.000000000000000  0.749499800877774  0.000000000000000  0.000000000000000  0.000000000000000  0.000000000000000  0.000000000000000  0.029157280985525  0.000000000000000  0.000000000000000  0.031884520601514  0.152830034711509  0.000000000000000  0.000000000000000  0.000000000000000  0.000000000000000  0.961260928388761  0.038606832410217  0.000000000000000  0.500000000000000  0.500000000000000  0.000000000000000  0.000000000000000  0.097328086382708  0.439519780455894  1.000000000000000 
143.0    L  0.000000000000000  0.000000000000000  0.000000000000000  0.000000000000000  0.000000000000000  0.000000000000000  0.000000000000000  0.000000000000000  0.000000000000000  0.812252396356236  0.187634887189296  0.000000000000000  0.000000000000000  0.000000000000000  0.000000000000000  0.000000000000000  0.000000000000000  0.000000000000000  0.000000000000000  0.000000000000000  1.000000000000000  0.000000000000000  0.000000000000000  0.000000000000000  0.000000000000000  0.000000000000000  1.000000000000000  0.097937148368668  1.000000000000000  0.439519780455894 
144.0    G  0.000000000000000  0.000000000000000  0.000000000000000  0.000000000000000  0.000000000000000  1.000000000000000  0.000000000000000  0.000000000000000  0.000000000000000  0.000000000000000  0.000000000000000  0.000000000000000  0.000000000000000  0.000000000000000  0.000000000000000  0.000000000000000  0.000000000000000  0.000000000000000  0.000000000000000  0.000000000000000  1.000000000000000  0.000000000000000  0.000000000000000  0.000000000000000  0.000000000000000  1.000000000000000  0.000000000000000  0.097937148368668  1.000000000000000  0.439519780455894 
145.0    C  0.000000000000000  1.000000000000000  0.000000000000000  0.000000000000000  0.000000000000000  0.000000000000000  0.000000000000000  0.000000000000000  0.000000000000000  0.000000000000000  0.000000000000000  0.000000000000000  0.000000000000000  0.000000000000000  0.000000000000000  0.000000000000000  0.000000000000000  0.000000000000000  0.000000000000000  0.000000000000000  0.966606097064973  0.025330159996416  0.007938047992138  1.000000000000000  0.000000000000000  0.000000000000000  0.000000000000000  0.097328086382708  0.468785548228555  1.000000000000000 
146.0    N  0.000000000000000  0.000000000000000  0.015887104270187  0.000000000000000  0.000000000000000  0.062240609568404  0.000000000000000  0.000000000000000  0.058517015464656  0.000000000000000  0.000000000000000  0.775930854274856  0.006665828891501  0.000000000000000  0.046327094056339  0.017193415771346  0.017145811524676  0.000000000000000  0.000000000000000  0.000000000000000  0.972654947412286  0.000000000000000  0.027641888604111  0.000000000000000  0.000000000000000  1.000000000000000  0.000000000000000  0.024981432198515  1.000000000000000  0.485653747770817 
147.0    S  0.020179021098474  0.000000000000000  0.000000000000000  0.000000000000000  0.000000000000000  0.185436866730140  0.000000000000000  0.000000000000000  0.014258835758491  0.000000000000000  0.018135998662246  0.100411749594629  0.017062821027276  0.000000000000000  0.000000000000000  0.350624812660600  0.178129701768598  0.115823507736296  0.000000000000000  0.000000000000000  1.000000000000000  0.000000000000000  0.000000000000000  0.000000000000000  0.000000000000000  0.433168428200044  0.566834706389211  0.025050791543731  1.000000000000000  0.479632059662632 
148.0    F  0.039996012932635  0.000000000000000  0.000000000000000  0.000000000000000  0.170991912987811  0.106210624892331  0.029687511964840  0.033679160782615  0.040442051702589  0.185051662250006  0.000000000000000  0.000000000000000  0.035280137650192  0.000000000000000  0.079992025865269  0.127008767874213  0.000000000000000  0.125607977552973  0.000000000000000  0.025916235806701  1.000000000000000  0.000000000000000  0.000000000000000  0.000000000000000  0.000000000000000  1.000000000000000  0.000000000000000  0.034101996157967  1.000000000000000  0.494485458190466 
149.0    R  0.000000000000000  0.000000000000000  0.033655824256033  0.000000000000000  0.000000000000000  0.138600080450384  0.000000000000000  0.000000000000000  0.129857387912208  0.000000000000000  0.000000000000000  0.000000000000000  0.000000000000000  0.000000000000000  0.662044455197699  0.035698320214017  0.000000000000000  0.000000000000000  0.000000000000000  0.000000000000000  1.000000000000000  0.000000000000000  0.000000000000000  0.000000000000000  0.000000000000000  0.000000000000000  0.000000000000000  0.035085044439800  1.000000000000000  1.000000000000000 
150.0    Y  0.000000000000000  0.000000000000000  0.155609279422771  0.000000000000000  0.128692510429250  0.000000000000000  0.000000000000000  0.000000000000000  0.000000000000000  0.000000000000000  0.000000000000000  0.000000000000000  0.000000000000000  0.000000000000000  0.138984894689638  0.000000000000000  0.055245470691479  0.044563303667629  0.000000000000000  0.476979775273779  1.000000000000000  0.000000000000000  0.000000000000000  0.000000000000000  0.000000000000000  0.000000000000000  0.000000000000000  0.299992845593304  1.000000000000000  1.000000000000000 
151.0    R  0.000000000000000  0.000000000000000  0.000000000000000  0.000000000000000  0.000000000000000  0.000000000000000  0.000000000000000  0.000000000000000  0.000000000000000  0.000000000000000  0.000000000000000  0.000000000000000  0.186468003336433  0.000000000000000  0.700763724540373  0.112969090843886  0.000000000000000  0.000000000000000  0.000000000000000  0.000000000000000  1.000000000000000  0.000000000000000  0.000000000000000  0.000000000000000  0.000000000000000  0.000000000000000  0.000000000000000  0.310356872881528  1.000000000000000  1.000000000000000 
152.0    R  0.000000000000000  0.000000000000000  0.000000000000000  0.000000000000000  0.000000000000000  0.000000000000000  0.000000000000000  0.000000000000000  0.000000000000000  0.000000000000000  0.000000000000000  0.000000000000000  0.000000000000000  0.000000000000000  1.000000000000000  0.000000000000000  0.000000000000000  0.000000000000000  0.000000000000000  0.000000000000000  1.000000000000000  0.000000000000000  0.000000000000000  1.000000000000000  0.000000000000000  0.000000000000000  0.000000000000000  0.309497572709361  1.000000000000000  1.000000000000000 
