No:  residues  hmm_col_1  hmm_col_2  hmm_col_3  hmm_col_4  hmm_col_5  hmm_col_6  hmm_col_7  hmm_col_8  hmm_col_9  hmm_col_10  hmm_col_11  hmm_col_12  hmm_col_13  hmm_col_14  hmm_col_15  hmm_col_16  hmm_col_17  hmm_col_18  hmm_col_19  hmm_col_20  hmm_col_21   hmm_col_22   hmm_col_23   hmm_col_24   hmm_col_25   hmm_col_26   hmm_col_27   hmm_col_28   hmm_col_29   hmm_col_30   
1.0    C  0.009200959293711  0.914465089499901  0.000000000000000  0.000000000000000  0.004648561313698  0.004785880202753  0.000000000000000  0.010061575230546  0.000000000000000  0.013687473672924  0.000000000000000  0.000000000000000  0.000000000000000  0.000000000000000  0.009112104451472  0.005896195189533  0.000000000000000  0.017457611532378  0.002970661627424  0.007641120886307  0.993781093322555  0.005369487092078  0.000935483611546  0.198884120938730  0.801069877589622  0.000000000000000  0.000000000000000  0.026078415036107  0.491751037013124  1.000000000000000 
2.0    T  0.013517760790390  0.005687459175778  0.000000000000000  0.028164076956588  0.004163463812765  0.001992782537595  0.004209895097827  0.101884041550328  0.033008925792246  0.006524124370534  0.018224208902945  0.012464769372016  0.027091798859834  0.016630784100834  0.029441602309525  0.050415109951383  0.599569956895556  0.041723384477997  0.000000000000000  0.005347202394890  0.999307092990453  0.000000000000000  0.000500965891278  0.000000000000000  0.000000000000000  1.000000000000000  0.000000000000000  0.026132699997314  1.000000000000000  0.500000000000000 
3.0    R  0.008869078923016  0.000000000000000  0.019984149707460  0.007567329603333  0.004474679288983  0.022467758325734  0.000000000000000  0.006389859832483  0.020235046857100  0.000000000000000  0.002997550968752  0.003127010979126  0.000000000000000  0.020446532366485  0.837406487508427  0.028676246322230  0.010821167719617  0.003624505767466  0.000000000000000  0.002760221960708  0.995159721820083  0.005150756306611  0.000000000000000  0.202080217201392  0.797745239809033  0.000000000000000  1.000000000000000  0.026060345119530  0.491751037013124  0.500000000000000 
4.0    P  0.001832463274415  0.000000000000000  0.003398231846518  0.014639397607382  0.001950419269729  0.005211809256554  0.008104843254419  0.003400588137875  0.016322433794754  0.032622247731929  0.000000000000000  0.002595089480657  0.822450068712464  0.003530284088871  0.010373165299863  0.013166356710987  0.054108535344979  0.003484095778985  0.000000000000000  0.002826044698966  0.961260928388761  0.023864335905636  0.014669871051804  0.963261894020148  0.036982844429768  1.000000000000000  0.000000000000000  0.026187097958373  0.458819941155683  0.500000000000000 
5.0    N  0.012208248127692  0.016921485086343  0.025594896808120  0.009355302379835  0.018697640050480  0.216284172646247  0.025826572442319  0.014741222670240  0.012770864507629  0.015155654849090  0.000000000000000  0.307572836187786  0.018198962288570  0.011923900070004  0.007031265076512  0.123792858991628  0.025898278265250  0.004007727130223  0.021403640311962  0.112578247480991  0.972654947412286  0.023798261557863  0.003609463173620  0.277200160900767  0.722966147272874  1.000000000000000  0.000000000000000  0.026442456143759  0.457866843209063  0.474342157570227 
6.0    N  0.009732323559137  0.000000000000000  0.031818287492644  0.016538818669924  0.002737358298986  0.008217982650030  0.017640068825096  0.024501264189867  0.052337905469277  0.005101014793316  0.003016309113640  0.632878296985140  0.010026764824710  0.039996012932635  0.024163948045479  0.038075320739850  0.048900736358532  0.006796463693036  0.000000000000000  0.027527167941468  0.984184022033800  0.012225184089633  0.003634568975402  0.328735690051268  0.671286251390132  1.000000000000000  0.000000000000000  0.026923317491001  0.479964630519454  0.475988954248766 
7.0    N  0.005118724233822  0.000000000000000  0.009213723377041  0.006479058951675  0.009277809891199  0.004543437662296  0.017518219969195  0.051904376505681  0.125433968563688  0.025400487562010  0.005978503007120  0.503826880205252  0.008009900296005  0.051653144884638  0.032396909406866  0.031950891581560  0.065154110052570  0.004940935712320  0.000000000000000  0.041349107497129  0.986916545885842  0.009297122627396  0.003632050557083  0.647072827241427  0.353063601096189  1.000000000000000  0.000000000000000  0.026534257701464  0.484644908467533  0.494828328207603 
8.0    T  0.021300040738789  0.003527837930281  0.008614602836476  0.034891030061955  0.000000000000000  0.005628631831398  0.004658237782542  0.077213664820433  0.074273944066058  0.009439983151484  0.005738939973743  0.002701544197287  0.007489058113226  0.038048938083218  0.029997789407466  0.047596523115727  0.572758948989878  0.030841142058933  0.000000000000000  0.025260027150174  0.992404374685819  0.004030012419146  0.003374758544532  0.555554364327547  0.444421340583285  1.000000000000000  0.000000000000000  0.026387527731993  0.492433221447775  0.493800430722686 
9.0    R  0.010110512925647  0.010202029586632  0.004126115724031  0.019709022012988  0.000000000000000  0.024030325488598  0.010019817209080  0.077320779917948  0.112033337446176  0.009971318506476  0.004613252583709  0.005079844322455  0.003075421783473  0.018300159081544  0.504525816922341  0.045752677998301  0.029977003728915  0.100064351332038  0.008206598000084  0.002903482391467  0.979420297586927  0.010554485035435  0.009950605275988  1.000000000000000  0.000000000000000  1.000000000000000  0.000000000000000  0.026479138592066  0.481964903870322  0.495171435966512 
10.0    K  0.009888723390393  0.000000000000000  0.002363269705506  0.032599643547808  0.000000000000000  0.013744516811288  0.008716713455664  0.033261568201667  0.360732171715407  0.012473412286823  0.000000000000000  0.022734073181793  0.004910208494226  0.139274206352417  0.209206560670848  0.024964122389036  0.097260647069427  0.023699492896476  0.000000000000000  0.004201149962724  0.975355461527642  0.010315803445430  0.014033318326311  0.653835674268380  0.346037429012870  0.056484545421943  0.943438250895360  0.026405824512891  0.482968164462423  0.482968164462423 
11.0    S  0.009290680585959  0.005172222306232  0.022359008125358  0.050942020775164  0.005211809256554  0.132127255070173  0.014578640492763  0.021094343517543  0.061086610400675  0.000000000000000  0.006011746953753  0.017676788481967  0.029217974929733  0.024637505439259  0.198333460797786  0.309283119671793  0.032803646363221  0.039308905369876  0.005006437203751  0.016008700359888  0.981459063853479  0.016413196000168  0.002439836182917  0.925304428037852  0.074946244611945  0.874178620410373  0.126044056861824  0.026479138592066  0.473356815618357  0.458819941155683 
12.0    I  0.004060857168653  0.006867496569623  0.002833891030926  0.001777419578283  0.010605820155313  0.002027615762779  0.008431470597691  0.531816336446592  0.002389625080336  0.065516404719808  0.051225287977345  0.008132981231907  0.000000000000000  0.007796271242180  0.013696964395563  0.003670010739117  0.080772051914843  0.145289263439765  0.006801176275751  0.046230859664026  0.979420297586927  0.017385158134138  0.003212695580908  0.546388869550476  0.453445164466571  1.000000000000000  0.000000000000000  0.026332713421973  0.470087101254563  0.484309094613314 
13.0    R  0.007499447351866  0.007683609953330  0.002810417148459  0.000000000000000  0.007715631730042  0.066477042055824  0.261340025051291  0.026460791011329  0.043404847992660  0.035109371969739  0.004367429105335  0.023963791557392  0.058679484207216  0.031293351740979  0.210515738402104  0.074583483939483  0.100830219902766  0.008906041192918  0.003685305667560  0.024688790995731  0.963261894020148  0.010322956294205  0.026442456143759  0.737645728541420  0.262611136002688  0.000000000000000  1.000000000000000  0.026460791011329  0.482968164462423  0.495858365369147 
14.0    I  0.009624984948795  0.005554989885107  0.000000000000000  0.003868526843488  0.027167017502813  0.008004350179944  0.004958089398515  0.575943821174679  0.000000000000000  0.111259466656562  0.068535724286743  0.006150843566947  0.006258358418669  0.000000000000000  0.038580081465423  0.019491649561157  0.039227249727583  0.043465061615937  0.005222658185176  0.026607928367155  0.096924150793376  0.000000000000000  0.903126510151822  0.000000000000000  0.000000000000000  0.226879788829290  0.773246337455317  0.027469986278493  1.000000000000000  0.448755025333631 
15.0    Q  0.023131457781251  0.000000000000000  0.000000000000000  0.000000000000000  0.000000000000000  0.340328529124868  0.181620631196421  0.000000000000000  0.000000000000000  0.000000000000000  0.017421347167620  0.000000000000000  0.032554482156507  0.138984894689638  0.107693269964002  0.104313660144426  0.000000000000000  0.053958722410901  0.000000000000000  0.000000000000000  0.533292890415882  0.205470046823713  0.261158940716058  1.000000000000000  0.000000000000000  0.000000000000000  1.000000000000000  0.084611642440779  0.467487598875728  0.035599480538191 
16.0    R  0.052048485680034  0.000000000000000  0.064704057740086  0.027969533466499  0.000000000000000  0.027110583973502  0.000000000000000  0.311866392978511  0.000000000000000  0.039912929974856  0.000000000000000  0.000000000000000  0.052775055463986  0.000000000000000  0.343171107813728  0.000000000000000  0.038022573707315  0.042541066140609  0.000000000000000  0.000000000000000  1.000000000000000  0.000000000000000  0.000000000000000  0.000000000000000  0.000000000000000  0.995159721820083  0.004872912390289  0.126657112519886  1.000000000000000  0.034244117701490 
17.0    G  0.035353576963934  0.000000000000000  0.020137103601328  0.006138066536465  0.002777494942553  0.794434400096105  0.011784219349114  0.008777342992435  0.002345319194307  0.005593627895317  0.019873640730368  0.002194335748109  0.000000000000000  0.016711673248207  0.042866665268456  0.007416735319926  0.009895580107213  0.010019817209080  0.003876579588616  0.000000000000000  0.993092495437036  0.006716847548773  0.000000000000000  0.874178620410373  0.125869443757090  0.000000000000000  1.000000000000000  0.026755883892077  0.489370825198718  0.493458272942921 
18.0    P  0.027337023903307  0.000000000000000  0.010287241578588  0.000000000000000  0.004546588025008  0.012665079998208  0.005302910077656  0.011079219028746  0.007065463887196  0.043919334381460  0.001851615166267  0.005347202394890  0.639492790638714  0.054108535344979  0.057074890625749  0.049514675682811  0.050695447223565  0.004134704667481  0.009671799147168  0.005851409900094  0.895025070927972  0.003052062031923  0.102166916061035  0.683967651951245  0.316219885588484  0.000000000000000  1.000000000000000  0.026774436086518  0.496202187342909  0.493458272942921 
19.0    G  0.017554685984869  0.005403088394574  0.022066475068512  0.022545760732213  0.000000000000000  0.790041311863377  0.000000000000000  0.003199362101015  0.019303416205108  0.001855469497803  0.001951771665997  0.000000000000000  0.007188966020507  0.016909760070714  0.058964890680960  0.006619784648017  0.011923900070004  0.005013382412355  0.004183714153092  0.005248060256724  0.987600861445373  0.010525262319263  0.001740840812299  0.560583039014254  0.439519780455894  0.845572287377516  0.154427329640866  0.032419373017675  0.483638164806966  0.337041932934264 
20.0    R  0.008183875992967  0.003847134542561  0.010258758792376  0.011017952816284  0.005786874211017  0.023051429016919  0.035231262879544  0.021747599872361  0.056523711097568  0.040414029121484  0.072594295745358  0.014782150730087  0.009545258606824  0.235532818476202  0.379717922453632  0.032329611922466  0.022734073181793  0.006744840301363  0.003337538050351  0.006596881932998  0.976031760776225  0.012421644546078  0.011398596439376  0.380772184925815  0.618995145418723  1.000000000000000  0.000000000000000  0.027834153143959  0.456915725114700  0.468460723436213 
21.0    A  0.419574818553271  0.001787303062750  0.010110512925647  0.004785880202753  0.005806964782934  0.015549370653439  0.004713452811409  0.017098339082199  0.030311309698179  0.018984949873516  0.005851409900094  0.009525430422471  0.018594245254792  0.005762857254230  0.033469713224733  0.108442335894008  0.132218870452303  0.141610485661975  0.005543450610158  0.010287241578588  0.984866442895551  0.003887342663360  0.011454037165541  0.728499556949005  0.271683715631515  0.602486157497393  0.397492625474487  0.026848773592100  0.495171435966512  0.480963727332387 
22.0    F  0.010866265403984  0.002467045433293  0.000000000000000  0.004016069635375  0.484309094613314  0.000000000000000  0.010258758792376  0.063769041203029  0.004346289533535  0.123535706437592  0.024723040662045  0.002541683311410  0.004642121504129  0.002237339644492  0.002479044699257  0.029197729590099  0.004487102949207  0.039582320428851  0.111028349480301  0.075519865211871  0.982139595263391  0.014864348067684  0.002913562552132  0.425431864753270  0.574747424017338  0.740206649000025  0.260075066630496  0.027412923397901  0.449066186441967  0.470413053756894 
23.0    V  0.005157901722715  0.013840117485974  0.006848482197782  0.002093307544016  0.084553014440642  0.002993398359781  0.082070070339009  0.025594896808120  0.000000000000000  0.064390872101255  0.007866840234818  0.008454880035357  0.001701473031528  0.014598864795050  0.022577037467555  0.027374947345848  0.013545899429917  0.035971546603993  0.007753159177233  0.572758948989878  0.944747040997206  0.007324774191071  0.047994070928191  0.763658748980350  0.236186760249302  0.742776460330414  0.257206676973394  0.026718818059124  0.486327473706143  0.488015880388112 
24.0    T  0.315125847895746  0.024723040662045  0.002232692061356  0.005204589160516  0.003855142757367  0.030522141530070  0.008501894075553  0.007494250932229  0.024637505439259  0.014179986801831  0.000000000000000  0.022781396544009  0.010054603494541  0.013868927144836  0.059995578814932  0.163799175482295  0.251738887514180  0.026923317491001  0.002102031493718  0.012344395497865  0.968618189226628  0.013668511951653  0.017960857000542  0.622437117691085  0.377356492130140  0.981459063853479  0.018529914053296  0.026332713421973  0.461051558956316  0.416387885440275 
25.0    I  0.067125279476258  0.006403160997168  0.021021362633154  0.015744590006414  0.000000000000000  0.021914050791288  0.008881382603406  0.039445376003504  0.011509747545441  0.006293158523818  0.073353011142585  0.065652784000672  0.026811579075897  0.044378354954482  0.043980261728919  0.022577037467555  0.506277403675246  0.016120049676584  0.000000000000000  0.002655133284974  0.846745312362527  0.028596849003998  0.124481219136807  0.271683715631515  0.728499556949005  0.481297221550876  0.518709968282806  0.026718818059124  0.452816991508911  0.464258426153364 
26.0    G  0.036021448337465  0.004562372635207  0.055092509869198  0.094339123032535  0.000000000000000  0.431071772508798  0.006003418676906  0.006801176275751  0.078508898821470  0.003532731943598  0.002618579280430  0.029646384848139  0.018853811245637  0.036701936600427  0.092525831125003  0.050906722691888  0.042423280621250  0.005391864661706  0.000000000000000  0.004985659253238  0.185822873053877  0.808881348361739  0.005277242517717  0.952637998043937  0.047431851655439  0.819604607637517  0.180491149440312  0.029769937438873  0.045816148662163  0.304180589658517 
27.0    K  0.013093548979187  0.001786064627929  0.009585038884795  0.005147187311461  0.004900008611410  0.013012121420009  0.015166163590149  0.581157053759059  0.024214247842474  0.073149915092162  0.024399577893981  0.023798261557863  0.001783590332055  0.007883215889412  0.038929294236546  0.006848482197782  0.023715925827720  0.107842668067832  0.005558841645448  0.017873921456309  0.940826107513788  0.039637231228933  0.019777446780786  0.445346450303340  0.554400321801535  0.837406487508427  0.162555018318560  0.028616677700566  0.412652704256329  0.419574818553271 
28.0    I  0.021582413252248  0.002295461578945  0.005215423059750  0.038499939795180  0.006815333638834  0.025755065154789  0.015527829583165  0.399149193178325  0.054711958105891  0.051510130309578  0.016322433794754  0.057831526752366  0.004862789981962  0.021477948368313  0.033146491917757  0.023438109207591  0.119244943818445  0.086930123231874  0.000000000000000  0.015690117863109  0.924663278113700  0.070267432736164  0.004845966006701  0.313383255110173  0.686818116714811  0.990342871933025  0.009766111738947  0.026755883892077  0.395294558301972  0.414947292794991 
29.0    G  0.005486112795852  0.000000000000000  0.019832357594059  0.034410674940561  0.000000000000000  0.689202576487815  0.008783429092020  0.010964622859680  0.046746429948825  0.004086269296065  0.002285934846630  0.044966674375338  0.009426905622818  0.006049367405103  0.064212589961185  0.021552514403548  0.018198962288570  0.005999258866024  0.007785470803343  0.000000000000000  0.959929261038908  0.033936933010072  0.006219438271709  0.230685623163450  0.769503610080431  0.823591017267573  0.176287245060549  0.026259804757290  0.441045682598588  0.491751037013124 
30.0    D  0.012031830847439  0.000000000000000  0.475988954248766  0.039227249727583  0.001873562733057  0.052519609514580  0.008795613954193  0.038740865623093  0.053772039413215  0.006319385534076  0.002229599037357  0.179866697501352  0.004413075056915  0.006354524985407  0.041320456410705  0.030585676574920  0.019818615614467  0.007630535382517  0.000000000000000  0.018517074545962  0.961260928388761  0.032917532373589  0.005659930291230  0.387965427137428  0.612168196200102  0.613017430026578  0.386891248385597  0.026332713421973  0.441351498145327  0.488354264481114 
31.0    M  0.008734858210671  0.000000000000000  0.008298118644495  0.000000000000000  0.015314053364717  0.002221885210688  0.005451995172352  0.596667871515861  0.014874654820274  0.053105312446166  0.050871449066902  0.011133106360537  0.041839226780576  0.009118422670457  0.013499034178129  0.063592480756418  0.045594385757505  0.019130256131253  0.003757529119784  0.036701936600427  0.990342871933025  0.004274584770550  0.005451995172352  0.495171435966512  0.504875648798343  0.756808396484790  0.243163736853071  0.026296233821418  0.493800430722686  0.486664687079119 
32.0    R  0.002309826172352  0.000000000000000  0.010836179446339  0.010216182410443  0.012797448404060  0.028517671516983  0.000000000000000  0.028105572254617  0.118503370641081  0.003908958544776  0.012276133072931  0.000000000000000  0.001935604615750  0.005628631831398  0.697371833175203  0.037969899747032  0.014033318326311  0.010110512925647  0.003405305623192  0.002241996902061  0.980099415341871  0.001469967526769  0.018401918587422  1.000000000000000  0.000000000000000  1.000000000000000  0.000000000000000  0.026626377971090  0.498961359499525  0.487339815445774 
33.0    Q  0.030395467106634  0.000000000000000  0.010635266535152  0.025137761591935  0.000000000000000  0.005058761714275  0.017229205672952  0.021567458646822  0.229887511537915  0.023083407243478  0.003817913150042  0.015292838287460  0.019600034445641  0.405001736816023  0.101320639985664  0.021035938582450  0.039064446955788  0.018363692631559  0.002143226440584  0.011265069308283  0.993092495437036  0.007203930608692  0.000000000000000  0.308426792452374  0.691595314505482  1.000000000000000  0.000000000000000  0.027242444985533  0.469761374607006  0.466516495768404 
34.0    A  0.786762445353566  0.006112592044816  0.000000000000000  0.003682752093431  0.004459198074714  0.013888166893228  0.022390025787080  0.003685305667560  0.017824433060444  0.000000000000000  0.010082519456655  0.003515632538256  0.044935516651467  0.007883215889412  0.017713584574663  0.023930593704600  0.024163948045479  0.008789519411631  0.000000000000000  0.000000000000000  0.997922718999051  0.001953125000000  0.000000000000000  0.539240215847226  0.460732093099352  0.000000000000000  0.000000000000000  0.026442456143759  0.497235084336607  1.000000000000000 
35.0    H  0.013984766733250  0.017039183322895  0.005280901691516  0.003587016258988  0.035673584597712  0.003351447384487  0.435275281648062  0.013640118611465  0.006104124063846  0.015986522964601  0.003094667230176  0.035206850890540  0.021226348196077  0.028795755818709  0.037136972033029  0.023765293019391  0.017725866952124  0.002744958398841  0.026060345119530  0.254369923025672  0.994470168673214  0.005766853147199  0.000000000000000  0.592135805926816  0.407818746669505  1.000000000000000  0.000000000000000  0.026424133980547  0.491410299272626  0.498270131413934 
36.0    C  0.012850782323632  0.875998315067126  0.000000000000000  0.000000000000000  0.008820034412548  0.006920058742987  0.004100455795403  0.010753871887427  0.002396259721199  0.014101573866600  0.006647372886770  0.003146579261909  0.004477781975501  0.006167920989848  0.007694269085121  0.014710601008456  0.003518070233781  0.009005362084366  0.006020086784050  0.002499750808290  1.000000000000000  0.000000000000000  0.000000000000000  1.000000000000000  0.000000000000000  0.000000000000000  0.000000000000000  0.026644840367749  1.000000000000000  1.000000000000000 
