No:  residues  hmm_col_1  hmm_col_2  hmm_col_3  hmm_col_4  hmm_col_5  hmm_col_6  hmm_col_7  hmm_col_8  hmm_col_9  hmm_col_10  hmm_col_11  hmm_col_12  hmm_col_13  hmm_col_14  hmm_col_15  hmm_col_16  hmm_col_17  hmm_col_18  hmm_col_19  hmm_col_20  hmm_col_21   hmm_col_22   hmm_col_23   hmm_col_24   hmm_col_25   hmm_col_26   hmm_col_27   hmm_col_28   hmm_col_29   hmm_col_30   
1.0    M  0.000000000000000  0.000000000000000  0.000000000000000  0.005083366622820  0.025085543397374  0.000000000000000  0.000000000000000  0.020025748815003  0.000000000000000  0.012259126529637  0.907519155317161  0.000000000000000  0.000000000000000  0.000000000000000  0.000000000000000  0.011241668593835  0.014629253866164  0.004277548714037  0.000000000000000  0.000000000000000  1.000000000000000  0.000000000000000  0.000000000000000  0.000000000000000  0.000000000000000  0.000000000000000  0.000000000000000  0.062803988776487  1.000000000000000  1.000000000000000 
2.0    A  0.720464874418961  0.000000000000000  0.000000000000000  0.002941973567644  0.000000000000000  0.021777769354492  0.000000000000000  0.000000000000000  0.011446100582901  0.004961527275542  0.001947717287797  0.000000000000000  0.032106294980593  0.000000000000000  0.008004350179944  0.084143754329799  0.066707833627497  0.045562793088018  0.000000000000000  0.000000000000000  0.977385766410805  0.017898717155934  0.004664699949510  0.364755086060044  0.635075491269395  0.000000000000000  0.000000000000000  0.062716984281844  0.492092011016900  1.000000000000000 
3.0    R  0.000000000000000  0.016653855251062  0.008686555918102  0.014239082509955  0.001918241396999  0.025844480263852  0.032917532373589  0.000000000000000  0.020489093972119  0.019464647118273  0.007119541254978  0.002023403835078  0.016746460352130  0.000000000000000  0.775393206347005  0.042600081477578  0.000000000000000  0.000000000000000  0.004584563196412  0.011226095129250  0.974004268543241  0.006150843566947  0.019709022012988  0.384218795322003  0.615572206672458  0.000000000000000  1.000000000000000  0.062543336716411  0.495858365369147  0.500000000000000 
4.0    T  0.004845966006701  0.014528202228331  0.012430257558671  0.036727385263118  0.000000000000000  0.021035938582450  0.000000000000000  0.047794883683837  0.010776257201774  0.030691862351981  0.051118878659861  0.003873893479446  0.038794609110191  0.000000000000000  0.014558444207887  0.059912464905811  0.652929893544459  0.000000000000000  0.000000000000000  0.000000000000000  0.986232704493359  0.000000000000000  0.013773127467300  0.000000000000000  0.000000000000000  0.000000000000000  1.000000000000000  0.057671405790862  1.000000000000000  0.491069797631696 
5.0    K  0.023292349793733  0.000000000000000  0.011973593439123  0.011948720920959  0.000000000000000  0.000000000000000  0.000000000000000  0.000000000000000  0.750539548757186  0.005810991259510  0.011335564123705  0.014947002470186  0.003807342308170  0.025400487562010  0.062413416631314  0.010026764824710  0.033377044001495  0.024281477149502  0.000000000000000  0.010672189505894  0.934975197751455  0.018098325096791  0.046941247716904  0.371645746107754  0.628506687260914  0.508739846051343  0.491410299272626  0.057551606075315  0.493458272942921  0.483638164806966 
6.0    Q  0.025365299405540  0.003718663705068  0.000000000000000  0.058517015464656  0.000000000000000  0.005815020527994  0.106801217611217  0.015040538173465  0.057352492644460  0.023131457781251  0.051724801004888  0.003634568975402  0.066939426449466  0.469761374607006  0.034196678164398  0.021035938582450  0.021388809579560  0.025630403474898  0.001901033933903  0.008076802626937  0.984184022033800  0.015931213796847  0.000000000000000  0.599154510669709  0.401090583176243  0.583983697306559  0.415811049187453  0.058032303269171  0.492092011016900  0.468460723436213 
7.0    T  0.059005776196891  0.000000000000000  0.008943157504677  0.039010329653175  0.017098339082199  0.022452190258501  0.000000000000000  0.022066475068512  0.010821167719617  0.018671737575887  0.016933218231950  0.014568538850576  0.038366740122346  0.015420571029466  0.050906722691888  0.067779838052691  0.560971740265242  0.032352028870043  0.004756117260402  0.000000000000000  0.910669833591978  0.031206708315657  0.058395459180199  0.259894858793820  0.740206649000025  0.716480825186550  0.283417353194606  0.055784185717061  0.484309094613314  0.488015880388112 
8.0    A  0.647970482716667  0.000000000000000  0.010731533073669  0.017421347167620  0.000000000000000  0.005754873772721  0.000000000000000  0.006133813427137  0.038687196588670  0.000000000000000  0.007031265076512  0.007609408347994  0.037395280100960  0.013773127467300  0.012824087637664  0.076045147414629  0.059746582349609  0.047497651762547  0.000000000000000  0.011549706494327  0.990342871933025  0.009532035236502  0.000000000000000  0.333324669272800  0.666649338545599  0.707106781186547  0.292599660368647  0.054484889971066  0.498615625676035  0.457232544749951 
9.0    R  0.036071419297401  0.030564483545229  0.012208248127692  0.017911127902006  0.000000000000000  0.023405639600378  0.041234622211653  0.010373165299863  0.057992092279455  0.008543245761599  0.006796463693036  0.031840349894273  0.039527485698561  0.027776333786455  0.499653546495226  0.060412881066561  0.016769691974898  0.062847536274904  0.010798689113505  0.005448217446681  0.959929261038908  0.018504243935213  0.021522656974737  1.000000000000000  0.000000000000000  0.140827403562160  0.859160754947185  0.054371709544291  0.491410299272626  0.489031736723670 
10.0    K  0.034220389712299  0.000000000000000  0.000000000000000  0.003289308412533  0.007982188146205  0.016596237288990  0.008344261000374  0.009698652277548  0.582770599067280  0.000000000000000  0.028815722434770  0.009909307807233  0.006656594492772  0.030670595745421  0.161320311306472  0.029523345031163  0.052156830072213  0.017985773301996  0.000000000000000  0.000000000000000  0.972654947412286  0.027450952132449  0.000000000000000  0.350867931509769  0.648869383469592  0.321524370857651  0.678302163723836  0.055784185717061  0.488354264481114  0.467811748915700 
11.0    S  0.094535499830248  0.008943157504677  0.000000000000000  0.032150834621674  0.013039207518053  0.045626000332954  0.000000000000000  0.035012162943568  0.044873265956982  0.000000000000000  0.000000000000000  0.004862789981962  0.031336763621909  0.011374918351555  0.078454499455165  0.482299092292069  0.074583483939483  0.037214276542655  0.000000000000000  0.005528102188776  0.972654947412286  0.000000000000000  0.027016788478371  0.000000000000000  0.000000000000000  0.000000000000000  1.000000000000000  0.057114465639338  1.000000000000000  0.478635729097649 
12.0    T  0.044656066866909  0.003664926548831  0.000000000000000  0.014915953345933  0.004422261336370  0.016064278541501  0.013975076590353  0.026960667016958  0.084435880283477  0.011048543456040  0.009466192659611  0.033192474577980  0.009426905622818  0.027242444985533  0.106579361470995  0.048664043191354  0.508387336645978  0.036906020669673  0.000000000000000  0.000000000000000  0.997231251352069  0.002510168627870  0.000000000000000  1.000000000000000  0.000000000000000  0.000000000000000  1.000000000000000  0.058153103606438  0.500000000000000  0.462011286223412 
13.0    G  0.046391361582158  0.012132326171891  0.015176679617838  0.020460709735681  0.000000000000000  0.539240215847226  0.008127345832203  0.017948411796829  0.063022028430912  0.017289021142067  0.000000000000000  0.008065613558463  0.030798416779355  0.034220389712299  0.027393928791126  0.090370768409109  0.042747978246953  0.014288517023436  0.000000000000000  0.012421644546078  0.958599438492977  0.008166875782853  0.032963197408377  0.652025367629280  0.347961597957775  0.171585553906864  0.828170661334546  0.058112808913323  0.493800430722686  0.462011286223412 
14.0    G  0.050765774772265  0.010272990314102  0.014792400488074  0.026998068356259  0.002333967196986  0.502431910211893  0.006900898839699  0.010503398391817  0.041752314949691  0.006057759424586  0.000000000000000  0.027661055143111  0.053215856734309  0.014209503934386  0.048596627242660  0.071943093207985  0.047300524780299  0.026278012976679  0.031012636708932  0.007011797270838  0.970634469769547  0.019050860844942  0.010272990314102  0.326012683814640  0.674083865868528  0.308426792452374  0.691595314505482  0.058153103606438  0.491069797631696  0.451250363731215 
15.0    K  0.061001985048514  0.000000000000000  0.013157233650131  0.078890752007007  0.000000000000000  0.010503398391817  0.021463066147338  0.006820059305733  0.557483109363849  0.010525262319263  0.000000000000000  0.028735938942239  0.036701936600427  0.040554336466849  0.065471007943737  0.029646384848139  0.024757337841405  0.014239082509955  0.000000000000000  0.000000000000000  0.936921446872426  0.018401918587422  0.044966674375338  0.171466661073825  0.828744904487992  0.390122740086852  0.610050255136112  0.056798632278033  0.485990493990676  0.460093825312437 
16.0    A  0.508035071496851  0.008093615340313  0.002756398131658  0.006385432253815  0.000000000000000  0.042159454198116  0.012464769372016  0.006661210091937  0.022281651833815  0.021627339313304  0.011630041055989  0.013840117485974  0.074790560201920  0.029036271070341  0.033609199701793  0.087656203165150  0.070903467808497  0.047927583114784  0.000000000000000  0.000000000000000  1.000000000000000  0.000000000000000  0.000000000000000  0.062500000000000  0.937571096457110  0.574747424017338  0.425431864753270  0.058072542140682  0.500000000000000  0.450625231305415 
17.0    P  0.052120690239060  0.000000000000000  0.019143520811011  0.003135692924672  0.010294374622923  0.014588749139302  0.009691932013401  0.010525262319263  0.047366142703450  0.011446100582901  0.005165057051338  0.027412923397901  0.597495602428391  0.043105028807096  0.019532223477894  0.086509357253217  0.029036271070341  0.010761328487368  0.000000000000000  0.002529380857138  0.974004268543241  0.010746420454217  0.015474107373954  0.118421258824908  0.881480157907170  0.000000000000000  1.000000000000000  0.055745532463756  0.487002134271620  0.479632059662632 
18.0    R  0.031576607702711  0.012242143546083  0.004789198672083  0.025242524300300  0.002501484104160  0.028557232819669  0.014731008373722  0.004046807670156  0.112266546610492  0.019410754402882  0.005883947135288  0.003887342663360  0.032084048303750  0.032917532373589  0.571965486601904  0.038794609110191  0.041263213781719  0.012107123921237  0.000000000000000  0.005859527301898  0.974679630891549  0.013820944302055  0.011327709631866  0.215535886254399  0.784584097896751  0.150830489965095  0.849096246446840  0.055668306287918  0.489710148793463  0.468460723436213 
19.0    K  0.012949139132625  0.000000000000000  0.000000000000000  0.015755507107728  0.003621994322014  0.022718320583130  0.011233879162867  0.026571067502006  0.610896550836750  0.024247839196089  0.006716847548773  0.028517671516983  0.026296233821418  0.000000000000000  0.102735023411856  0.051832471613403  0.015920174947136  0.025970183174801  0.007704943003854  0.006288797950165  0.912565488543452  0.074273944066058  0.013276328111541  0.200406332349848  0.799405830352472  0.000000000000000  1.000000000000000  0.055168937268166  0.445655247948486  0.464902471306581 
20.0    Q  0.057751410777926  0.000000000000000  0.000000000000000  0.042452696392155  0.000000000000000  0.009992074853730  0.018529914053296  0.018287478773040  0.103449602009776  0.012370091654239  0.010547171758771  0.014548356559847  0.049755506173674  0.367801686463934  0.078183067507079  0.071051060827251  0.104530799989258  0.015953314464175  0.015843116871719  0.009080578964985  0.974004268543241  0.002640450845758  0.023421868777430  0.250000000000000  0.750019494642909  0.000000000000000  1.000000000000000  0.054146053525005  0.499307333050514  0.453130969133667 
21.0    L  0.034101996157967  0.003360752463326  0.000000000000000  0.004989116246857  0.005843303743603  0.014397877909355  0.008608633717786  0.086990399489444  0.025506345192216  0.504176227447298  0.035206850890540  0.002055920224042  0.068964608752622  0.025952188252840  0.023003544721378  0.070316155293051  0.024130472909118  0.027969533466499  0.022592692102277  0.011841535675862  0.944092419150250  0.038714021805747  0.017145811524676  0.101390894447130  0.898755126611030  0.471392267959120  0.528509020280690  0.055939066932998  0.463615273217731  0.440434687063490 
22.0    A  0.521594296764929  0.003086098874466  0.008686555918102  0.012015162744299  0.000000000000000  0.050836199883258  0.002566468021776  0.028577034046872  0.027969533466499  0.017799740269096  0.015527829583165  0.005418089723169  0.112812590932804  0.017133931071686  0.027546254934599  0.064212589961185  0.026205255763779  0.030227385300435  0.012413037501502  0.015399208389678  0.915733686418126  0.076097876166437  0.008257953441886  0.278162530146209  0.721964597761248  0.569197014537439  0.430773079856009  0.053697547184199  0.430176315305720  0.450000964896756 
23.0    S  0.116386852478779  0.011406500083238  0.000000000000000  0.008280881120291  0.011948720920959  0.042896388476716  0.010926688146394  0.016642315678022  0.076999879590360  0.023035456520173  0.014988501864457  0.014062530153024  0.068583246098703  0.022421086478230  0.035871950432969  0.172061950198837  0.331941289595609  0.009902441578394  0.000000000000000  0.011509747545441  0.980099415341871  0.005034275900332  0.015009294749273  0.103020260619155  0.896888159662015  0.117358968414432  0.882702996290655  0.055207190717592  0.499307333050514  0.467811748915700 
24.0    K  0.033585911651734  0.000000000000000  0.015155654849090  0.020919613390288  0.009512234520805  0.013763583970734  0.006693609021629  0.017873921456309  0.545631938527468  0.018542762463383  0.013640118611465  0.019464647118273  0.055552667572911  0.012797448404060  0.117521775313641  0.028577034046872  0.038767728053606  0.022390025787080  0.009772883438385  0.000000000000000  0.944747040997206  0.045752677998301  0.009472756398920  0.147011406286371  0.853226098112067  0.153466960489383  0.846745312362527  0.055939066932998  0.465224828851508  0.460093825312437 
25.0    A  0.475000191437443  0.009888723390393  0.000000000000000  0.028183605574445  0.000000000000000  0.039200068891281  0.000000000000000  0.007883215889412  0.065244495463857  0.016921485086343  0.006232384686008  0.007365504186861  0.041435180009333  0.011557714916007  0.034078366645789  0.122852574818156  0.061468879626641  0.067685940345370  0.000000000000000  0.004903406215948  0.902500727462430  0.064569649230258  0.033077637339848  0.147215348699373  0.852634891767957  0.289372554247531  0.710546021590680  0.056641371141708  0.458184322337676  0.455334916795989 
26.0    A  0.438606774366411  0.004382591720822  0.013066349998657  0.018840747307668  0.012404436420807  0.032441852204471  0.011233879162867  0.025225033578274  0.062716984281844  0.060412881066561  0.002587904330166  0.012344395497865  0.074790560201920  0.010941846256931  0.047234997759882  0.063946091858402  0.066569262712089  0.042482132559586  0.000000000000000  0.000000000000000  0.911301280637141  0.021582413252248  0.066939426449466  0.085082132281217  0.915099168127928  0.097733705391074  0.902500727462430  0.059539874877746  0.478967609111348  0.450625231305415 
27.0    R  0.027757087370075  0.014936645587402  0.006232384686008  0.016781319869064  0.000000000000000  0.120407736752519  0.043134917293645  0.000000000000000  0.086329653008991  0.032262454233851  0.000000000000000  0.009394291007017  0.041406469282663  0.031664278129971  0.460732093099352  0.052994997789572  0.032195436050627  0.018632951130166  0.000000000000000  0.005248060256724  0.932386486436833  0.015843116871719  0.051760666333409  0.147521792917025  0.852634891767957  0.034363004666080  0.965936328924846  0.064301669243348  0.489370825198718  0.405563577788521 
28.0    K  0.033655824256033  0.000000000000000  0.011816937478781  0.013039207518053  0.005429368046259  0.033585911651734  0.016676958406874  0.016413196000168  0.555939578758553  0.007737053686977  0.008269409334962  0.026187097958373  0.053586002289636  0.035182455816774  0.074222479129588  0.030777076340486  0.064748922722501  0.009868181733170  0.000000000000000  0.002987180230240  0.933679944915313  0.061044283060139  0.005474716597972  0.239317864548824  0.760489376620505  0.279515462741465  0.720464874418961  0.064748922722501  0.453445164466571  0.378404198242395 
29.0    S  0.103593113060999  0.004562372635207  0.000000000000000  0.005819052590323  0.007208925723858  0.078726873746712  0.034794425569646  0.006574058455355  0.037629293163482  0.006815333638834  0.021448194238358  0.040751585476830  0.039885274025905  0.029462016747445  0.083910781423766  0.408101523075451  0.062630100317477  0.025085543397374  0.000000000000000  0.002855580953906  1.000000000000000  0.000000000000000  0.000000000000000  0.000000000000000  0.000000000000000  0.000000000000000  1.000000000000000  0.065561832973434  1.000000000000000  0.403880388804804 
30.0    A  0.449689156073876  0.000000000000000  0.041781265481410  0.025418099941629  0.006973023214633  0.032150834621674  0.015506318354466  0.017518219969195  0.018866884241977  0.041234622211653  0.013066349998657  0.003450449419849  0.108743419088581  0.012048522073500  0.048294409352999  0.064346255214625  0.025400487562010  0.075624630576206  0.000000000000000  0.000000000000000  0.905006462882905  0.081052472165688  0.014013877494719  0.597909898388062  0.402204185470958  0.360482217865056  0.639492790638714  0.065561832973434  0.449377563305515  0.403880388804804 
31.0    P  0.012525395771866  0.000000000000000  0.014548356559847  0.005762857254230  0.000000000000000  0.078508898821470  0.005097480264410  0.005802941096331  0.072142838594802  0.034172983046395  0.000000000000000  0.018274807250812  0.530711604474897  0.033702513490452  0.029137077701151  0.076627178753322  0.065652784000672  0.012499377005199  0.000000000000000  0.004775938584735  0.915733686418126  0.002958332648197  0.081446696835206  0.199990032083188  0.799960128332753  0.029749309640548  0.969961910341735  0.065835064747177  0.499653546495226  0.427204870444866 
32.0    S  0.241484082231211  0.015570941606685  0.023699492896476  0.029217974929733  0.000000000000000  0.041349107497129  0.009705377201441  0.020207014560742  0.027204705103004  0.050485048600601  0.000000000000000  0.017998244411709  0.052483218309009  0.022734073181793  0.043254678626609  0.250000000000000  0.108743419088581  0.043224707156593  0.000000000000000  0.002517137950166  0.830470024090894  0.102025380768863  0.067545337627459  0.235206526878447  0.764718138941384  0.159541096103619  0.840313752233282  0.067826835742613  0.436786447958347  0.380244688310252 
33.0    T  0.075992455198944  0.000000000000000  0.006702894768974  0.015975445790780  0.018620040227719  0.015218816695988  0.011327709631866  0.022892201165802  0.038101721689884  0.026314467300263  0.004876291206647  0.013955716443012  0.090120554466264  0.032780916486717  0.014457881688091  0.128158404736074  0.437695664847132  0.040949793870574  0.000000000000000  0.005978503007120  0.940826107513788  0.025737219289612  0.033353916813749  0.299992845593304  0.699792932797598  0.265723918589638  0.734075318017052  0.067405026980903  0.485317234884773  0.358986127655859 
34.0    G  0.047300524780299  0.008820034412548  0.030269318413332  0.008887540842754  0.000000000000000  0.563309614248640  0.003540085696357  0.023798261557863  0.034770316268276  0.014091802787223  0.007233953300995  0.013744516811288  0.039719740290802  0.046714039019842  0.041810236087066  0.067451764781527  0.020375792738415  0.028008334361544  0.000000000000000  0.000000000000000  0.941478464541206  0.019064070473003  0.039692218204337  0.164253953393671  0.835666958921854  0.101742898133804  0.898132372883934  0.069878865685366  0.488354264481114  0.373453364278086 
35.0    G  0.061171353149840  0.000000000000000  0.012985091587401  0.019437682082789  0.000000000000000  0.586824089140676  0.014874654820274  0.006438766288697  0.052884912287518  0.003692977018558  0.000000000000000  0.015092755139451  0.049859077488065  0.028636520146105  0.034626010870779  0.053586002289636  0.036676505571292  0.008321157839011  0.002611329092588  0.012421644546078  0.937571096457110  0.037188490509584  0.025295069267107  0.103020260619155  0.896888159662015  0.149996422796652  0.850274160064196  0.073658712988230  0.473028823362798  0.363241262392842 
36.0    V  0.038181034427297  0.000000000000000  0.014004167180772  0.022718320583130  0.017313005435389  0.018801609781242  0.002174651598103  0.081277509159280  0.088633752229966  0.052048485680034  0.028027754989438  0.002885425905435  0.057312752700292  0.057312752700292  0.011646174896867  0.050765774772265  0.067639040282857  0.389312345530831  0.000000000000000  0.000000000000000  0.917639882311365  0.062673527243817  0.019559319666469  0.195602945434128  0.804408370941916  0.356012548899268  0.643940814754913  0.073863221683398  0.460093825312437  0.361483073636437 
37.0    K  0.037317599596081  0.000000000000000  0.004236239878293  0.023633874957562  0.009551877169469  0.012123919598045  0.018060729789919  0.023650262390150  0.524131237758464  0.007026393063654  0.012098734810207  0.013687473672924  0.038234001285371  0.023831275832129  0.161544103829687  0.045405157799105  0.029564301460175  0.015799251263302  0.000000000000000  0.000000000000000  0.944747040997206  0.034963659407366  0.019998006466317  0.542990928161147  0.457232544749951  0.466516495768404  0.533662669019980  0.066985841408518  0.456282744271726  0.393653988284602 
38.0    K  0.033913417871306  0.000000000000000  0.000000000000000  0.015766431778823  0.005190178961314  0.008578850107711  0.027469986278493  0.003831167984330  0.548285794293947  0.008777342992435  0.007238969233519  0.021152910610195  0.022892201165802  0.049824529783784  0.140048651774272  0.017664540111322  0.034866853822655  0.050625217102003  0.000000000000000  0.003847134542561  0.984184022033800  0.005380664243684  0.010459806695144  0.103163176064082  0.896888159662015  0.466516495768404  0.533292890415882  0.064123634083571  0.477972658796871  0.425726853874473 
39.0    P  0.027988927190339  0.002319452472800  0.000000000000000  0.028596849003998  0.010194960528820  0.009080578964985  0.016734856612366  0.020660228205353  0.141022767182064  0.014731008373722  0.007546377569725  0.016401823181610  0.475329550614909  0.032894723584670  0.087231922757635  0.040386025957422  0.043858491438721  0.021182255106250  0.000000000000000  0.003749723675933  0.943438250895360  0.005093948184604  0.051724801004888  0.195467410782148  0.804408370941916  0.433468781757343  0.566441942647899  0.059912464905811  0.498615625676035  0.447202450891303 
40.0    H  0.002361632179362  0.000000000000000  0.000000000000000  0.015646675870490  0.015441963304699  0.005790886757042  0.461051558956316  0.005970220784239  0.086210057614191  0.014033318326311  0.005262631159632  0.012895397008010  0.006900898839699  0.024214247842474  0.217185546287656  0.022561393680039  0.029217974929733  0.006412043818832  0.000000000000000  0.068821349881123  0.976031760776225  0.020109206989082  0.003908958544776  0.414372452243996  0.585605090609405  0.628942485918009  0.370873733460280  0.061639544030835  0.487339815445774  0.430773079856009 
41.0    R  0.015155654849090  0.019183370061173  0.000000000000000  0.032039601184019  0.006155108484761  0.010230354867840  0.025665959398502  0.000000000000000  0.058801631719612  0.005373210227108  0.000000000000000  0.016816251949747  0.012551468699329  0.006515086279883  0.747942879181195  0.023930593704600  0.017579038823263  0.000000000000000  0.000000000000000  0.002279605667614  0.964598184584138  0.029852591761951  0.005750886180344  0.127803566326240  0.872362705770759  0.099029351365621  0.901250462610830  0.056602123938614  0.465870214652387  0.470413053756894 
42.0    Y  0.033539383949795  0.009591685030586  0.000000000000000  0.002831927407967  0.204759174464957  0.008076802626937  0.035378090690959  0.016333751565706  0.022158438057492  0.011525714508460  0.005904374719985  0.022312562182579  0.009665097489744  0.000000000000000  0.049859077488065  0.013734993139247  0.014072280935124  0.019627224705368  0.088756709908964  0.431969093700139  0.982820598545251  0.002444914958309  0.015040538173465  0.500000000000000  0.500000000000000  0.223136742868244  0.777007268784049  0.057831526752366  0.500000000000000  0.467487598875728 
43.0    K  0.012056876367648  0.011469926844016  0.009645020366356  0.000000000000000  0.000000000000000  0.007437327410137  0.020347565462016  0.014437852694482  0.185436866730140  0.005369487092078  0.000000000000000  0.007099829034754  0.026552656223083  0.000000000000000  0.648869383469592  0.013057296233154  0.023666661185578  0.014498023069864  0.000000000000000  0.000000000000000  0.986916545885842  0.001451741195733  0.011849746448238  0.212126975426474  0.787853886049346  0.193982713568714  0.806082831492968  0.058883204619051  0.496890546661277  0.463294030945185 
44.0    P  0.047695600280017  0.000000000000000  0.002164125679424  0.000000000000000  0.005168638437141  0.000000000000000  0.002760221960708  0.005995101937503  0.032061817041786  0.009671799147168  0.000000000000000  0.014659706195323  0.722966147272874  0.014761672515581  0.058476468614463  0.045248067886861  0.017591227908387  0.005695349136002  0.014905617977306  0.000000000000000  0.967947026893737  0.020207014560742  0.011759740214149  0.625464540056633  0.374490233606046  0.142793280856068  0.857376036634172  0.052811649025782  0.472701058375372  0.461691155364697 
45.0    G  0.017241152188156  0.000000000000000  0.008303872455926  0.006223750752231  0.004835899573584  0.741233504901418  0.012700243781005  0.000000000000000  0.032396909406866  0.025988190574216  0.006853230849475  0.000000000000000  0.000000000000000  0.019196671569463  0.057951909152216  0.041035035169505  0.005388128600887  0.015700997194122  0.001908956575021  0.003148761060519  0.961260928388761  0.025120343460723  0.013696964395563  0.379717922453632  0.620283648857694  0.037317599596081  0.962594443101751  0.053326631132004  0.480297431976738  0.458502021602336 
46.0    T  0.046391361582158  0.000000000000000  0.023243965038039  0.027680234971949  0.021138253610161  0.004594106446449  0.023568438698228  0.026534257701464  0.031098741306878  0.024433426347769  0.012577595900330  0.011678509754960  0.035698320214017  0.048799155787962  0.005150756306611  0.067545337627459  0.579547975952228  0.010344444612464  0.000000000000000  0.000000000000000  0.991029563264079  0.002501484104160  0.006470083291676  0.084905392784309  0.915099168127928  0.357000994921266  0.643048741715302  0.054334035005626  0.494142825750366  0.440740078953585 
47.0    V  0.024637505439259  0.017985773301996  0.000000000000000  0.018035709648701  0.017530366883289  0.018971795068673  0.007208925723858  0.010620533139896  0.127715010339288  0.107693269964002  0.023179608341268  0.032128557083002  0.014278616409834  0.018048215383650  0.070462525759089  0.000000000000000  0.025630403474898  0.453759577658580  0.007662335968661  0.004540289482493  0.991029563264079  0.002186743923153  0.006684336138145  0.608783009331493  0.390934821564297  0.288971676638700  0.711038705293637  0.048027349415250  0.493116352246680  0.456599125005996 
48.0    A  0.678772489940003  0.003190503871524  0.000000000000000  0.007704943003854  0.010776257201774  0.004406961474439  0.007894151925678  0.019984149707460  0.000000000000000  0.027603595358796  0.002843729587889  0.019223302261737  0.000000000000000  0.000000000000000  0.007535923317064  0.069975805540890  0.032084048303750  0.091252000665908  0.016642315678022  0.000000000000000  0.971980987981352  0.010344444612464  0.017433426911328  0.269433286260918  0.730522189272838  0.070609200910633  0.929160674250913  0.042777619159120  0.485990493990676  0.461371246326899 
49.0    L  0.006232384686008  0.001686210075341  0.011915637916065  0.022343515411901  0.013792234317041  0.000000000000000  0.025207554975691  0.053031743856619  0.003900838539457  0.750019494642909  0.012949139132625  0.015744590006414  0.008626553493462  0.010401965728409  0.012770864507629  0.008390659934532  0.000000000000000  0.024912264891892  0.007504647374637  0.010724097119179  1.000000000000000  0.000000000000000  0.000000000000000  0.027776333786455  0.971980987981352  0.210807777562528  0.788946840852465  0.041406469282663  0.497235084336607  0.447512535463986 
50.0    R  0.008431470597691  0.053697547184199  0.010237448467643  0.007839623035230  0.001169412797479  0.009124745270415  0.048127323389754  0.006241030597259  0.158989125842947  0.018186352100033  0.015420571029466  0.016030908520893  0.023963791557392  0.062413416631314  0.519069635271529  0.018262144508769  0.001923567271280  0.002421304101443  0.006982696580912  0.011454037165541  0.995159721820083  0.005172222306232  0.000000000000000  0.333324669272800  0.666649338545599  0.276816146121071  0.723467442935263  0.040386025957422  0.497579860910041  0.458819941155683 
51.0    E  0.015071846634127  0.000000000000000  0.029278795214763  0.846158596600290  0.000000000000000  0.004169239601719  0.000000000000000  0.000000000000000  0.038022573707315  0.000000000000000  0.003424241098891  0.000000000000000  0.013184621814532  0.012413037501502  0.007839623035230  0.022844647631251  0.000000000000000  0.007641120886307  0.000000000000000  0.000000000000000  0.991029563264079  0.001575472185981  0.007667648936355  1.000000000000000  0.000000000000000  0.168754748140343  0.831045861593648  0.039774841727373  0.499653546495226  0.470413053756894 
52.0    I  0.003601965304346  0.007203930608692  0.000000000000000  0.000000000000000  0.006057759424586  0.004186615088032  0.000000000000000  0.844986384412514  0.004992575637512  0.014771908074230  0.017948411796829  0.000000000000000  0.007041019239147  0.007284269425288  0.000000000000000  0.019330194979487  0.009005362084366  0.053846634982001  0.000000000000000  0.000000000000000  0.988285651500733  0.000000000000000  0.011493802701998  0.000000000000000  0.000000000000000  0.188286308329227  0.811689580977279  0.040162698045918  1.000000000000000  0.466193243218416 
53.0    R  0.011398596439376  0.037369368649254  0.000000000000000  0.007080171392714  0.000000000000000  0.007411596212035  0.062326953209504  0.003833824468178  0.064838746035351  0.021762679385454  0.007289320246381  0.015282241772615  0.017762765206813  0.020617311105826  0.670821112441131  0.016630784100834  0.009827226342469  0.014731008373722  0.004422261336370  0.006537705020964  0.993092495437036  0.000000000000000  0.007099829034754  0.000000000000000  0.000000000000000  0.248101093671455  0.752101875694344  0.040864729641774  1.000000000000000  0.463294030945185 
54.0    R  0.022577037467555  0.015766431778823  0.000000000000000  0.010724097119179  0.060833085884890  0.000000000000000  0.077589218220382  0.001852899053009  0.264621098718783  0.024247839196089  0.005072807041914  0.023880883136956  0.020418207092081  0.055900306361413  0.312082637225403  0.029687511964840  0.024723040662045  0.005350910077990  0.001398406973829  0.043134917293645  0.984866442895551  0.000000000000000  0.015092755139451  0.000000000000000  0.000000000000000  0.235696133979560  0.764188260382583  0.040808118346529  1.000000000000000  0.465547409915115 
55.0    Y  0.006003418676906  0.007109678313132  0.005104551773020  0.018211581220852  0.102663837594008  0.000000000000000  0.020474896935287  0.008454880035357  0.003241775724961  0.156691627555086  0.006712193398025  0.001912930268724  0.000000000000000  0.025312608551001  0.003775805066660  0.017652300227658  0.003788913712272  0.000000000000000  0.000000000000000  0.613017430026578  0.969289816935065  0.009916178797030  0.020934118787935  0.528509020280690  0.471392267959120  0.000000000000000  1.000000000000000  0.040836414184162  0.490729531926740  0.462011286223412 
56.0    Q  0.006206518750751  0.000000000000000  0.000000000000000  0.022892201165802  0.000000000000000  0.000000000000000  0.004508927412175  0.000000000000000  0.030269318413332  0.000000000000000  0.008449021589716  0.019873640730368  0.014248955711246  0.836826242683391  0.025488671666844  0.017998244411709  0.007845058931554  0.005336094752947  0.000000000000000  0.000000000000000  0.995849753094458  0.000000000000000  0.004126115724031  0.000000000000000  0.000000000000000  0.241651524266243  0.758383772687221  0.042364510212500  1.000000000000000  0.438910898804760 
57.0    K  0.035329080222643  0.000000000000000  0.004002175089972  0.019050860844942  0.000000000000000  0.007304493732433  0.017948411796829  0.000000000000000  0.568802613936252  0.007965606898423  0.018048215383650  0.022876338999150  0.000000000000000  0.033008925792246  0.142496659086683  0.105769824575036  0.017373111836205  0.000000000000000  0.000000000000000  0.000000000000000  0.984866442895551  0.007365504186861  0.008037708655419  0.502083771619487  0.497924876547229  0.156366135014158  0.843815796130018  0.041120453907157  0.493116352246680  0.449689156073876 
58.0    S  0.023373214974412  0.002043134648032  0.013359409029562  0.006953716666035  0.019103754338939  0.042511589137686  0.024877753086837  0.004186615088032  0.009909307807233  0.010532560404196  0.003594483010253  0.029197729590099  0.013012121420009  0.010716666317114  0.021152910610195  0.664342907048256  0.101040108600696  0.000000000000000  0.000000000000000  0.000000000000000  0.988285651500733  0.004812492474397  0.006862738033112  0.125000000000000  0.874784764905822  0.297507924076669  0.702709350103360  0.040751585476830  0.497924876547229  0.446582926176380 
59.0    T  0.018148573936339  0.002176159474257  0.011662331119507  0.050415109951383  0.006306258394568  0.016064278541501  0.007823337935245  0.013267128850732  0.000000000000000  0.000000000000000  0.006675076100701  0.007720981652349  0.058193426239389  0.009143739386520  0.006796463693036  0.046941247716904  0.676893139526230  0.048394939240826  0.010194960528820  0.003148761060519  0.991029563264079  0.000000000000000  0.008924580053504  0.000000000000000  0.000000000000000  0.155393708612992  0.844400887423782  0.040358042196948  1.000000000000000  0.456282744271726 
60.0    E  0.023947186878247  0.015777364024948  0.157344646688107  0.361984543094890  0.003469635921259  0.057312752700292  0.042896388476716  0.000000000000000  0.076946525834057  0.003900838539457  0.006465600125611  0.109575715164504  0.006900898839699  0.048361406048200  0.031445556984306  0.025330159996416  0.012612516789137  0.010903990344704  0.000000000000000  0.004978752450466  0.989656656415207  0.000000000000000  0.010173782731008  0.000000000000000  0.000000000000000  0.072594295745358  0.927230546435463  0.039582320428851  1.000000000000000  0.451250363731215 
61.0    L  0.020631606890859  0.007391075365044  0.006024261036750  0.004114691546699  0.089126607335259  0.009578397344165  0.007314626933082  0.017169597149639  0.006886563733650  0.697371833175203  0.021944451183406  0.014782150730087  0.018148573936339  0.000000000000000  0.021021362633154  0.016367751985934  0.022955759894974  0.019370432811547  0.000000000000000  0.000000000000000  0.995849753094458  0.003911668967622  0.000000000000000  0.181369025979272  0.818469181590804  0.349169633116849  0.650670927720967  0.039609766313576  0.485990493990676  0.444421340583285 
62.0    L  0.017325010056298  0.009638337264137  0.000000000000000  0.005986796719562  0.038048938083218  0.000000000000000  0.009800017222820  0.120407736752519  0.000000000000000  0.708087719107272  0.022498926851792  0.000000000000000  0.004772629303412  0.011390698272005  0.001415963703983  0.023389421668636  0.003817913150042  0.023324662239015  0.000000000000000  0.000000000000000  0.984866442895551  0.003817913150042  0.011390698272005  0.125000000000000  0.874784764905822  0.239982315259727  0.759962428200758  0.038499939795180  0.498615625676035  0.463936738235641 
63.0    I  0.000000000000000  0.009226505167418  0.000000000000000  0.001926235750964  0.070364911633548  0.000000000000000  0.010452559021767  0.673150034638391  0.000000000000000  0.139274206352417  0.018023212579063  0.014629253866164  0.011187255790634  0.002629492322806  0.015975445790780  0.000000000000000  0.006900898839699  0.019600034445641  0.000000000000000  0.006740166754239  0.980099415341871  0.016008700359888  0.003966273831521  0.146909541052471  0.853226098112067  0.248101093671455  0.752101875694344  0.038767728053606  0.485990493990676  0.463294030945185 
64.0    R  0.030522141530070  0.022749836703111  0.007129417879246  0.009118422670457  0.006479058951675  0.001837550991238  0.028301061969307  0.000000000000000  0.018620040227719  0.096254646779509  0.000000000000000  0.003781043073804  0.319524840800763  0.033215489823705  0.372419365780676  0.034363004666080  0.008561029425373  0.007094909513449  0.000000000000000  0.000000000000000  1.000000000000000  0.000000000000000  0.000000000000000  0.000000000000000  0.000000000000000  0.132494097924660  0.867538687152068  0.038929294236546  1.000000000000000  0.456599125005996 
65.0    K  0.028636520146105  0.005362048559589  0.004802495575213  0.010103507280371  0.021344379011787  0.000000000000000  0.013508394239185  0.006574058455355  0.664803554090857  0.004227440017679  0.000000000000000  0.007094909513449  0.015474107373954  0.041263213781719  0.135936048856860  0.009800017222820  0.009329399899020  0.021657341963288  0.000000000000000  0.000000000000000  0.996540262827868  0.003374758544532  0.000000000000000  0.500000000000000  0.500000000000000  0.000000000000000  1.000000000000000  0.038714021805747  0.498270131413934  0.462652214018926 
66.0    L  0.207186226121998  0.000000000000000  0.001824858099381  0.044316876114983  0.014812921330135  0.016862941195382  0.000000000000000  0.058032303269171  0.013248749447393  0.508739846051343  0.019668080836013  0.008200911590805  0.004802495575213  0.010047636589302  0.024416496255385  0.034891030061955  0.024046987815013  0.006323767316777  0.000000000000000  0.002602294580258  1.000000000000000  0.000000000000000  0.000000000000000  0.000000000000000  0.000000000000000  0.000000000000000  1.000000000000000  0.038606832410217  1.000000000000000  0.462652214018926 
67.0    P  0.034220389712299  0.019170077769591  0.010216182410443  0.005582008358364  0.000000000000000  0.005321320447814  0.003599469477339  0.052701944390632  0.012015162744299  0.026442456143759  0.000000000000000  0.002859542374894  0.674551267169849  0.007588339808919  0.039145763707004  0.067920928907879  0.020545980628204  0.014278616409834  0.000000000000000  0.003632050557083  0.992404374685819  0.007264101114165  0.000000000000000  1.000000000000000  0.000000000000000  0.000000000000000  1.000000000000000  0.038687196588670  0.496546247718518  0.462652214018926 
68.0    F  0.009329399899020  0.000000000000000  0.000000000000000  0.000000000000000  0.925304428037852  0.012015162744299  0.000000000000000  0.003599469477339  0.000000000000000  0.028537445312875  0.005182988830458  0.000000000000000  0.000000000000000  0.000000000000000  0.000000000000000  0.005175808660333  0.002921651871802  0.004453020596459  0.000000000000000  0.003632050557083  1.000000000000000  0.000000000000000  0.000000000000000  0.000000000000000  0.000000000000000  0.410940093647425  0.589269703905841  0.038687196588670  1.000000000000000  0.462652214018926 
69.0    Q  0.147521792917025  0.026460791011329  0.010089510549237  0.023147496844068  0.011509747545441  0.024046987815013  0.018749552849581  0.037136972033029  0.016311123865964  0.002141741383961  0.016538818669924  0.006533174999329  0.017861536490844  0.395568650592725  0.047828024056958  0.115582909764212  0.042511589137686  0.033609199701793  0.006872258405644  0.000000000000000  0.997231251352069  0.002513650873635  0.000000000000000  0.333324669272800  0.666649338545599  0.000000000000000  1.000000000000000  0.038022573707315  0.498961359499525  0.478635729097649 
70.0    R  0.028301061969307  0.018211581220852  0.027431931175297  0.003358423774387  0.000000000000000  0.022592692102277  0.052410511527558  0.000000000000000  0.029299096764285  0.006015915423719  0.005347202394890  0.000000000000000  0.000000000000000  0.021329589341956  0.705637921704346  0.035182455816774  0.020081349022959  0.006953716666035  0.001979017383123  0.015953314464175  0.978741650397436  0.000000000000000  0.021300040738789  0.000000000000000  0.000000000000000  0.000000000000000  1.000000000000000  0.038260512262506  1.000000000000000  0.478635729097649 
71.0    L  0.007635826300084  0.012166010797838  0.002541683311410  0.007149212250999  0.025260027150174  0.010216182410443  0.003788913712272  0.022189177477241  0.000000000000000  0.765248384911334  0.010131559020711  0.000000000000000  0.000000000000000  0.017824433060444  0.000000000000000  0.014771908074230  0.001679211887193  0.093428078039684  0.000000000000000  0.005806964782934  0.984184022033800  0.008620576094078  0.006867496569623  0.607518395952508  0.392564059336786  0.453445164466571  0.546388869550476  0.037786114869793  0.477310507069858  0.459138081150462 
72.0    V  0.061767853218796  0.016030908520893  0.000000000000000  0.000000000000000  0.000000000000000  0.022939853688033  0.000000000000000  0.070072879876782  0.000000000000000  0.024964122389036  0.005896195189533  0.000000000000000  0.017349044275447  0.005742919282770  0.009355302379835  0.016527358806538  0.000000000000000  0.742776460330414  0.006506060710004  0.000000000000000  0.988970916380931  0.010272990314102  0.000893651531375  0.203626890767554  0.796640096285583  0.277392368016961  0.722465198961763  0.038366740122346  0.491751037013124  0.468460723436213 
73.0    R  0.020760715845258  0.038956287321097  0.015744590006414  0.000000000000000  0.000000000000000  0.014936645587402  0.021344379011787  0.000000000000000  0.123707082051901  0.011973593439123  0.000000000000000  0.000000000000000  0.003003790686075  0.073812041339346  0.628942485918009  0.013763583970734  0.000000000000000  0.011179504062679  0.015335297872711  0.006434304822403  0.986232704493359  0.008537326086726  0.005388128600887  0.254369923025672  0.745872013345733  0.153786418093893  0.846158596600290  0.039554893561571  0.496546247718518  0.476318999021969 
74.0    E  0.004671171081157  0.002525876820093  0.029625842660270  0.797745239809033  0.000000000000000  0.009992074853730  0.004280514712686  0.000000000000000  0.048160694272400  0.000000000000000  0.002314634318245  0.006497047643554  0.008093615340313  0.016435965300061  0.025242524300300  0.031098741306878  0.007726335284226  0.003479269142995  0.000000000000000  0.002238890987751  0.982139595263391  0.000000000000000  0.017775081685508  0.000000000000000  0.000000000000000  0.339151081861918  0.660669202829133  0.040218413978165  1.000000000000000  0.472701058375372 
75.0    I  0.002029021686128  0.007350203964951  0.004361378757744  0.000000000000000  0.015700997194122  0.000000000000000  0.000000000000000  0.747424624317469  0.000000000000000  0.059457392270737  0.007243988644027  0.000000000000000  0.000000000000000  0.000000000000000  0.000000000000000  0.023699492896476  0.021300040738789  0.111568371434122  0.000000000000000  0.000000000000000  1.000000000000000  0.000000000000000  0.000000000000000  0.000000000000000  0.000000000000000  0.129497845445002  0.870550563296124  0.041120453907157  1.000000000000000  0.467487598875728 
76.0    A  0.394473420426233  0.043828101582575  0.038794609110191  0.013955716443012  0.004397806977097  0.012534080724258  0.001916912234089  0.036957218757629  0.000000000000000  0.060875266783953  0.047828024056958  0.019170077769591  0.024826075003003  0.009479324689443  0.003906250000000  0.066800374450688  0.137738139484576  0.076362068854594  0.006146581604325  0.000000000000000  0.959929261038908  0.012525395771866  0.027737854289672  0.377879982079057  0.622005826649234  0.052958277184132  0.946713631236714  0.041320456410705  0.488354264481114  0.472046209575125 
77.0    Q  0.031206708315657  0.009985151275024  0.038499939795180  0.095722374818399  0.005175808660333  0.025172634095273  0.017886315009354  0.014229216149875  0.028577034046872  0.072092850316251  0.035427169149326  0.041723384477997  0.015134659206666  0.421323414751576  0.042511589137686  0.033960464453939  0.022127741222102  0.034458411345904  0.001984511998035  0.012922240131926  0.940174202509126  0.000000000000000  0.059746582349609  0.333324669272800  0.666649338545599  0.072543994648983  0.927230546435463  0.041781265481410  0.500000000000000  0.446892581178393 
78.0    D  0.043134917293645  0.001970803972353  0.327598350964591  0.174222154835934  0.022749836703111  0.021463066147338  0.007726335284226  0.015324671937321  0.090183042928852  0.012482061194518  0.008390659934532  0.048765342510856  0.005512796263315  0.054674047806614  0.034363004666080  0.063548417080747  0.043585739573450  0.014004167180772  0.004578212045604  0.005746901350999  0.948684315140454  0.031511014215456  0.019478143660548  0.333555792419442  0.666187412546011  0.212274061611710  0.787853886049346  0.045752677998301  0.468785548228555  0.396666921595571 
79.0    F  0.014843755982420  0.051581588032041  0.000000000000000  0.039802421103953  0.382624192455667  0.004575039770386  0.024791682599723  0.091950421615984  0.002818220091527  0.108067153913483  0.030734439813320  0.032780916486717  0.000000000000000  0.012387252134536  0.005115177433920  0.021079727099058  0.003670010739117  0.051012690384431  0.015953314464175  0.106137030805855  0.832775770880549  0.151459082553780  0.015690117863109  0.501735874254751  0.498270131413934  0.149166967878965  0.850863729506541  0.046294993688135  0.357000994921266  0.404440674180870 
80.0    K  0.040751585476830  0.006920058742987  0.027374947345848  0.053697547184199  0.019196671569463  0.081503170953660  0.017039183322895  0.024298313621330  0.340564508660122  0.028066636652623  0.011210543239115  0.039418044025977  0.004930672000438  0.026114592466308  0.062500000000000  0.111723145294598  0.075519865211871  0.007319698803691  0.008513688376667  0.013480333508479  0.883315051481465  0.116709993114414  0.000000000000000  0.473685035299634  0.526315577354719  0.627201102260497  0.372936006672866  0.044966674375338  0.376050937847172  0.402483068810561 
81.0    S  0.063504383937106  0.002140257356343  0.038929294236546  0.055245470691479  0.001800982652173  0.059375023929680  0.059663813383732  0.017935975216484  0.029977003728915  0.018581361171918  0.004594106446449  0.025898278265250  0.107023535568307  0.014140725982545  0.067451764781527  0.081390261848064  0.298540796768647  0.044842172956459  0.005395603313062  0.003652246866217  0.914465089499901  0.069060280299994  0.016653855251062  0.386355274823994  0.613442488626902  0.234717936828863  0.765248384911334  0.043254678626609  0.409518348929914  0.449377563305515 
82.0    D  0.030628106729433  0.000000000000000  0.413225159077106  0.101390894447130  0.000000000000000  0.047300524780299  0.033146491917757  0.005778857458003  0.033123524481165  0.006698250286204  0.010033717257730  0.129049816935405  0.054183597719668  0.021838233935173  0.015755507107728  0.038929294236546  0.044224817510208  0.011430243911753  0.000000000000000  0.003363082766949  0.886381699194867  0.103808753011362  0.009718841041394  0.413798408039103  0.586011141837257  0.492774668469685  0.507331273290440  0.044163551371335  0.341273429471292  0.444421340583285 
83.0    L  0.000000000000000  0.021552514403548  0.004253894591157  0.005620834296917  0.141806935616994  0.003280201144313  0.059498619281096  0.056367211148891  0.000000000000000  0.443190849597434  0.045720975647010  0.017873921456309  0.015777364024948  0.000000000000000  0.008936960728155  0.010358795002333  0.011816937478781  0.058314561971050  0.001922234418035  0.093817443594648  0.972654947412286  0.025471010387582  0.002006643436287  0.479964630519454  0.520150133260993  0.466839972457657  0.533292890415882  0.043767385027725  0.456282744271726  0.453759577658580 
84.0    R  0.004667934393972  0.027527167941468  0.002887426623582  0.005065779510356  0.003183876298448  0.009466192659611  0.035255691795516  0.003723822442532  0.056250120612095  0.004684140288247  0.003958034766246  0.013773127467300  0.004700402445311  0.070316155293051  0.679714120953369  0.030416542942445  0.000000000000000  0.015250496262129  0.019998006466317  0.009194583884522  0.991029563264079  0.009239304689407  0.000000000000000  0.387696603173502  0.612168196200102  0.075206439124969  0.924663278113700  0.043706752585577  0.484980955170867  0.474013482564323 
85.0    F  0.000000000000000  0.005528102188776  0.000000000000000  0.000000000000000  0.518350550509860  0.000000000000000  0.000000000000000  0.133878852898932  0.000000000000000  0.016758072137780  0.017861536490844  0.000000000000000  0.000000000000000  0.000000000000000  0.003181670168243  0.016232173489026  0.001831193547768  0.024450368179266  0.231807636608866  0.030060232958274  1.000000000000000  0.000000000000000  0.000000000000000  0.000000000000000  0.000000000000000  0.286975603463751  0.713012858682070  0.043797732783773  1.000000000000000  0.475988954248766 
86.0    Q  0.020731955321831  0.000000000000000  0.006524124370534  0.026424133980547  0.000000000000000  0.003767961658532  0.014812921330135  0.000000000000000  0.014649548382142  0.002189777496149  0.000000000000000  0.007259067767585  0.000000000000000  0.590496330714765  0.095127086302460  0.041839226780576  0.159651719899424  0.001849050061009  0.011056204377552  0.003484095778985  0.995159721820083  0.000000000000000  0.004697145503509  0.000000000000000  0.000000000000000  0.000000000000000  1.000000000000000  0.042926132294676  1.000000000000000  0.483638164806966 
87.0    S  0.170282254330061  0.017241152188156  0.010496120513448  0.038580081465423  0.002690332121842  0.031598502526603  0.052337905469277  0.008943157504677  0.047234997759882  0.015176679617838  0.008065613558463  0.007855942034363  0.054484889971066  0.015218816695988  0.035304600455316  0.382624192455667  0.042364510212500  0.040190546357206  0.000000000000000  0.019464647118273  0.996540262827868  0.000000000000000  0.003510762213324  0.000000000000000  0.000000000000000  0.156691627555086  0.843231110250112  0.042718357873182  1.000000000000000  0.477641468191219 
88.0    S  0.154427329640866  0.000000000000000  0.063636574985289  0.115663053504732  0.010308655552913  0.064883704408941  0.025988190574216  0.005132936043552  0.015635834179103  0.007888682012474  0.015517070241204  0.020660228205353  0.023963791557392  0.087171479146900  0.030374405874417  0.280680355518402  0.063065727115293  0.009861344000876  0.000000000000000  0.005140056738395  0.997922718999051  0.000000000000000  0.002217269730754  0.000000000000000  0.000000000000000  0.000000000000000  1.000000000000000  0.042807280623924  1.000000000000000  0.476979775273779 
89.0    A  0.777007268784049  0.021747599872361  0.006429846447490  0.004177918312052  0.000000000000000  0.017015578364627  0.000000000000000  0.006049367405103  0.000000000000000  0.000000000000000  0.003594483010253  0.000000000000000  0.002929763650949  0.000000000000000  0.012735505193791  0.053586002289636  0.026960667016958  0.060245612983790  0.000000000000000  0.007391075365044  0.995849753094458  0.004242116626259  0.000000000000000  0.074738737298508  0.925304428037852  0.439215234119181  0.560971740265242  0.042926132294676  0.485317234884773  0.474342157570227 
90.0    I  0.000000000000000  0.000000000000000  0.012482061194518  0.000000000000000  0.017229205672952  0.000000000000000  0.006271385849343  0.326238736922239  0.000000000000000  0.421031476804208  0.036121459579837  0.006350121890502  0.000000000000000  0.000000000000000  0.000000000000000  0.015377875344278  0.013936383115939  0.137833645383614  0.000000000000000  0.007124477855623  0.982820598545251  0.007124477855623  0.010322956294205  1.000000000000000  0.000000000000000  0.000000000000000  1.000000000000000  0.042452696392155  0.497235084336607  0.486664687079119 
91.0    G  0.052958277184132  0.007179006902180  0.098005056759467  0.134530015597975  0.024484287092167  0.112266546610492  0.007905103133023  0.041607862913637  0.015942260300757  0.186985719795299  0.108442335894008  0.029137077701151  0.010216182410443  0.031511014215456  0.006920058742987  0.029197729590099  0.024214247842474  0.051976381148432  0.024603374267788  0.002001087544986  0.999307092990453  0.000354973759111  0.000000000000000  1.000000000000000  0.000000000000000  0.361984543094890  0.638164384414476  0.043075161030488  0.500000000000000  0.478304079045937 
92.0    A  0.678772489940003  0.028261855548784  0.004304316858893  0.000000000000000  0.000000000000000  0.005888026990462  0.018749552849581  0.022987605403996  0.000000000000000  0.049240867878084  0.024046987815013  0.006810611246383  0.023897441841918  0.000000000000000  0.007208925723858  0.052446852319159  0.022530138616566  0.055054335882936  0.000000000000000  0.000000000000000  1.000000000000000  0.000000000000000  0.000000000000000  0.000000000000000  0.000000000000000  0.000000000000000  1.000000000000000  0.042452696392155  1.000000000000000  0.487002134271620 
93.0    L  0.020660228205353  0.015030116479137  0.000000000000000  0.002952187359993  0.014751444049223  0.000000000000000  0.006810611246383  0.108517528450130  0.000000000000000  0.756808396484790  0.032509383328812  0.000000000000000  0.013574096642978  0.000000000000000  0.007208925723858  0.009786440926751  0.000000000000000  0.011638105180646  0.000000000000000  0.000000000000000  1.000000000000000  0.000000000000000  0.000000000000000  0.000000000000000  0.000000000000000  0.000000000000000  1.000000000000000  0.042452696392155  1.000000000000000  0.487002134271620 
94.0    Q  0.000000000000000  0.012361520331023  0.000000000000000  0.013267128850732  0.000000000000000  0.007094909513449  0.047662551664259  0.000000000000000  0.014140725982545  0.007099829034754  0.000000000000000  0.000000000000000  0.001778652018734  0.833353207159218  0.040107059298841  0.012006837353813  0.008875228631146  0.000000000000000  0.002458510104502  0.000000000000000  1.000000000000000  0.000000000000000  0.000000000000000  0.000000000000000  0.000000000000000  0.000000000000000  1.000000000000000  0.042659178683911  1.000000000000000  0.487002134271620 
95.0    E  0.020025748815003  0.008980428500271  0.016700093612672  0.622868707784737  0.010089510549237  0.018085784640471  0.021329589341956  0.000000000000000  0.043495199744722  0.016653855251062  0.002396259721199  0.000000000000000  0.000000000000000  0.012140738574751  0.026497498894786  0.031120304784202  0.052410511527558  0.084202098554106  0.000000000000000  0.013039207518053  0.997231251352069  0.002727887758725  0.000000000000000  1.000000000000000  0.000000000000000  0.226094844390272  0.773782496771195  0.042659178683911  0.500000000000000  0.487002134271620 
96.0    S  0.644387315242508  0.006537705020964  0.000000000000000  0.010525262319263  0.000000000000000  0.006078790441839  0.006805892126111  0.054863862350595  0.000000000000000  0.023292349793733  0.013212066990274  0.000000000000000  0.025844480263852  0.011630041055989  0.010061575230546  0.069927318814732  0.069782060123911  0.047169561516268  0.000000000000000  0.000000000000000  1.000000000000000  0.000000000000000  0.000000000000000  0.000000000000000  0.000000000000000  0.000000000000000  1.000000000000000  0.042629619839980  1.000000000000000  0.490729531926740 
97.0    V  0.383952567425525  0.018287478773040  0.000000000000000  0.000000000000000  0.016232173489026  0.004108991325015  0.012456132445946  0.003398231846518  0.005916665296394  0.012673861805891  0.000000000000000  0.006146581604325  0.012421644546078  0.006810611246383  0.021050524638526  0.293615492803413  0.125956720051313  0.076999879590360  0.000000000000000  0.000000000000000  1.000000000000000  0.000000000000000  0.000000000000000  0.000000000000000  0.000000000000000  0.000000000000000  1.000000000000000  0.042600081477578  1.000000000000000  0.490729531926740 
98.0    E  0.012276133072931  0.000000000000000  0.000000000000000  0.886381699194867  0.000000000000000  0.003137867174832  0.000000000000000  0.000000000000000  0.020474896935287  0.000000000000000  0.002822129683444  0.000000000000000  0.009752582413294  0.012709049970814  0.046843737554861  0.005699298219688  0.000000000000000  0.000000000000000  0.000000000000000  0.000000000000000  0.967947026893737  0.014487977288054  0.017640068825096  1.000000000000000  0.000000000000000  0.000000000000000  1.000000000000000  0.042423280621250  0.491069797631696  0.490729531926740 
99.0    S  0.498615625676035  0.022328033433455  0.085673925311231  0.019736363466341  0.037473122305972  0.008384845987449  0.011501772360689  0.017301009132567  0.012508043916505  0.024569290379385  0.055706905993561  0.019451159927846  0.014998894703733  0.009061716050824  0.000000000000000  0.081164912670618  0.028616677700566  0.032577055026285  0.000000000000000  0.020432364820887  1.000000000000000  0.000000000000000  0.000000000000000  0.000000000000000  0.000000000000000  0.108067153913483  0.891928519420093  0.043555538708983  1.000000000000000  0.473685035299634 
100.0    Y  0.000000000000000  0.015931213796847  0.001045928538273  0.012490716099257  0.198333460797786  0.000000000000000  0.042866665268456  0.044132950137024  0.000000000000000  0.023067412588794  0.039200068891281  0.012922240131926  0.012762015486094  0.005027301747271  0.012499377005199  0.003237284783156  0.063460381304339  0.021807980689409  0.003090380082756  0.488015880388112  1.000000000000000  0.000000000000000  0.000000000000000  0.000000000000000  0.000000000000000  0.237335530237630  0.762600826628142  0.043344717785356  1.000000000000000  0.476979775273779 
101.0    L  0.007982188146205  0.000000000000000  0.000000000000000  0.000000000000000  0.001912930268724  0.000000000000000  0.000000000000000  0.079936598829839  0.005766853147199  0.721464343430814  0.056680645558321  0.000000000000000  0.005908468739390  0.000000000000000  0.017750457262292  0.005399344556752  0.017181502333040  0.044997853703584  0.034963659407366  0.000000000000000  0.993092495437036  0.000000000000000  0.006920058742987  0.000000000000000  0.000000000000000  0.777007268784049  0.222982129855023  0.042718357873182  1.000000000000000  0.482968164462423 
102.0    V  0.032441852204471  0.026042287723726  0.000000000000000  0.000000000000000  0.010941846256931  0.014189819026899  0.003467231786209  0.084553014440642  0.000000000000000  0.019064070473003  0.003741934446182  0.003452841918217  0.009290680585959  0.003936147501604  0.012370091654239  0.006104124063846  0.139951611081780  0.617709318563465  0.008620576094078  0.004201149962724  0.986232704493359  0.009999003233159  0.003741934446182  1.000000000000000  0.000000000000000  0.000000000000000  1.000000000000000  0.042985681816867  0.495171435966512  0.489031736723670 
103.0    S  0.033008925792246  0.022908074331081  0.043075161030488  0.050730598811080  0.000000000000000  0.251390145099617  0.080269738061839  0.022860487823505  0.042159454198116  0.013763583970734  0.003377098559796  0.030862526920168  0.000000000000000  0.113282742283417  0.054258764225065  0.139564120247822  0.085259239679960  0.013340901787363  0.000000000000000  0.000000000000000  0.993781093322555  0.000000000000000  0.006015915423719  0.500000000000000  0.500000000000000  0.360482217865056  0.639492790638714  0.042955896736626  0.496890546661277  0.486327473706143 
104.0    L  0.000000000000000  0.008722757515489  0.000000000000000  0.029977003728915  0.053105312446166  0.000000000000000  0.011202775375124  0.036600318163088  0.000000000000000  0.666187412546011  0.057114465639338  0.000000000000000  0.002188260183973  0.007473501235093  0.052483218309009  0.006483551449922  0.010124538792448  0.043194756454018  0.009505643426829  0.005867655964613  0.984184022033800  0.000000000000000  0.016108879981169  0.000000000000000  0.000000000000000  0.297095776264233  0.703196599956560  0.042926132294676  1.000000000000000  0.487677730763821 
105.0    F  0.000000000000000  0.000000000000000  0.000000000000000  0.000000000000000  0.707597080163328  0.000000000000000  0.000000000000000  0.000000000000000  0.013452331067795  0.157453747493425  0.063901783163120  0.000000000000000  0.012225184089633  0.000000000000000  0.013415084944340  0.019777446780786  0.000000000000000  0.000000000000000  0.000000000000000  0.012301687133894  0.995159721820083  0.004546588025008  0.000000000000000  0.500000000000000  0.500000000000000  0.142694338390847  0.857376036634172  0.044071811265137  0.496890546661277  0.480630464194381 
106.0    E  0.043075161030488  0.010821167719617  0.008555097428075  0.647970482716667  0.000000000000000  0.046552420722584  0.001448725521329  0.000000000000000  0.093428078039684  0.002305028014329  0.002613139755442  0.003140042932590  0.000000000000000  0.052229184932616  0.017886315009354  0.047398985792951  0.018840747307668  0.003977285936581  0.000000000000000  0.000000000000000  0.998614666101029  0.001446718552754  0.000000000000000  0.250000000000000  0.750019494642909  0.843231110250112  0.156583054828016  0.044132950137024  0.500000000000000  0.483638164806966 
107.0    D  0.021672358892678  0.033655824256033  0.581560020773925  0.026479138592066  0.000000000000000  0.023195680791079  0.039281667953807  0.018853811245637  0.034915223064757  0.043224707156593  0.025559439329931  0.024654588776640  0.000000000000000  0.009565128065627  0.017579038823263  0.009024107691825  0.012612516789137  0.013725476066224  0.000000000000000  0.064480198706335  0.995159721820083  0.000000000000000  0.004815829396343  0.000000000000000  0.000000000000000  0.000000000000000  1.000000000000000  0.043224707156593  1.000000000000000  0.497579860910041 
108.0    T  0.306296332976169  0.033702513490452  0.032419373017675  0.000000000000000  0.003316782212683  0.025524030972188  0.000000000000000  0.012673861805891  0.023980407750014  0.012542771698687  0.002412927025639  0.017098339082199  0.008795613954193  0.012293163208649  0.003386474857479  0.175190931135093  0.319746395319357  0.010738974184156  0.000000000000000  0.000000000000000  1.000000000000000  0.000000000000000  0.000000000000000  0.000000000000000  0.000000000000000  0.000000000000000  1.000000000000000  0.043284670878466  1.000000000000000  0.493458272942921 
109.0    N  0.012958117903351  0.000000000000000  0.006456643110580  0.002718449984045  0.003647187284825  0.028164076956588  0.008026573745148  0.027450952132449  0.007609408347994  0.035012162943568  0.031752191968553  0.465224828851508  0.028105572254617  0.053958722410901  0.007233953300995  0.053252755942179  0.025808677029241  0.076256281892014  0.000000000000000  0.126481650128366  0.988970916380931  0.002346945409232  0.008578850107711  0.142892291926755  0.857376036634172  0.000000000000000  1.000000000000000  0.043284670878466  0.498961359499525  0.493458272942921 
110.0    L  0.036600318163088  0.008869078923016  0.000000000000000  0.014568538850576  0.003164076068875  0.000000000000000  0.010776257201774  0.041636713284126  0.067125279476258  0.622437117691085  0.045911519789947  0.007021524426649  0.022624033943431  0.011477879947487  0.034172983046395  0.017725866952124  0.030948214747907  0.010806176789148  0.002636792939693  0.011359160291565  0.969289816935065  0.024981432198515  0.005659930291230  0.477641468191219  0.522317881432116  0.591725510876286  0.408101523075451  0.043919334381460  0.479299719246488  0.487339815445774 
111.0    C  0.061511501377113  0.527411158534031  0.000000000000000  0.000000000000000  0.014199658069508  0.011406500083238  0.000000000000000  0.038313589376661  0.000000000000000  0.166662334636400  0.022514527325593  0.003192716126907  0.000000000000000  0.000000000000000  0.021196942616370  0.020361674208801  0.052120690239060  0.045405157799105  0.000000000000000  0.015646675870490  0.977385766410805  0.016390458243359  0.005916665296394  0.062500000000000  0.937571096457110  0.318861097919636  0.681129017320244  0.043646204139606  0.485990493990676  0.489710148793463 
112.0    A  0.563700206072711  0.033077637339848  0.000000000000000  0.000000000000000  0.000000000000000  0.001697938593926  0.012542771698687  0.040610595701733  0.009492474936758  0.000000000000000  0.077374393177340  0.000000000000000  0.019600034445641  0.000000000000000  0.000000000000000  0.085852264589351  0.129857387912208  0.026350972195316  0.000000000000000  0.000000000000000  0.986232704493359  0.013499034178129  0.000000000000000  0.314253343630457  0.685866644295299  0.000000000000000  1.000000000000000  0.043495199744722  0.489710148793463  0.489370825198718 
113.0    I  0.046134825177589  0.002929763650949  0.010888884677246  0.002849649109844  0.010251650426500  0.000000000000000  0.015441963304699  0.398320048142791  0.032352028870043  0.179493063827929  0.023864335905636  0.025826572442319  0.023897441841918  0.026848773592100  0.029380443828410  0.025120343460723  0.070511383591032  0.042482132559586  0.000000000000000  0.033400187225344  1.000000000000000  0.000000000000000  0.000000000000000  0.000000000000000  0.000000000000000  0.000000000000000  1.000000000000000  0.044501568612408  1.000000000000000  0.489370825198718 
114.0    H  0.013975076590353  0.000000000000000  0.001947717287797  0.008759109984598  0.004449935067274  0.012040173568100  0.797745239809033  0.000000000000000  0.003847134542561  0.007380836257791  0.006381007743047  0.009099481144285  0.009645020366356  0.013706461698950  0.036071419297401  0.019156794688331  0.010068551800664  0.007452808988653  0.000000000000000  0.038022573707315  1.000000000000000  0.000000000000000  0.000000000000000  0.000000000000000  0.000000000000000  0.000000000000000  1.000000000000000  0.045468146363586  1.000000000000000  0.489370825198718 
115.0    A  0.603321959860381  0.040134869030920  0.007375722024611  0.011890885787807  0.000000000000000  0.077053270341488  0.038956287321097  0.003188293149027  0.000000000000000  0.008425628372613  0.000000000000000  0.002841759147724  0.019077289260455  0.017169597149639  0.071644511608024  0.046520164223954  0.021226348196077  0.017229205672952  0.000000000000000  0.014043048853297  1.000000000000000  0.000000000000000  0.000000000000000  0.000000000000000  0.000000000000000  0.000000000000000  1.000000000000000  0.044563303667629  1.000000000000000  0.489370825198718 
116.0    K  0.017313005435389  0.000000000000000  0.025120343460723  0.003544996700458  0.000000000000000  0.085971363633734  0.029339742103608  0.004262749519746  0.553632292242143  0.000000000000000  0.000000000000000  0.057312752700292  0.010138584116712  0.026241609154504  0.100342173589494  0.077374393177340  0.009466192659611  0.000000000000000  0.000000000000000  0.000000000000000  0.994470168673214  0.000000000000000  0.005847355417159  0.000000000000000  0.000000000000000  0.000000000000000  1.000000000000000  0.044563303667629  1.000000000000000  0.489370825198718 
117.0    G  0.021597378227009  0.061128967090459  0.000000000000000  0.017050998078983  0.000000000000000  0.006510571930931  0.036727385263118  0.020235046857100  0.009042892320235  0.004140440560146  0.000000000000000  0.000000000000000  0.006245358049629  0.004819168632068  0.782411781736511  0.020703234641331  0.000000000000000  0.000000000000000  0.000000000000000  0.009361789229214  0.982139595263391  0.017603425445270  0.000000000000000  0.452189688780544  0.547905883223845  0.245875518506562  0.754190038343289  0.044255482444204  0.482633512435878  0.484980955170867 
118.0    V  0.046778843337272  0.004756117260402  0.014588749139302  0.037059828106592  0.000000000000000  0.000000000000000  0.013508394239185  0.082297932628703  0.028379638053797  0.027757087370075  0.006228066222973  0.000000000000000  0.000000000000000  0.007499447351866  0.000000000000000  0.017145811524676  0.014680042956469  0.699308041369231  0.000000000000000  0.000000000000000  0.997922718999051  0.000000000000000  0.002078848012604  0.000000000000000  0.000000000000000  0.334713814244611  0.665264520540343  0.044935516651467  1.000000000000000  0.489370825198718 
119.0    T  0.000000000000000  0.000000000000000  0.011382805577328  0.005750886180344  0.000000000000000  0.000000000000000  0.018607138271328  0.037551126547714  0.015239929086369  0.012115518849172  0.017169597149639  0.015484836926001  0.023292349793733  0.000000000000000  0.033725882390763  0.003090380082756  0.804408370941916  0.002185228712960  0.000000000000000  0.000000000000000  0.990342871933025  0.009355302379835  0.000000000000000  1.000000000000000  0.000000000000000  0.172300644121954  0.827596816078205  0.045689295262501  0.497235084336607  0.492092011016900 
120.0    I  0.000000000000000  0.000000000000000  0.000000000000000  0.000000000000000  0.005200982864205  0.000000000000000  0.018607138271328  0.426022047537433  0.011374918351555  0.377095019171645  0.005193777766335  0.008844522672740  0.000000000000000  0.000000000000000  0.000000000000000  0.020207014560742  0.005867655964613  0.121497623497669  0.000000000000000  0.000000000000000  1.000000000000000  0.000000000000000  0.000000000000000  0.000000000000000  0.000000000000000  0.000000000000000  1.000000000000000  0.045816148662163  1.000000000000000  0.493800430722686 
121.0    Q  0.017960857000542  0.023798261557863  0.014669871051804  0.050730598811080  0.051048061944376  0.000000000000000  0.007720981652349  0.029096713119695  0.042188687035086  0.020948634243443  0.425431864753270  0.038875364165577  0.000000000000000  0.079054971397121  0.025382887386132  0.010315803445430  0.137642699762245  0.004951220789197  0.000000000000000  0.020123150461091  1.000000000000000  0.000000000000000  0.000000000000000  0.000000000000000  0.000000000000000  0.756283998641981  0.243501067135810  0.045816148662163  1.000000000000000  0.493800430722686 
122.0    P  0.076415017355754  0.000000000000000  0.020123150461091  0.017469716421342  0.000000000000000  0.012344395497865  0.001189853773120  0.018879966302968  0.049755506173674  0.046134825177589  0.000000000000000  0.002366548164903  0.400812664699697  0.083910781423766  0.040162698045918  0.045720975647010  0.039254449410735  0.145490816800267  0.000000000000000  0.000000000000000  0.993092495437036  0.006929658634001  0.000000000000000  0.069830446129514  0.930449657703015  1.000000000000000  0.000000000000000  0.045847917005229  0.494828328207603  0.500000000000000 
123.0    K  0.005350910077990  0.000000000000000  0.026571067502006  0.026223426159579  0.000000000000000  0.024929538744032  0.001580941829194  0.000000000000000  0.555939578758553  0.000000000000000  0.000000000000000  0.024231037698344  0.011312016971715  0.016064278541501  0.239649859623244  0.018249490540830  0.036046425158126  0.013725476066224  0.000000000000000  0.000000000000000  1.000000000000000  0.000000000000000  0.000000000000000  0.000000000000000  0.000000000000000  0.000000000000000  0.000000000000000  0.046198825977308  1.000000000000000  1.000000000000000 
124.0    D  0.000000000000000  0.000000000000000  0.863339558574412  0.007823337935245  0.000000000000000  0.000000000000000  0.025347723611783  0.000000000000000  0.008716713455664  0.000000000000000  0.000000000000000  0.030374405874417  0.000000000000000  0.000000000000000  0.005258984645612  0.019117000642685  0.035747842912619  0.004471578752339  0.000000000000000  0.000000000000000  0.985549336939371  0.000000000000000  0.014447863720527  0.000000000000000  0.000000000000000  0.000000000000000  0.000000000000000  0.046198825977308  1.000000000000000  1.000000000000000 
125.0    I  0.004568701812703  0.000000000000000  0.000000000000000  0.000000000000000  0.053921334033916  0.000000000000000  0.004869535915137  0.406689599066063  0.012682649702770  0.082297932628703  0.276432663330067  0.000000000000000  0.000000000000000  0.000000000000000  0.000000000000000  0.025172634095273  0.054560474445860  0.075887180274690  0.002794876015670  0.000000000000000  0.994470168673214  0.005421846558655  0.000000000000000  0.123707082051901  0.875998315067126  0.847919964633148  0.152301282959399  0.046455718263469  0.478967609111348  0.492433221447775 
126.0    Q  0.082126976696836  0.006992383366625  0.015040538173465  0.069733707645310  0.005892109674557  0.000000000000000  0.029935475569459  0.016232173489026  0.120825762133122  0.035822255804012  0.005204589160516  0.018620040227719  0.008161216897377  0.491410299272626  0.049997508020797  0.023357019509921  0.000000000000000  0.010096506489355  0.003370083377120  0.007380836257791  1.000000000000000  0.000000000000000  0.000000000000000  0.500000000000000  0.500000000000000  1.000000000000000  0.000000000000000  0.045499673406221  0.500000000000000  0.500000000000000 
127.0    L  0.043676467870346  0.000000000000000  0.008065613558463  0.006032618227280  0.032217759962337  0.000000000000000  0.000000000000000  0.013012121420009  0.000000000000000  0.841479482285381  0.005062269396224  0.000000000000000  0.000000000000000  0.000000000000000  0.000000000000000  0.015592542484360  0.014033318326311  0.008783429092020  0.012132326171891  0.000000000000000  0.997231251352069  0.002434767957569  0.000000000000000  0.500000000000000  0.500000000000000  0.000000000000000  0.000000000000000  0.046070913040347  0.498961359499525  1.000000000000000 
128.0    A  0.542238704421532  0.007274178279924  0.006032618227280  0.011899130778932  0.000000000000000  0.000000000000000  0.009518830184962  0.051904376505681  0.000000000000000  0.029935475569459  0.078563335907614  0.000000000000000  0.005399344556752  0.000000000000000  0.000000000000000  0.007899625631651  0.029319412390646  0.184283652161388  0.015799251263302  0.019942637012952  0.997922718999051  0.001901033933903  0.000000000000000  0.199990032083188  0.799960128332753  0.000000000000000  0.000000000000000  0.046070913040347  0.500000000000000  1.000000000000000 
129.0    R  0.088941466327162  0.015009294749273  0.012404436420807  0.008350046806336  0.021732530807969  0.009902441578394  0.022577037467555  0.019491649561157  0.046714039019842  0.119079749755492  0.068916822691807  0.003577084712571  0.010138584116712  0.041839226780576  0.430773079856009  0.033238521027912  0.024180703024100  0.013994463595170  0.000000000000000  0.009005362084366  0.997922718999051  0.001938289794308  0.000000000000000  1.000000000000000  0.000000000000000  0.000000000000000  0.000000000000000  0.046584699587466  0.500000000000000  1.000000000000000 
130.0    R  0.009793226722193  0.019276674528273  0.004964967536350  0.010650020369395  0.040610595701733  0.057471877884479  0.040779842115280  0.008212288352248  0.057511728164055  0.028855697210294  0.013239569296033  0.059746582349609  0.001999700977399  0.011541703621739  0.556325060292417  0.014720801154763  0.019613624863791  0.001938289794308  0.000000000000000  0.042747978246953  0.991716730738293  0.000000000000000  0.008303872455926  0.000000000000000  0.000000000000000  0.000000000000000  0.000000000000000  0.046941247716904  1.000000000000000  1.000000000000000 
131.0    L  0.006651982091789  0.009036626436760  0.000000000000000  0.000000000000000  0.026941985781800  0.004862789981962  0.000000000000000  0.582366793234228  0.013377941946038  0.289974913626359  0.026681803574726  0.000000000000000  0.000000000000000  0.000000000000000  0.000000000000000  0.005251699195909  0.004440691301703  0.013508394239185  0.000000000000000  0.016851256745226  1.000000000000000  0.000000000000000  0.000000000000000  0.000000000000000  0.000000000000000  0.786762445353566  0.213011023768717  0.048428495684948  1.000000000000000  0.495171435966512 
132.0    R  0.031315050158739  0.082126976696836  0.010746420454217  0.000000000000000  0.007360400577381  0.089312133733818  0.047728671811272  0.000000000000000  0.053437636118248  0.039527485698561  0.006385432253815  0.009888723390393  0.000000000000000  0.014377932041014  0.573156092864189  0.025085543397374  0.000000000000000  0.005165057051338  0.004537143484085  0.000000000000000  0.988285651500733  0.005421846558655  0.006420938963241  0.297920643643512  0.702222437868999  0.000000000000000  1.000000000000000  0.056680645558321  0.497579860910041  0.500000000000000 
133.0    G  0.021492840908433  0.000000000000000  0.018048215383650  0.025033433674676  0.000000000000000  0.738157202841417  0.007174032517976  0.000000000000000  0.028164076956588  0.008789519411631  0.000000000000000  0.020775111065339  0.000000000000000  0.023340835267380  0.060706718471352  0.030564483545229  0.003289308412533  0.003217152411201  0.000000000000000  0.010995065432230  0.993092495437036  0.003488929110753  0.003168465451473  0.333324669272800  0.666649338545599  0.754712984260280  0.245024853835468  0.074428553085311  0.500000000000000  0.496202187342909 
134.0    E  0.043676467870346  0.006301888743923  0.077267203807559  0.370616752450709  0.007198938954677  0.007866840234818  0.009042892320235  0.101672399766516  0.045531222309313  0.040723348417603  0.007269137950805  0.026387527731993  0.017003788151106  0.050310383601320  0.127096834161495  0.000000000000000  0.010237448467643  0.036778335538086  0.002170134235654  0.012709049970814  0.995159721820083  0.004638904945599  0.000000000000000  0.692554734055462  0.307572836187786  1.000000000000000  0.000000000000000  0.077535456107212  0.491751037013124  0.498270131413934 
135.0    R  0.000000000000000  0.000000000000000  0.052084575447451  0.063372467486877  0.010380357922629  0.083968964107581  0.108217070689957  0.015788303851356  0.044966674375338  0.043555538708983  0.021373989123476  0.038526635170744  0.020179021098474  0.049446081324091  0.328280281356038  0.042629619839980  0.007483868892365  0.026042287723726  0.035231262879544  0.008572905762338  1.000000000000000  0.000000000000000  0.000000000000000  1.000000000000000  0.000000000000000  0.000000000000000  0.000000000000000  0.083678453561153  0.497924876547229  1.000000000000000 
136.0    N  0.382094130191292  0.000000000000000  0.023454360898662  0.038956287321097  0.048127323389754  0.059333882559407  0.027337023903307  0.066292983835514  0.000000000000000  0.037786114869793  0.024332021595677  0.031401994388243  0.053031743856619  0.037681494615336  0.015517070241204  0.041177498491692  0.036982844429768  0.040302132832996  0.000000000000000  0.036071419297401  1.000000000000000  0.000000000000000  0.000000000000000  1.000000000000000  0.000000000000000  0.000000000000000  0.000000000000000  0.123023002754225  1.000000000000000  1.000000000000000 
