No:  residues  hmm_col_1  hmm_col_2  hmm_col_3  hmm_col_4  hmm_col_5  hmm_col_6  hmm_col_7  hmm_col_8  hmm_col_9  hmm_col_10  hmm_col_11  hmm_col_12  hmm_col_13  hmm_col_14  hmm_col_15  hmm_col_16  hmm_col_17  hmm_col_18  hmm_col_19  hmm_col_20  hmm_col_21   hmm_col_22   hmm_col_23   hmm_col_24   hmm_col_25   hmm_col_26   hmm_col_27   hmm_col_28   hmm_col_29   hmm_col_30   
1.0    S  0.031818287492644  0.000000000000000  0.081616236693057  0.000000000000000  0.000000000000000  0.000000000000000  0.041636713284126  0.094273754792911  0.000000000000000  0.000000000000000  0.000000000000000  0.102948877158447  0.000000000000000  0.000000000000000  0.000000000000000  0.620283648857694  0.027603595358796  0.000000000000000  0.000000000000000  0.000000000000000  0.936921446872426  0.063328556259943  0.000000000000000  0.513344772859999  0.486664687079119  0.000000000000000  0.000000000000000  0.249135065706967  0.488015880388112  1.000000000000000 
2.0    H  0.000000000000000  0.000000000000000  0.000000000000000  0.042836962655616  0.000000000000000  0.185951720304313  0.028261855548784  0.000000000000000  0.000000000000000  0.000000000000000  0.000000000000000  0.000000000000000  0.000000000000000  0.000000000000000  0.000000000000000  0.335643125695066  0.407253781535108  0.000000000000000  0.000000000000000  0.000000000000000  0.961927454664775  0.000000000000000  0.038393343138927  0.000000000000000  0.000000000000000  0.000000000000000  0.000000000000000  0.246216610723888  1.000000000000000  1.000000000000000 
3.0    D  0.000000000000000  0.000000000000000  0.646624465943743  0.186338798349865  0.000000000000000  0.000000000000000  0.000000000000000  0.000000000000000  0.000000000000000  0.000000000000000  0.000000000000000  0.088327102742671  0.039472726932681  0.000000000000000  0.000000000000000  0.000000000000000  0.000000000000000  0.000000000000000  0.000000000000000  0.039118639332937  1.000000000000000  0.000000000000000  0.000000000000000  0.000000000000000  0.000000000000000  0.000000000000000  1.000000000000000  0.219303387183206  1.000000000000000  0.500000000000000 
4.0    E  0.226251615720726  0.000000000000000  0.162442382806930  0.551716870020980  0.000000000000000  0.000000000000000  0.000000000000000  0.000000000000000  0.000000000000000  0.000000000000000  0.000000000000000  0.000000000000000  0.000000000000000  0.027016788478371  0.032712821311705  0.000000000000000  0.000000000000000  0.000000000000000  0.000000000000000  0.000000000000000  0.975355461527642  0.000000000000000  0.024365776331604  0.000000000000000  0.000000000000000  1.000000000000000  0.000000000000000  0.177021929776818  1.000000000000000  0.500000000000000 
5.0    P  0.282241101201533  0.000000000000000  0.066063627535086  0.062630100317477  0.000000000000000  0.000000000000000  0.000000000000000  0.000000000000000  0.000000000000000  0.000000000000000  0.000000000000000  0.000000000000000  0.420448207626857  0.000000000000000  0.000000000000000  0.168754748140343  0.000000000000000  0.000000000000000  0.000000000000000  0.000000000000000  0.801069877589622  0.164367845025634  0.034602018265134  0.841479482285381  0.158658860752476  1.000000000000000  0.000000000000000  0.175799149989140  0.449066186441967  0.500000000000000 
6.0    S  0.034386831542692  0.000000000000000  0.091886708524315  0.052811649025782  0.000000000000000  0.041263213781719  0.000000000000000  0.000000000000000  0.000000000000000  0.000000000000000  0.142793280856068  0.000000000000000  0.000000000000000  0.000000000000000  0.076999879590360  0.442576882289773  0.091505355996602  0.025772923394065  0.000000000000000  0.000000000000000  0.866336856400087  0.103952762296863  0.029502888098445  0.396941965465826  0.602903913845380  0.000000000000000  1.000000000000000  0.118257205840699  0.467811748915700  0.500000000000000 
7.0    E  0.000000000000000  0.000000000000000  0.022655419263732  0.402762145524375  0.000000000000000  0.117277649562584  0.000000000000000  0.000000000000000  0.160428237195363  0.000000000000000  0.000000000000000  0.000000000000000  0.127008767874213  0.000000000000000  0.082070070339009  0.059457392270737  0.028340322779161  0.000000000000000  0.000000000000000  0.000000000000000  0.951977908497532  0.035599480538191  0.012301687133894  1.000000000000000  0.000000000000000  0.000000000000000  1.000000000000000  0.076680311078363  0.490389501994276  0.470739232270603 
8.0    S  0.015931213796847  0.000000000000000  0.000000000000000  0.038956287321097  0.000000000000000  0.030458738465361  0.000000000000000  0.000000000000000  0.062891113968611  0.000000000000000  0.000000000000000  0.000000000000000  0.000000000000000  0.029956232452906  0.211539649150072  0.491410299272626  0.052084575447451  0.020503300852999  0.035353576963934  0.010798689113505  0.984866442895551  0.014843755982420  0.000000000000000  1.000000000000000  0.000000000000000  0.649319301364942  0.350867931509769  0.065063849855257  0.481964903870322  0.465224828851508 
9.0    S  0.097801472717064  0.032690154368517  0.017133931071686  0.030290306779221  0.000000000000000  0.019956464987428  0.000000000000000  0.023633874957562  0.061001985048514  0.016390458243359  0.000000000000000  0.027584468634083  0.248617542168304  0.000000000000000  0.027776333786455  0.302079460847486  0.087474116599700  0.000000000000000  0.007625248131064  0.000000000000000  0.976031760776225  0.000000000000000  0.023633874957562  0.199990032083188  0.799960128332753  0.365767805176082  0.634195699662934  0.060245612983790  0.493116352246680  0.494142825750366 
10.0    E  0.000000000000000  0.000000000000000  0.000000000000000  0.111491064927512  0.000000000000000  0.035574813408590  0.000000000000000  0.000000000000000  0.212274061611710  0.000000000000000  0.000000000000000  0.035822255804012  0.000000000000000  0.000000000000000  0.039747281460737  0.064524908467703  0.043495199744722  0.000000000000000  0.457232544749951  0.000000000000000  0.942131273904809  0.038875364165577  0.019130256131253  1.000000000000000  0.000000000000000  0.302918165107561  0.696888619343735  0.063153215405423  0.482968164462423  0.476979775273779 
11.0    P  0.106063487713237  0.000000000000000  0.166777896209721  0.018350968300213  0.000000000000000  0.035971546603993  0.000000000000000  0.000000000000000  0.192910021882367  0.027489033622576  0.000000000000000  0.000000000000000  0.414947292794991  0.000000000000000  0.000000000000000  0.023389421668636  0.000000000000000  0.014052786127309  0.000000000000000  0.000000000000000  1.000000000000000  0.000000000000000  0.000000000000000  0.000000000000000  0.000000000000000  1.000000000000000  0.000000000000000  0.062025273417864  1.000000000000000  0.470087101254563 
12.0    C  0.000000000000000  1.000000000000000  0.000000000000000  0.000000000000000  0.000000000000000  0.000000000000000  0.000000000000000  0.000000000000000  0.000000000000000  0.000000000000000  0.000000000000000  0.000000000000000  0.000000000000000  0.000000000000000  0.000000000000000  0.000000000000000  0.000000000000000  0.000000000000000  0.000000000000000  0.000000000000000  0.967947026893737  0.000000000000000  0.031818287492644  0.000000000000000  0.000000000000000  0.000000000000000  0.000000000000000  0.059581159080510  1.000000000000000  1.000000000000000 
13.0    C  0.000000000000000  1.000000000000000  0.000000000000000  0.000000000000000  0.000000000000000  0.000000000000000  0.000000000000000  0.000000000000000  0.000000000000000  0.000000000000000  0.000000000000000  0.000000000000000  0.000000000000000  0.000000000000000  0.000000000000000  0.000000000000000  0.000000000000000  0.000000000000000  0.000000000000000  0.000000000000000  1.000000000000000  0.000000000000000  0.000000000000000  0.000000000000000  0.000000000000000  1.000000000000000  0.000000000000000  0.060664654360597  1.000000000000000  0.479632059662632 
14.0    D  0.000000000000000  0.000000000000000  0.774855930959171  0.000000000000000  0.000000000000000  0.000000000000000  0.000000000000000  0.000000000000000  0.000000000000000  0.000000000000000  0.000000000000000  0.143289023216047  0.000000000000000  0.000000000000000  0.017027376753333  0.052483218309009  0.012293163208649  0.000000000000000  0.000000000000000  0.000000000000000  0.956608158091874  0.034267862143372  0.009017854824350  1.000000000000000  0.000000000000000  0.000000000000000  0.000000000000000  0.059581159080510  0.480630464194381  1.000000000000000 
15.0    S  0.045279442329840  0.000000000000000  0.057074890625749  0.059746582349609  0.040414029121484  0.013888166893228  0.066707833627497  0.034698088550895  0.099029351365621  0.052556025953357  0.011702819800189  0.155933196489256  0.000000000000000  0.076203443379769  0.058032303269171  0.180992271547445  0.027603595358796  0.020165038913309  0.000000000000000  0.000000000000000  1.000000000000000  0.000000000000000  0.000000000000000  0.000000000000000  0.000000000000000  0.000000000000000  1.000000000000000  0.059663813383732  1.000000000000000  0.500000000000000 
16.0    C  0.105916554368265  0.657471380102535  0.011702819800189  0.000000000000000  0.000000000000000  0.014884968719437  0.000000000000000  0.073251392729657  0.000000000000000  0.000000000000000  0.000000000000000  0.000000000000000  0.069444295540943  0.016187230680625  0.000000000000000  0.000000000000000  0.032871930600121  0.018198962288570  0.000000000000000  0.000000000000000  0.751580739032781  0.241149546146035  0.007355300504228  0.835666958921854  0.164140140678019  1.000000000000000  0.000000000000000  0.059663813383732  0.317097849831467  0.500000000000000 
17.0    D  0.105476974516252  0.031862427593693  0.006249688502600  0.037996227599472  0.058112808913323  0.056838015737546  0.000000000000000  0.147521792917025  0.015975445790780  0.122852574818156  0.026607928367155  0.020081349022959  0.022250784306204  0.061896429495814  0.045436641166260  0.044997853703584  0.075362989230673  0.120574773073017  0.000000000000000  0.000000000000000  0.906890328933143  0.092911436526938  0.000000000000000  0.813379198132126  0.186468003336433  1.000000000000000  0.000000000000000  0.059292769696278  0.423666217473059  0.493800430722686 
18.0    C  0.000000000000000  0.917004043204671  0.000000000000000  0.000000000000000  0.000000000000000  0.000000000000000  0.000000000000000  0.000000000000000  0.000000000000000  0.000000000000000  0.000000000000000  0.000000000000000  0.047300524780299  0.000000000000000  0.035847094507068  0.000000000000000  0.000000000000000  0.000000000000000  0.000000000000000  0.000000000000000  0.967947026893737  0.031818287492644  0.000000000000000  0.500000000000000  0.500000000000000  0.000000000000000  0.000000000000000  0.059581159080510  0.479632059662632  1.000000000000000 
19.0    T  0.026848773592100  0.000000000000000  0.091252000665908  0.000000000000000  0.000000000000000  0.000000000000000  0.000000000000000  0.000000000000000  0.000000000000000  0.025594896808120  0.000000000000000  0.077053270341488  0.000000000000000  0.020109206989082  0.000000000000000  0.061896429495814  0.654289035727505  0.000000000000000  0.000000000000000  0.043224707156593  1.000000000000000  0.000000000000000  0.000000000000000  0.000000000000000  0.000000000000000  0.000000000000000  0.000000000000000  0.059581159080510  1.000000000000000  1.000000000000000 
20.0    K  0.010265872087104  0.000000000000000  0.005730989625654  0.020053529649420  0.000000000000000  0.022545760732213  0.000000000000000  0.014720801154763  0.444729496768949  0.015218816695988  0.025594896808120  0.000000000000000  0.020109206989082  0.000000000000000  0.394200087028139  0.026848773592100  0.000000000000000  0.000000000000000  0.000000000000000  0.000000000000000  1.000000000000000  0.000000000000000  0.000000000000000  0.000000000000000  0.000000000000000  0.000000000000000  0.000000000000000  0.059581159080510  1.000000000000000  1.000000000000000 
21.0    S  0.014700407929903  0.000000000000000  0.030269318413332  0.000000000000000  0.000000000000000  0.000000000000000  0.000000000000000  0.052446852319159  0.036880448229256  0.040162698045918  0.045499673406221  0.000000000000000  0.000000000000000  0.000000000000000  0.071992977646835  0.665264520540343  0.020446532366485  0.000000000000000  0.022545760732213  0.000000000000000  1.000000000000000  0.000000000000000  0.000000000000000  0.000000000000000  0.000000000000000  0.000000000000000  0.000000000000000  0.059581159080510  1.000000000000000  1.000000000000000 
22.0    I  0.037733768483953  0.000000000000000  0.036803837174843  0.025665959398502  0.079164640857701  0.000000000000000  0.000000000000000  0.410086455598363  0.022545760732213  0.139564120247822  0.038287041622021  0.067779838052691  0.000000000000000  0.042926132294676  0.007319698803691  0.000000000000000  0.010216182410443  0.015335297872711  0.010746420454217  0.055861572647299  1.000000000000000  0.000000000000000  0.000000000000000  0.000000000000000  0.000000000000000  0.000000000000000  0.000000000000000  0.059581159080510  1.000000000000000  1.000000000000000 
23.0    P  0.000000000000000  0.000000000000000  0.000000000000000  0.000000000000000  0.000000000000000  0.000000000000000  0.000000000000000  0.030269318413332  0.000000000000000  0.000000000000000  0.000000000000000  0.000000000000000  0.920187650624875  0.000000000000000  0.000000000000000  0.027204705103004  0.000000000000000  0.000000000000000  0.000000000000000  0.022545760732213  1.000000000000000  0.000000000000000  0.000000000000000  0.000000000000000  0.000000000000000  0.000000000000000  0.000000000000000  0.059581159080510  1.000000000000000  1.000000000000000 
24.0    P  0.015887104270187  0.000000000000000  0.033031813767543  0.000000000000000  0.000000000000000  0.000000000000000  0.000000000000000  0.000000000000000  0.000000000000000  0.000000000000000  0.000000000000000  0.000000000000000  0.923382310729395  0.000000000000000  0.027450952132449  0.000000000000000  0.000000000000000  0.000000000000000  0.000000000000000  0.000000000000000  0.962594443101751  0.037733768483953  0.000000000000000  0.369334515895640  0.630688704415625  0.000000000000000  0.000000000000000  0.059581159080510  0.465870214652387  1.000000000000000 
25.0    E  0.024147204676500  0.000000000000000  0.028242272710971  0.065154110052570  0.042926132294676  0.000000000000000  0.000000000000000  0.129139298460517  0.049962864397030  0.036651092163496  0.025137761591935  0.018414678247058  0.000000000000000  0.340092713101489  0.090810315598211  0.000000000000000  0.082927821287323  0.033632503899494  0.020291228167654  0.012361520331023  1.000000000000000  0.000000000000000  0.000000000000000  0.000000000000000  0.000000000000000  1.000000000000000  0.000000000000000  0.060287386536509  1.000000000000000  0.478635729097649 
26.0    C  0.000000000000000  0.927230546435463  0.000000000000000  0.000000000000000  0.000000000000000  0.000000000000000  0.000000000000000  0.000000000000000  0.000000000000000  0.000000000000000  0.000000000000000  0.000000000000000  0.000000000000000  0.000000000000000  0.000000000000000  0.000000000000000  0.000000000000000  0.000000000000000  0.047300524780299  0.025594896808120  1.000000000000000  0.000000000000000  0.000000000000000  0.000000000000000  0.000000000000000  0.000000000000000  0.000000000000000  0.059581159080510  1.000000000000000  1.000000000000000 
27.0    H  0.000000000000000  0.000000000000000  0.000000000000000  0.047071577082307  0.000000000000000  0.034267862143372  0.132677901118724  0.000000000000000  0.041926319527571  0.010423618513108  0.018135998662246  0.000000000000000  0.000000000000000  0.137356777197110  0.441045682598588  0.051510130309578  0.071743900865938  0.013840117485974  0.000000000000000  0.000000000000000  1.000000000000000  0.000000000000000  0.000000000000000  0.000000000000000  0.000000000000000  0.000000000000000  0.000000000000000  0.059581159080510  1.000000000000000  1.000000000000000 
28.0    C  0.000000000000000  0.985549336939371  0.000000000000000  0.000000000000000  0.000000000000000  0.000000000000000  0.014608987464866  0.000000000000000  0.000000000000000  0.000000000000000  0.000000000000000  0.000000000000000  0.000000000000000  0.000000000000000  0.000000000000000  0.000000000000000  0.000000000000000  0.000000000000000  0.000000000000000  0.000000000000000  1.000000000000000  0.000000000000000  0.000000000000000  0.000000000000000  0.000000000000000  0.000000000000000  0.000000000000000  0.059581159080510  1.000000000000000  1.000000000000000 
29.0    A  0.136502568218206  0.000000000000000  0.000000000000000  0.035427169149326  0.000000000000000  0.081616236693057  0.007350203964951  0.000000000000000  0.019236631458514  0.094339123032535  0.158439065254303  0.131123665946868  0.000000000000000  0.031336763621909  0.046455718263469  0.079494562921473  0.114625505400584  0.064079202368037  0.000000000000000  0.000000000000000  0.987600861445373  0.000000000000000  0.012421644546078  0.000000000000000  0.000000000000000  0.000000000000000  0.000000000000000  0.059581159080510  1.000000000000000  1.000000000000000 
30.0    N  0.034363004666080  0.000000000000000  0.908778116448520  0.017133931071686  0.000000000000000  0.000000000000000  0.000000000000000  0.000000000000000  0.000000000000000  0.000000000000000  0.000000000000000  0.039664715188119  0.000000000000000  0.000000000000000  0.000000000000000  0.000000000000000  0.000000000000000  0.000000000000000  0.000000000000000  0.000000000000000  0.986232704493359  0.000000000000000  0.013955716443012  0.000000000000000  0.000000000000000  1.000000000000000  0.000000000000000  0.059292769696278  1.000000000000000  0.498615625676035 
31.0    I  0.048027349415250  0.000000000000000  0.000000000000000  0.191843262000111  0.028696130071904  0.000000000000000  0.000000000000000  0.149063609041329  0.061896429495814  0.091632297324326  0.040666932982560  0.015399208389678  0.000000000000000  0.008602668735140  0.035109371969739  0.000000000000000  0.061596833558711  0.259714775824416  0.007715631730042  0.000000000000000  0.617281303446769  0.000000000000000  0.382889499273596  0.000000000000000  0.000000000000000  1.000000000000000  0.000000000000000  0.060120465916548  1.000000000000000  0.489710148793463 
32.0    R  0.031358492140922  0.000000000000000  0.000000000000000  0.000000000000000  0.021433332634228  0.181872585454345  0.000000000000000  0.000000000000000  0.020249077584896  0.000000000000000  0.016108879981169  0.000000000000000  0.000000000000000  0.000000000000000  0.417543959714185  0.271495464080574  0.022718320583130  0.017421347167620  0.000000000000000  0.000000000000000  0.697371833175203  0.000000000000000  0.302708270987638  0.000000000000000  0.000000000000000  1.000000000000000  0.000000000000000  0.098073012237094  1.000000000000000  0.268687293213875 
33.0    L  0.000000000000000  0.000000000000000  0.000000000000000  0.000000000000000  0.044780051574159  0.000000000000000  0.000000000000000  0.000000000000000  0.000000000000000  0.382624192455667  0.000000000000000  0.000000000000000  0.124394965227510  0.015218816695988  0.000000000000000  0.000000000000000  0.042807280623924  0.390393246303696  0.000000000000000  0.000000000000000  0.925946022527324  0.052410511527558  0.021944451183406  0.603740295743248  0.396392068305142  1.000000000000000  0.000000000000000  0.062500000000000  0.452189688780544  0.329191730514811 
34.0    N  0.026774436086518  0.000000000000000  0.146807746401707  0.281264621172202  0.018338252785646  0.012621262150150  0.015463385256488  0.000000000000000  0.099373156368622  0.000000000000000  0.000000000000000  0.182630547318209  0.000000000000000  0.027661055143111  0.031995215638389  0.082812938565325  0.058924033494890  0.015367219906660  0.000000000000000  0.000000000000000  1.000000000000000  0.000000000000000  0.000000000000000  0.000000000000000  0.000000000000000  1.000000000000000  0.000000000000000  0.060538636826664  1.000000000000000  0.489370825198718 
35.0    S  0.010957025395644  0.012421644546078  0.000000000000000  0.097937148368668  0.020574483157176  0.185308376225354  0.059005776196891  0.000000000000000  0.037525107108913  0.000000000000000  0.000000000000000  0.000000000000000  0.000000000000000  0.126394010106413  0.059663813383732  0.310356872881528  0.069637103176208  0.000000000000000  0.000000000000000  0.010145614083827  1.000000000000000  0.000000000000000  0.000000000000000  0.000000000000000  0.000000000000000  0.000000000000000  0.000000000000000  0.059581159080510  1.000000000000000  1.000000000000000 
36.0    C  0.010380357922629  0.977385766410805  0.000000000000000  0.000000000000000  0.000000000000000  0.000000000000000  0.000000000000000  0.000000000000000  0.000000000000000  0.000000000000000  0.000000000000000  0.012421644546078  0.000000000000000  0.000000000000000  0.000000000000000  0.000000000000000  0.000000000000000  0.000000000000000  0.000000000000000  0.000000000000000  1.000000000000000  0.000000000000000  0.000000000000000  0.000000000000000  0.000000000000000  0.000000000000000  0.000000000000000  0.059581159080510  1.000000000000000  1.000000000000000 
37.0    H  0.208049683677881  0.000000000000000  0.024030325488598  0.000000000000000  0.000000000000000  0.047234997759882  0.460093825312437  0.009011606289531  0.000000000000000  0.000000000000000  0.000000000000000  0.041435180009333  0.115342811581725  0.000000000000000  0.000000000000000  0.053772039413215  0.020446532366485  0.000000000000000  0.000000000000000  0.020574483157176  0.987600861445373  0.000000000000000  0.012551468699329  0.000000000000000  0.000000000000000  0.000000000000000  0.000000000000000  0.059581159080510  1.000000000000000  1.000000000000000 
38.0    S  0.170400325910313  0.000000000000000  0.033889919026346  0.013148116910709  0.000000000000000  0.021344379011787  0.000000000000000  0.000000000000000  0.041035035169505  0.000000000000000  0.034506213973847  0.000000000000000  0.271119352210766  0.000000000000000  0.000000000000000  0.414659772907221  0.000000000000000  0.000000000000000  0.000000000000000  0.000000000000000  1.000000000000000  0.000000000000000  0.000000000000000  0.000000000000000  0.000000000000000  0.000000000000000  1.000000000000000  0.059375023929680  1.000000000000000  0.498615625676035 
39.0    A  0.506628450079543  0.059457392270737  0.013677989526473  0.071248329543341  0.000000000000000  0.042896388476716  0.000000000000000  0.000000000000000  0.015166163590149  0.000000000000000  0.000000000000000  0.030332327180298  0.020905118043533  0.026793001144818  0.000000000000000  0.047629525948118  0.114625505400584  0.000000000000000  0.050836199883258  0.000000000000000  1.000000000000000  0.000000000000000  0.000000000000000  0.000000000000000  0.000000000000000  1.000000000000000  0.000000000000000  0.058760887656820  1.000000000000000  0.498615625676035 
40.0    C  0.030248344590429  0.969961910341735  0.000000000000000  0.000000000000000  0.000000000000000  0.000000000000000  0.000000000000000  0.000000000000000  0.000000000000000  0.000000000000000  0.000000000000000  0.000000000000000  0.000000000000000  0.000000000000000  0.000000000000000  0.000000000000000  0.000000000000000  0.000000000000000  0.000000000000000  0.000000000000000  1.000000000000000  0.000000000000000  0.000000000000000  0.000000000000000  0.000000000000000  0.000000000000000  0.000000000000000  0.059046690062325  1.000000000000000  1.000000000000000 
41.0    K  0.000000000000000  0.000000000000000  0.037240080455439  0.102237757319723  0.000000000000000  0.021388809579560  0.000000000000000  0.034007576302213  0.595841287287023  0.000000000000000  0.009698652277548  0.083736475151740  0.000000000000000  0.021152910610195  0.058598193528569  0.013322420183874  0.022781396544009  0.000000000000000  0.000000000000000  0.000000000000000  1.000000000000000  0.000000000000000  0.000000000000000  0.000000000000000  0.000000000000000  0.000000000000000  0.000000000000000  0.059046690062325  1.000000000000000  1.000000000000000 
42.0    S  0.064346255214625  0.030248344590429  0.078074757853336  0.124567532853483  0.009992074853730  0.006515086279883  0.027584468634083  0.019223302261737  0.062543336716411  0.018788582014034  0.000000000000000  0.043980261728919  0.004845966006701  0.040079268836320  0.072543994648983  0.310356872881528  0.059581159080510  0.026644840367749  0.000000000000000  0.000000000000000  1.000000000000000  0.000000000000000  0.000000000000000  0.000000000000000  0.000000000000000  0.000000000000000  0.000000000000000  0.059046690062325  1.000000000000000  1.000000000000000 
43.0    C  0.000000000000000  0.979420297586927  0.000000000000000  0.000000000000000  0.000000000000000  0.000000000000000  0.000000000000000  0.000000000000000  0.000000000000000  0.000000000000000  0.020603025226443  0.000000000000000  0.000000000000000  0.000000000000000  0.000000000000000  0.000000000000000  0.000000000000000  0.000000000000000  0.000000000000000  0.000000000000000  1.000000000000000  0.000000000000000  0.000000000000000  0.000000000000000  0.000000000000000  0.000000000000000  0.000000000000000  0.059046690062325  1.000000000000000  1.000000000000000 
44.0    I  0.080996310339583  0.000000000000000  0.051048061944376  0.084260483233566  0.016653855251062  0.044163551371335  0.000000000000000  0.160762185428825  0.024518253059273  0.083562530962821  0.042335155546418  0.000000000000000  0.005172222306232  0.078672323344054  0.033238521027912  0.007279222103944  0.000000000000000  0.287373712008669  0.000000000000000  0.000000000000000  1.000000000000000  0.000000000000000  0.000000000000000  0.000000000000000  0.000000000000000  0.000000000000000  0.000000000000000  0.059995578814932  1.000000000000000  1.000000000000000 
45.0    C  0.013093548979187  0.375529981735232  0.047695600280017  0.069300040225192  0.018465805420849  0.000000000000000  0.000000000000000  0.000000000000000  0.131852789633508  0.023914012028479  0.021492840908433  0.000000000000000  0.101040108600696  0.049617745683228  0.066063627535086  0.030416542942445  0.015367219906660  0.015271652600169  0.000000000000000  0.020789516266886  0.919550046151658  0.015463385256488  0.064838746035351  0.333324669272800  0.666649338545599  0.000000000000000  0.000000000000000  0.060496689180859  0.497924876547229  1.000000000000000 
46.0    T  0.127273149970578  0.000000000000000  0.022987605403996  0.000000000000000  0.000000000000000  0.057193698007996  0.000000000000000  0.000000000000000  0.000000000000000  0.030628106729433  0.000000000000000  0.007193950759414  0.016153605253874  0.027737854289672  0.006910472151028  0.150204506190856  0.358240412593275  0.176531800548094  0.000000000000000  0.018906157644051  0.859160754947185  0.112890813768978  0.028203147733201  1.000000000000000  0.000000000000000  0.660211420507500  0.339621571137236  0.061256213458867  0.418413121341696  0.445655247948486 
47.0    R  0.028419007868773  0.000000000000000  0.048394939240826  0.103163176064082  0.095523532547823  0.056877426505056  0.029708096913432  0.026479138592066  0.071843428002167  0.106431713468618  0.012788580962356  0.010040674511479  0.078617810739751  0.000000000000000  0.217939559884266  0.046134825177589  0.033655824256033  0.000000000000000  0.000000000000000  0.034054753506667  0.935623497831400  0.043495199744722  0.021079727099058  0.815072332402625  0.184923438656105  0.788946840852465  0.211100221855945  0.060622619396358  0.453759577658580  0.466193243218416 
48.0    S  0.140925051518178  0.000000000000000  0.026460791011329  0.000000000000000  0.015581738302376  0.101320639985664  0.035673584597712  0.011792390379067  0.000000000000000  0.042335155546418  0.000000000000000  0.000000000000000  0.000000000000000  0.000000000000000  0.008206598000084  0.551334581534456  0.066569262712089  0.000000000000000  0.000000000000000  0.000000000000000  0.803850990743151  0.196282029668393  0.000000000000000  0.552865326660134  0.447202450891303  0.000000000000000  1.000000000000000  0.061982295671143  0.365514362100008  0.482633512435878 
49.0    M  0.008402299925448  0.000000000000000  0.150308656112272  0.054033576956742  0.040107059298841  0.069444295540943  0.012949139132625  0.197647279150986  0.012551468699329  0.021108970070869  0.087656203165150  0.124050546835727  0.021123606766064  0.017676788481967  0.019804883156788  0.084435880283477  0.019343598294335  0.020235046857100  0.012560171730362  0.026534257701464  0.931740429304773  0.058112808913323  0.010467059393968  0.718968266423479  0.281069730944654  0.000000000000000  1.000000000000000  0.064168096607500  0.461371246326899  0.460093825312437 
50.0    P  0.045248067886861  0.000000000000000  0.029523345031163  0.035946621667206  0.000000000000000  0.103163176064082  0.000000000000000  0.000000000000000  0.000000000000000  0.000000000000000  0.000000000000000  0.000000000000000  0.762600826628142  0.000000000000000  0.012922240131926  0.010459806695144  0.000000000000000  0.000000000000000  0.000000000000000  0.000000000000000  0.973329374158238  0.016209686508838  0.010280113476789  0.199990032083188  0.799960128332753  0.307786103336229  0.692074858025740  0.064301669243348  0.493800430722686  0.452503231441453 
51.0    G  0.154106540682976  0.000000000000000  0.039281667953807  0.034891030061955  0.000000000000000  0.250173346865645  0.000000000000000  0.000000000000000  0.000000000000000  0.000000000000000  0.000000000000000  0.000000000000000  0.375009747321455  0.000000000000000  0.031554728049896  0.075206439124969  0.039912929974856  0.000000000000000  0.000000000000000  0.000000000000000  0.967947026893737  0.025242524300300  0.006555856539895  0.398320048142791  0.601651512999751  0.381036207584942  0.618995145418723  0.062456693311903  0.476979775273779  0.458502021602336 
52.0    K  0.042747978246953  0.000000000000000  0.035085044439800  0.032667503131411  0.000000000000000  0.061001985048514  0.007976657232087  0.017457611532378  0.094404536597677  0.067265007798987  0.018198962288570  0.000000000000000  0.000000000000000  0.264804583670969  0.288971676638700  0.041550222130679  0.000000000000000  0.027872766231878  0.000000000000000  0.000000000000000  0.866937563514687  0.132769898311922  0.000000000000000  0.200962747685788  0.798851916449148  0.580754365962861  0.419284092220466  0.062413416631314  0.399149193178325  0.455966582759885 
53.0    C  0.000000000000000  0.423959982316574  0.000000000000000  0.000000000000000  0.165511113799425  0.000000000000000  0.040666932982560  0.023260082111977  0.023035456520173  0.049275010878517  0.000000000000000  0.000000000000000  0.000000000000000  0.000000000000000  0.057312752700292  0.000000000000000  0.000000000000000  0.000000000000000  0.000000000000000  0.217035056900261  1.000000000000000  0.000000000000000  0.000000000000000  0.000000000000000  0.000000000000000  1.000000000000000  0.000000000000000  0.062068280964815  1.000000000000000  0.487002134271620 
54.0    R  0.000000000000000  0.000000000000000  0.000000000000000  0.009732323559137  0.034794425569646  0.000000000000000  0.031752191968553  0.107395094368398  0.000000000000000  0.000000000000000  0.020717590004667  0.000000000000000  0.000000000000000  0.131214585452883  0.308854659281732  0.040921419471361  0.008195229121679  0.269620107923613  0.016538818669924  0.020305297850866  1.000000000000000  0.000000000000000  0.000000000000000  0.000000000000000  0.000000000000000  0.000000000000000  0.000000000000000  0.060412881066561  1.000000000000000  1.000000000000000 
55.0    C  0.000000000000000  0.969289816935065  0.000000000000000  0.000000000000000  0.000000000000000  0.000000000000000  0.000000000000000  0.000000000000000  0.000000000000000  0.000000000000000  0.000000000000000  0.000000000000000  0.000000000000000  0.000000000000000  0.000000000000000  0.000000000000000  0.030479858172739  0.000000000000000  0.000000000000000  0.000000000000000  0.983502074026248  0.016538818669924  0.000000000000000  1.000000000000000  0.000000000000000  0.000000000000000  0.000000000000000  0.060412881066561  0.495858365369147  1.000000000000000 
56.0    L  0.094339123032535  0.000000000000000  0.050171086794747  0.053252755942179  0.033377044001495  0.055861572647299  0.013859317268002  0.063153215405423  0.121077273653328  0.137166492197405  0.037551126547714  0.034149304346905  0.000000000000000  0.046778843337272  0.064480198706335  0.037059828106592  0.105916554368265  0.041926319527571  0.000000000000000  0.009820416988452  1.000000000000000  0.000000000000000  0.000000000000000  0.000000000000000  0.000000000000000  0.000000000000000  0.000000000000000  0.060412881066561  1.000000000000000  1.000000000000000 
57.0    D  0.000000000000000  0.000000000000000  0.936272247434492  0.000000000000000  0.000000000000000  0.000000000000000  0.000000000000000  0.000000000000000  0.020717590004667  0.000000000000000  0.000000000000000  0.026205255763779  0.000000000000000  0.000000000000000  0.016538818669924  0.000000000000000  0.000000000000000  0.000000000000000  0.000000000000000  0.000000000000000  0.755759964158113  0.244346441602701  0.000000000000000  1.000000000000000  0.000000000000000  0.000000000000000  0.000000000000000  0.060412881066561  0.320856474390726  1.000000000000000 
58.0    T  0.000000000000000  0.000000000000000  0.000000000000000  0.000000000000000  0.000000000000000  0.005758864130043  0.010351617320666  0.314689293376214  0.000000000000000  0.070170088879601  0.009118422670457  0.030798416779355  0.000000000000000  0.080940187428402  0.040921419471361  0.046166814486955  0.204333832122071  0.147521792917025  0.039172906888772  0.000000000000000  0.957935218222696  0.000000000000000  0.042013593567270  0.000000000000000  0.000000000000000  0.000000000000000  0.000000000000000  0.065516404719808  1.000000000000000  1.000000000000000 
59.0    D  0.063592480756418  0.000000000000000  0.021463066147338  0.030290306779221  0.148342099707066  0.032509383328812  0.067498534989555  0.000000000000000  0.060833085884890  0.000000000000000  0.000000000000000  0.130308220105140  0.053883971563600  0.009705377201441  0.059995578814932  0.000000000000000  0.270743761381481  0.051012690384431  0.000000000000000  0.000000000000000  0.886381699194867  0.113833729198997  0.000000000000000  0.300617312224544  0.699308041369231  1.000000000000000  0.000000000000000  0.060833085884890  0.434672280045011  0.479632059662632 
60.0    D  0.000000000000000  0.000000000000000  0.338681244371342  0.052556025953357  0.000000000000000  0.000000000000000  0.041839226780576  0.000000000000000  0.076097876166437  0.000000000000000  0.000000000000000  0.410370804405249  0.000000000000000  0.019491649561157  0.040023745666555  0.000000000000000  0.021035938582450  0.000000000000000  0.000000000000000  0.000000000000000  0.993781093322555  0.005900283537355  0.000000000000000  1.000000000000000  0.000000000000000  1.000000000000000  0.000000000000000  0.061256213458867  0.497924876547229  0.500000000000000 
61.0    F  0.000000000000000  0.000000000000000  0.000000000000000  0.000000000000000  0.729004689408289  0.000000000000000  0.028144561870248  0.000000000000000  0.013202912256446  0.013583508751407  0.000000000000000  0.018958649378886  0.000000000000000  0.000000000000000  0.000000000000000  0.066155274679696  0.032667503131411  0.000000000000000  0.000000000000000  0.098481735756168  1.000000000000000  0.000000000000000  0.000000000000000  0.000000000000000  0.000000000000000  0.000000000000000  0.000000000000000  0.061171353149840  1.000000000000000  1.000000000000000 
62.0    C  0.000000000000000  1.000000000000000  0.000000000000000  0.000000000000000  0.000000000000000  0.000000000000000  0.000000000000000  0.000000000000000  0.000000000000000  0.000000000000000  0.000000000000000  0.000000000000000  0.000000000000000  0.000000000000000  0.000000000000000  0.000000000000000  0.000000000000000  0.000000000000000  0.000000000000000  0.000000000000000  1.000000000000000  0.000000000000000  0.000000000000000  0.000000000000000  0.000000000000000  0.000000000000000  0.000000000000000  0.061171353149840  1.000000000000000  1.000000000000000 
63.0    Y  0.018958649378886  0.000000000000000  0.055207190717592  0.078020659306351  0.000000000000000  0.000000000000000  0.096588818705998  0.000000000000000  0.154963462492373  0.000000000000000  0.000000000000000  0.015832139064986  0.028144561870248  0.101250434204006  0.016435965300061  0.000000000000000  0.000000000000000  0.000000000000000  0.000000000000000  0.434672280045011  1.000000000000000  0.000000000000000  0.000000000000000  0.000000000000000  0.000000000000000  0.000000000000000  0.000000000000000  0.061171353149840  1.000000000000000  1.000000000000000 
64.0    K  0.039308905369876  0.000000000000000  0.021990130864459  0.195196623151848  0.000000000000000  0.000000000000000  0.014700407929903  0.000000000000000  0.232290168562728  0.000000000000000  0.000000000000000  0.048260945818237  0.039118639332937  0.011304178795863  0.245024853835468  0.100481373842894  0.052556025953357  0.000000000000000  0.000000000000000  0.000000000000000  1.000000000000000  0.000000000000000  0.000000000000000  0.000000000000000  0.000000000000000  0.000000000000000  0.000000000000000  0.061171353149840  1.000000000000000  1.000000000000000 
65.0    P  0.142200653484063  0.061767853218796  0.014298424501999  0.000000000000000  0.000000000000000  0.000000000000000  0.000000000000000  0.000000000000000  0.107395094368398  0.018287478773040  0.000000000000000  0.008460742543171  0.231968369117821  0.041035035169505  0.286379474494939  0.088204740213043  0.000000000000000  0.000000000000000  0.000000000000000  0.000000000000000  1.000000000000000  0.000000000000000  0.000000000000000  0.000000000000000  0.000000000000000  0.000000000000000  0.000000000000000  0.061682284117865  1.000000000000000  1.000000000000000 
66.0    C  0.000000000000000  0.920187650624875  0.000000000000000  0.000000000000000  0.000000000000000  0.000000000000000  0.000000000000000  0.000000000000000  0.000000000000000  0.000000000000000  0.000000000000000  0.000000000000000  0.061939347704005  0.000000000000000  0.017701310707747  0.000000000000000  0.000000000000000  0.000000000000000  0.000000000000000  0.000000000000000  1.000000000000000  0.000000000000000  0.000000000000000  0.000000000000000  0.000000000000000  0.000000000000000  0.000000000000000  0.061639544030835  1.000000000000000  1.000000000000000 
67.0    E  0.000000000000000  0.000000000000000  0.022127741222102  0.052848267961095  0.000000000000000  0.000000000000000  0.052337905469277  0.000000000000000  0.303128204765434  0.000000000000000  0.000000000000000  0.112578247480991  0.023019495090883  0.000000000000000  0.000000000000000  0.093882495433808  0.340092713101489  0.000000000000000  0.000000000000000  0.000000000000000  0.911933165519769  0.087960523457837  0.000000000000000  0.236023104787562  0.764188260382583  0.000000000000000  0.000000000000000  0.061639544030835  0.447512535463986  1.000000000000000 
68.0    S  0.048327896090957  0.000000000000000  0.031489180012828  0.062543336716411  0.019024469041609  0.024586326417299  0.000000000000000  0.000000000000000  0.079000193653300  0.000000000000000  0.000000000000000  0.064524908467703  0.133786087303328  0.023765293019391  0.000000000000000  0.478967609111348  0.034054753506667  0.000000000000000  0.000000000000000  0.000000000000000  1.000000000000000  0.000000000000000  0.000000000000000  0.000000000000000  0.000000000000000  0.000000000000000  0.000000000000000  0.068156733291579  1.000000000000000  1.000000000000000 
69.0    M  0.030101934188130  0.027834153143959  0.000000000000000  0.000000000000000  0.000000000000000  0.085792776953432  0.000000000000000  0.000000000000000  0.000000000000000  0.000000000000000  0.064793818813733  0.027930786323650  0.042777619159120  0.000000000000000  0.091062444618626  0.629814989973700  0.000000000000000  0.000000000000000  0.000000000000000  0.000000000000000  1.000000000000000  0.000000000000000  0.000000000000000  0.000000000000000  0.000000000000000  0.000000000000000  0.000000000000000  0.212715932376635  1.000000000000000  1.000000000000000 
70.0    D  0.072543994648983  0.000000000000000  0.175190931135093  0.236023104787562  0.000000000000000  0.131396613635963  0.333555792419442  0.000000000000000  0.000000000000000  0.000000000000000  0.000000000000000  0.000000000000000  0.000000000000000  0.000000000000000  0.022844647631251  0.028399316139016  0.000000000000000  0.000000000000000  0.000000000000000  0.000000000000000  1.000000000000000  0.000000000000000  0.000000000000000  0.000000000000000  0.000000000000000  0.000000000000000  0.000000000000000  0.217939559884266  1.000000000000000  1.000000000000000 
71.0    K  0.000000000000000  0.000000000000000  0.315563008028029  0.155717176946184  0.000000000000000  0.055054335882936  0.028955876934074  0.036803837174843  0.091759414752131  0.000000000000000  0.000000000000000  0.000000000000000  0.000000000000000  0.000000000000000  0.000000000000000  0.171229122495696  0.110644220572443  0.034315400430845  0.000000000000000  0.000000000000000  1.000000000000000  0.000000000000000  0.000000000000000  0.000000000000000  0.000000000000000  0.000000000000000  0.000000000000000  0.218696191226455  1.000000000000000  1.000000000000000 
72.0    D  0.000000000000000  0.000000000000000  0.791137301185450  0.077804639711386  0.000000000000000  0.000000000000000  0.000000000000000  0.000000000000000  0.048832992510770  0.000000000000000  0.000000000000000  0.045248067886861  0.036906020669673  0.000000000000000  0.000000000000000  0.000000000000000  0.000000000000000  0.000000000000000  0.000000000000000  0.000000000000000  1.000000000000000  0.000000000000000  0.000000000000000  1.000000000000000  0.000000000000000  0.000000000000000  0.000000000000000  0.255253031426798  1.000000000000000  1.000000000000000 
