No:  residues  hmm_col_1  hmm_col_2  hmm_col_3  hmm_col_4  hmm_col_5  hmm_col_6  hmm_col_7  hmm_col_8  hmm_col_9  hmm_col_10  hmm_col_11  hmm_col_12  hmm_col_13  hmm_col_14  hmm_col_15  hmm_col_16  hmm_col_17  hmm_col_18  hmm_col_19  hmm_col_20  hmm_col_21   hmm_col_22   hmm_col_23   hmm_col_24   hmm_col_25   hmm_col_26   hmm_col_27   hmm_col_28   hmm_col_29   hmm_col_30   
1.0    S  0.010096506489355  0.006315006787543  0.071893243334413  0.019397304555096  0.000000000000000  0.008315392050417  0.005233529696984  0.000000000000000  0.152512563784028  0.000000000000000  0.000000000000000  0.292802545304702  0.000000000000000  0.107693269964002  0.006982696580912  0.282436803642531  0.026867390195094  0.002941973567644  0.000000000000000  0.006665828891501  0.995849753094458  0.004035603076891  0.000000000000000  0.765778998547191  0.234392774114277  0.000000000000000  0.000000000000000  0.124308771084152  0.498615625676035  1.000000000000000 
2.0    N  0.007360400577381  0.000000000000000  0.004094775294988  0.040666932982560  0.017145811524676  0.017664540111322  0.014690221914205  0.021807980689409  0.017325010056298  0.000000000000000  0.011501772360689  0.645281245225889  0.000000000000000  0.101884041550328  0.002067352333740  0.001601900217181  0.044255482444204  0.016299821773904  0.000000000000000  0.036372704200067  0.982139595263391  0.017664540111322  0.000000000000000  0.500000000000000  0.500000000000000  0.000000000000000  0.000000000000000  0.085614561247848  0.492092011016900  1.000000000000000 
3.0    L  0.000000000000000  0.016481598704188  0.000000000000000  0.000000000000000  0.037681494615336  0.018998113799736  0.000000000000000  0.063460381304339  0.000000000000000  0.692074858025740  0.017181502333040  0.013754047086924  0.011800567074710  0.023732370153352  0.002031836458051  0.061383724703962  0.000000000000000  0.041636713284126  0.000000000000000  0.000000000000000  0.982820598545251  0.017074652173452  0.000000000000000  0.665264520540343  0.334945900606960  0.000000000000000  0.000000000000000  0.076415017355754  0.492433221447775  1.000000000000000 
4.0    L  0.099580012035698  0.011776053980925  0.000000000000000  0.000000000000000  0.034698088550895  0.000000000000000  0.000000000000000  0.000000000000000  0.000000000000000  0.724973416439426  0.004301334367570  0.000000000000000  0.001743255803658  0.018161157929971  0.000000000000000  0.021344379011787  0.000000000000000  0.034891030061955  0.031293351740979  0.017145811524676  0.995159721820083  0.004964967536350  0.000000000000000  0.316658563430804  0.683493725970905  0.000000000000000  0.000000000000000  0.071198961076382  0.466839972457657  1.000000000000000 
5.0    R  0.018325546081748  0.000000000000000  0.044439919080852  0.144085793349858  0.000000000000000  0.021448194238358  0.000000000000000  0.000000000000000  0.135090675254919  0.000000000000000  0.009725579963923  0.001150119911714  0.000000000000000  0.047927583114784  0.439519780455894  0.044439919080852  0.026755883892077  0.018827692421794  0.048361406048200  0.000000000000000  1.000000000000000  0.000000000000000  0.000000000000000  0.000000000000000  0.000000000000000  0.000000000000000  0.000000000000000  0.058193426239389  1.000000000000000  1.000000000000000 
6.0    A  0.632001549226403  0.000000000000000  0.010858736092518  0.000000000000000  0.004169239601719  0.116386852478779  0.000000000000000  0.017506081471784  0.000000000000000  0.093234001668217  0.034031156729253  0.000000000000000  0.000000000000000  0.000000000000000  0.043015487549709  0.010488847677971  0.009271381231692  0.029137077701151  0.000000000000000  0.000000000000000  0.969289816935065  0.014358013804360  0.016596237288990  0.559030925482931  0.441045682598588  0.000000000000000  0.000000000000000  0.058112808913323  0.489710148793463  1.000000000000000 
7.0    I  0.000000000000000  0.008082402980616  0.000000000000000  0.024826075003003  0.023405639600378  0.000000000000000  0.000000000000000  0.599154510669709  0.000000000000000  0.086150322060977  0.002282768063596  0.010445316370353  0.000000000000000  0.001923567271280  0.000000000000000  0.002217269730754  0.000000000000000  0.167125061925642  0.028815722434770  0.045594385757505  0.986232704493359  0.010082519456655  0.003836482793998  1.000000000000000  0.000000000000000  0.000000000000000  1.000000000000000  0.056406295466402  0.483303048532487  0.486664687079119 
8.0    E  0.002306626291855  0.000000000000000  0.027318081887824  0.611320138846034  0.004964967536350  0.052012420919470  0.000000000000000  0.000000000000000  0.037085524926767  0.000000000000000  0.000000000000000  0.000000000000000  0.000000000000000  0.095988141856381  0.102379587232478  0.051940366349603  0.014598864795050  0.000000000000000  0.000000000000000  0.000000000000000  0.989656656415207  0.010620533139896  0.000000000000000  0.230845577682349  0.768970415635134  0.906261938267334  0.093752436830364  0.056289123740496  0.482633512435878  0.482633512435878 
9.0    A  0.578745108495061  0.000000000000000  0.000000000000000  0.000000000000000  0.000000000000000  0.115903818304433  0.002300239823428  0.000000000000000  0.042629619839980  0.012534080724258  0.002010820475457  0.000000000000000  0.019804883156788  0.040162698045918  0.128069602879100  0.036347501298370  0.015592542484360  0.005945442893904  0.000000000000000  0.000000000000000  0.900001929793512  0.100064351332038  0.000000000000000  1.000000000000000  0.000000000000000  1.000000000000000  0.000000000000000  0.056094378166704  0.410370804405249  0.500000000000000 
10.0    Q  0.052446852319159  0.000000000000000  0.000000000000000  0.000000000000000  0.000000000000000  0.014160342785427  0.032554482156507  0.000000000000000  0.000000000000000  0.002096211496862  0.000000000000000  0.056995822844986  0.019970302550048  0.684441906545919  0.010409178321031  0.022467758325734  0.104385989928546  0.000000000000000  0.000000000000000  0.000000000000000  0.993781093322555  0.000000000000000  0.006524124370534  0.513700719689482  0.486327473706143  0.000000000000000  0.000000000000000  0.056328153913177  0.496202187342909  1.000000000000000 
11.0    Q  0.062326953209504  0.000000000000000  0.000000000000000  0.023067412588794  0.000000000000000  0.007385954037115  0.027757087370075  0.000000000000000  0.000000000000000  0.000000000000000  0.000000000000000  0.041120453907157  0.021065120808392  0.674551267169849  0.016265962463814  0.056367211148891  0.065698306817982  0.000000000000000  0.004233304557987  0.000000000000000  0.922103117912631  0.000000000000000  0.078074757853336  0.000000000000000  0.000000000000000  0.000000000000000  1.000000000000000  0.056956330039821  1.000000000000000  0.485990493990676 
12.0    H  0.060245612983790  0.000000000000000  0.004440691301703  0.111336612575835  0.000000000000000  0.027565355162412  0.468460723436213  0.051832471613403  0.000000000000000  0.045531222309313  0.013830527571555  0.029157280985525  0.001511293939006  0.092847057541302  0.014639397607382  0.036803837174843  0.002208067513915  0.000000000000000  0.000000000000000  0.039692218204337  0.983502074026248  0.004819168632068  0.011461979251307  0.606676780124346  0.393108646070166  0.507331273290440  0.492774668469685  0.056798632278033  0.418993567333974  0.410086455598363 
13.0    L  0.013470992890900  0.053548872173036  0.000000000000000  0.000000000000000  0.009604991150426  0.000000000000000  0.013368672276291  0.034054753506667  0.000000000000000  0.524858341811534  0.182504001331815  0.000000000000000  0.000000000000000  0.001821067356322  0.000000000000000  0.022860487823505  0.006560402288626  0.093492859897649  0.000000000000000  0.043888902366812  0.985549336939371  0.014619117153616  0.000000000000000  1.000000000000000  0.000000000000000  0.118339203904589  0.881480157907170  0.053883971563600  0.478635729097649  0.443190849597434 
14.0    L  0.037499105699163  0.065743861200242  0.000000000000000  0.033169475279681  0.000826899719104  0.012149156810665  0.017652300227658  0.006483551449922  0.023324662239015  0.679714120953369  0.013359409029562  0.012421644546078  0.000000000000000  0.000000000000000  0.018465805420849  0.014033318326311  0.000000000000000  0.051976381148432  0.011670417633690  0.001489454739508  0.999307092990453  0.000777968844029  0.000000000000000  0.338916081700000  0.661127302571287  0.615999036722878  0.383952567425525  0.053623158151793  0.468136123717246  0.449689156073876 
15.0    Q  0.053437636118248  0.007139308204917  0.011613929565867  0.023781771575615  0.000000000000000  0.026442456143759  0.008361630456458  0.000000000000000  0.178376813214735  0.015614173327976  0.000000000000000  0.064435519924674  0.002584319218571  0.328507906787343  0.143886186415970  0.041120453907157  0.071198961076382  0.023357019509921  0.000000000000000  0.000000000000000  0.997231251352069  0.000000000000000  0.002584319218571  0.000000000000000  0.000000000000000  0.000000000000000  1.000000000000000  0.051832471613403  1.000000000000000  0.480963727332387 
16.0    L  0.035329080222643  0.000000000000000  0.000000000000000  0.000000000000000  0.004373487846306  0.000000000000000  0.056094378166704  0.011477879947487  0.012149156810665  0.639936206922154  0.000000000000000  0.013184621814532  0.006254021958252  0.000000000000000  0.000000000000000  0.121581868426536  0.083158065067543  0.002404578932314  0.000000000000000  0.014072280935124  0.958599438492977  0.036071419297401  0.005395603313062  1.000000000000000  0.000000000000000  0.670356295790168  0.329648403623092  0.051940366349603  0.452189688780544  0.478304079045937 
17.0    S  0.020717590004667  0.038875364165577  0.000000000000000  0.000000000000000  0.000000000000000  0.019383864026803  0.079992025865269  0.006763566918122  0.001386823592328  0.004143311489720  0.001058326139497  0.000000000000000  0.001200623893803  0.044625124365158  0.060454770600871  0.134530015597975  0.567227742467977  0.002126947295578  0.017689045345479  0.000000000000000  0.989656656415207  0.001197299668021  0.008943157504677  1.000000000000000  0.000000000000000  0.809442216547408  0.190386092462908  0.052192994964273  0.491069797631696  0.461691155364697 
18.0    V  0.045436641166260  0.018775563273857  0.000000000000000  0.000000000000000  0.000000000000000  0.036121459579837  0.000000000000000  0.078672323344054  0.000000000000000  0.069060280299994  0.000000000000000  0.000000000000000  0.000000000000000  0.000000000000000  0.002575378153305  0.148033951481704  0.000000000000000  0.599154510669709  0.002125473518888  0.000000000000000  0.945402116750744  0.015733680469636  0.038875364165577  0.358986127655859  0.641268301381124  0.555169416814320  0.445037866626248  0.051940366349603  0.483303048532487  0.484309094613314 
19.0    W  0.000000000000000  0.002394599336041  0.000000000000000  0.000000000000000  0.000000000000000  0.127892183716804  0.000000000000000  0.006528648116577  0.000000000000000  0.092333628973910  0.013257935964155  0.000000000000000  0.000000000000000  0.021463066147338  0.018697640050480  0.001887902533330  0.000000000000000  0.000000000000000  0.684441906545919  0.031098741306878  0.948684315140454  0.006528648116577  0.044935516651467  0.142892291926755  0.857376036634172  0.787853886049346  0.212126975426474  0.052120690239060  0.493800430722686  0.448444079831007 
20.0    G  0.062847536274904  0.005843303743603  0.001377244102036  0.000000000000000  0.000000000000000  0.878430468238362  0.021108970070869  0.000000000000000  0.000000000000000  0.006319385534076  0.000000000000000  0.000000000000000  0.000000000000000  0.000000000000000  0.000000000000000  0.002402912782717  0.000000000000000  0.021868529149925  0.000000000000000  0.000000000000000  0.980779003988551  0.019478143660548  0.000000000000000  0.367037659008526  0.632878296985140  0.956608158091874  0.043465061615937  0.052848267961095  0.479299719246488  0.437089310205187 
21.0    I  0.047960815500028  0.000000000000000  0.000000000000000  0.011179504062679  0.000000000000000  0.000000000000000  0.098823639575493  0.554784736033923  0.000000000000000  0.077858588473092  0.002313030491902  0.014033318326311  0.000000000000000  0.000000000000000  0.005908468739390  0.020137103601328  0.060078808024298  0.101040108600696  0.000000000000000  0.005790886757042  0.991029563264079  0.003505898635419  0.005310266569948  1.000000000000000  0.000000000000000  1.000000000000000  0.000000000000000  0.050555084272609  0.497579860910041  0.498961359499525 
22.0    K  0.000000000000000  0.000000000000000  0.000000000000000  0.023552107961850  0.000000000000000  0.015614173327976  0.000000000000000  0.004746237468379  0.680657058249737  0.028301061969307  0.000000000000000  0.040190546357206  0.000000000000000  0.022530138616566  0.059457392270737  0.068726009332159  0.025683755852964  0.000000000000000  0.000000000000000  0.030713143704539  0.995159721820083  0.004706923105448  0.000000000000000  0.199990032083188  0.799960128332753  1.000000000000000  0.000000000000000  0.050590138534213  0.492433221447775  0.493800430722686 
23.0    Q  0.011833330592789  0.000000000000000  0.000000000000000  0.000000000000000  0.000000000000000  0.000000000000000  0.019383864026803  0.000000000000000  0.017301009132567  0.003349125143102  0.000000000000000  0.188678246065070  0.001703833409709  0.604158921694971  0.016413196000168  0.079770548051810  0.052848267961095  0.004508927412175  0.000000000000000  0.000000000000000  0.991716730738293  0.000000000000000  0.008257953441886  0.000000000000000  0.000000000000000  0.000000000000000  0.000000000000000  0.050660319992832  1.000000000000000  1.000000000000000 
24.0    L  0.053252755942179  0.000000000000000  0.000000000000000  0.000000000000000  0.000000000000000  0.000000000000000  0.002138774357019  0.000000000000000  0.000000000000000  0.736113431084089  0.000000000000000  0.000000000000000  0.040638754579640  0.005129379396188  0.000000000000000  0.157126671815229  0.005609158244623  0.000000000000000  0.000000000000000  0.000000000000000  1.000000000000000  0.000000000000000  0.000000000000000  0.000000000000000  0.000000000000000  0.000000000000000  1.000000000000000  0.050800975124020  1.000000000000000  0.492092011016900 
25.0    Q  0.004508927412175  0.000000000000000  0.000000000000000  0.000000000000000  0.000000000000000  0.027469986278493  0.008235089244459  0.000000000000000  0.002808469790717  0.026078415036107  0.000000000000000  0.034770316268276  0.069733707645310  0.610473256334567  0.144385723069198  0.071545260037418  0.000000000000000  0.000000000000000  0.000000000000000  0.000000000000000  0.995159721820083  0.000000000000000  0.005154327776457  0.000000000000000  0.000000000000000  0.000000000000000  1.000000000000000  0.050836199883258  1.000000000000000  0.492092011016900 
26.0    A  0.597081593537295  0.010620533139896  0.014318260073052  0.000000000000000  0.000000000000000  0.100272645794061  0.006768256690626  0.000000000000000  0.015071846634127  0.000000000000000  0.000000000000000  0.000000000000000  0.024063661694877  0.054334035005626  0.046681670534761  0.009992074853730  0.105769824575036  0.015071846634127  0.000000000000000  0.000000000000000  1.000000000000000  0.000000000000000  0.000000000000000  0.000000000000000  0.000000000000000  0.510152329624229  0.489710148793463  0.050977343333688  1.000000000000000  0.481964903870322 
27.0    R  0.015668381810954  0.003484095778985  0.000000000000000  0.060748811748835  0.000000000000000  0.001192330578778  0.019873640730368  0.003041502699460  0.091188771515011  0.000000000000000  0.023831275832129  0.000000000000000  0.000000000000000  0.035822255804012  0.707597080163328  0.027834153143959  0.009929935072701  0.000000000000000  0.000000000000000  0.000000000000000  0.999307092990453  0.000861417348825  0.000000000000000  0.500000000000000  0.500000000000000  0.000000000000000  1.000000000000000  0.050836199883258  0.500000000000000  0.492092011016900 
28.0    V  0.000000000000000  0.000000000000000  0.001910280221577  0.054636163775648  0.010738974184156  0.002149176971418  0.000000000000000  0.100272645794061  0.000000000000000  0.154963462492373  0.007905103133023  0.005727018582770  0.005782864445313  0.019873640730368  0.014782150730087  0.117684808067651  0.000000000000000  0.503477775028359  0.000000000000000  0.000000000000000  0.960594863953477  0.038606832410217  0.000860820466706  0.333324669272800  0.666649338545599  0.000000000000000  1.000000000000000  0.050871449066902  0.447512535463986  0.492092011016900 
29.0    L  0.026979361205450  0.000000000000000  0.000000000000000  0.000000000000000  0.000000000000000  0.006341324851385  0.011288518733778  0.002895443378521  0.000000000000000  0.612168196200102  0.000000000000000  0.000000000000000  0.058557590429527  0.034172983046395  0.000000000000000  0.061256213458867  0.132402291835485  0.002027615762779  0.047300524780299  0.004661467746218  0.951977908497532  0.023847800140009  0.023947186878247  0.359484133211739  0.640379930664885  0.000000000000000  1.000000000000000  0.053363607149453  0.476649272644080  0.437392382452911 
30.0    A  0.768970415635134  0.016992006107108  0.007396200244037  0.002458510104502  0.000000000000000  0.088633752229966  0.000000000000000  0.000000000000000  0.000000000000000  0.044347604881262  0.000000000000000  0.000000000000000  0.002810417148459  0.000000000000000  0.002829965145615  0.031752191968553  0.008344261000374  0.002905495629755  0.022686848123498  0.000000000000000  0.942131273904809  0.035772630018709  0.022173802440631  0.473685035299634  0.526315577354719  0.426317445883978  0.573553512113083  0.054484889971066  0.424842499569325  0.409234590795402 
31.0    I  0.006297522121039  0.026314467300263  0.007525483547032  0.005347202394890  0.000000000000000  0.009766111738947  0.024981432198515  0.212863426937236  0.017664540111322  0.257920794825340  0.007406460665068  0.000000000000000  0.036906020669673  0.000000000000000  0.011414409207388  0.018300159081544  0.006470083291676  0.304180589658517  0.008734858210671  0.037917298757772  0.988970916380931  0.009793226722193  0.001289475430679  1.000000000000000  0.000000000000000  0.000000000000000  1.000000000000000  0.055861572647299  0.490389501994276  0.423959982316574 
32.0    E  0.000000000000000  0.000000000000000  0.017627845897758  0.740719899010160  0.000000000000000  0.066430979647410  0.000000000000000  0.000000000000000  0.029749309640548  0.000000000000000  0.000000000000000  0.000000000000000  0.039692218204337  0.005920767837931  0.046487930076078  0.006470083291676  0.046908721797324  0.000000000000000  0.000000000000000  0.000000000000000  0.996540262827868  0.003462428512480  0.000000000000000  0.111105335145821  0.888842681166570  0.000000000000000  1.000000000000000  0.055822865772048  0.497579860910041  0.422786143688758 
33.0    R  0.011541703621739  0.000000000000000  0.021270533070304  0.042217940141739  0.000000000000000  0.028517671516983  0.000000000000000  0.002444914958309  0.251913440102626  0.000000000000000  0.000000000000000  0.005738939973743  0.016493026838093  0.004762715211236  0.460412848602520  0.064524908467703  0.083736475151740  0.000000000000000  0.000000000000000  0.006288797950165  0.976031760776225  0.019249969897590  0.004762715211236  0.333324669272800  0.666649338545599  0.000000000000000  1.000000000000000  0.055822865772048  0.480630464194381  0.422786143688758 
34.0    Y  0.000000000000000  0.001322056913137  0.000000000000000  0.000000000000000  0.045626000332954  0.057074890625749  0.010337276874282  0.089808761034004  0.000000000000000  0.042482132559586  0.000000000000000  0.010881339692727  0.000000000000000  0.000000000000000  0.016458766186794  0.026534257701464  0.033054717613076  0.000000000000000  0.013649576498698  0.652929893544459  0.971307495541633  0.011493802701998  0.016862941195382  0.500000000000000  0.500000000000000  0.885767519102361  0.114387396015991  0.055706905993561  0.489031736723670  0.414947292794991 
35.0    L  0.000000000000000  0.005806964782934  0.000000000000000  0.000000000000000  0.000000000000000  0.000000000000000  0.000000000000000  0.081842838942723  0.000000000000000  0.636838737663250  0.021108970070869  0.005474716597972  0.093557686674543  0.000000000000000  0.000000000000000  0.063372467486877  0.000000000000000  0.037265902260332  0.054711958105891  0.000000000000000  0.965267024871757  0.000000000000000  0.034410674940561  0.000000000000000  0.000000000000000  0.000000000000000  1.000000000000000  0.050836199883258  1.000000000000000  0.472046209575125 
36.0    K  0.032106294980593  0.000000000000000  0.000000000000000  0.047994070928191  0.000000000000000  0.027261334555336  0.002041718945713  0.000000000000000  0.515484159397394  0.000000000000000  0.002112255397429  0.030269318413332  0.006546774489593  0.117196387057139  0.165970644797805  0.005306587049019  0.042159454198116  0.001835005369559  0.001681541383474  0.002128422094167  0.950000382874886  0.041063488348418  0.008967987608242  0.741233504901418  0.258636895379727  0.000000000000000  1.000000000000000  0.056484545421943  0.452816991508911  0.431669779287206 
37.0    D  0.048562954299003  0.000000000000000  0.707106781186547  0.008519591661447  0.001789782509132  0.041955390711883  0.005945442893904  0.011694710834318  0.000000000000000  0.009156424091207  0.000000000000000  0.065471007943737  0.000000000000000  0.000000000000000  0.000000000000000  0.043374772469237  0.041148966314351  0.008753040735892  0.000000000000000  0.006438766288697  1.000000000000000  0.000000000000000  0.000000000000000  0.000000000000000  0.000000000000000  0.000000000000000  1.000000000000000  0.056995822844986  1.000000000000000  0.423079298300145 
38.0    Q  0.002223425838037  0.000000000000000  0.000000000000000  0.000000000000000  0.000000000000000  0.000000000000000  0.000000000000000  0.000000000000000  0.000000000000000  0.000000000000000  0.000000000000000  0.011808749439971  0.052337905469277  0.748980467212091  0.041063488348418  0.067171823303469  0.076627178753322  0.000000000000000  0.000000000000000  0.000000000000000  0.896888159662015  0.046327094056339  0.056719947207323  0.316658563430804  0.683493725970905  0.110951417158687  0.888842681166570  0.057432055217441  0.445655247948486  0.423079298300145 
39.0    Q  0.091125586176036  0.000000000000000  0.009671799147168  0.000000000000000  0.000000000000000  0.000000000000000  0.016944959513173  0.000000000000000  0.007780076196050  0.043797732783773  0.000000000000000  0.000000000000000  0.008425628372613  0.600818024763425  0.090058109302370  0.086210057614191  0.045185384204555  0.000000000000000  0.000000000000000  0.000000000000000  0.990342871933025  0.000000000000000  0.009671799147168  0.000000000000000  0.000000000000000  0.184667257947820  0.815072332402625  0.064034801439550  1.000000000000000  0.350381862270187 
40.0    L  0.038875364165577  0.000000000000000  0.000000000000000  0.027110583973502  0.012516716837338  0.000000000000000  0.005570412958454  0.066292983835514  0.021762679385454  0.639492790638714  0.003275656970472  0.069444295540943  0.013021143861863  0.016187230680625  0.058598193528569  0.012404436420807  0.000000000000000  0.015250496262129  0.000000000000000  0.000000000000000  0.955282936382437  0.044811101500495  0.000000000000000  0.244346441602701  0.755759964158113  0.061725053840336  0.938221196500671  0.063153215405423  0.429878243121503  0.365767805176082 
41.0    L  0.000000000000000  0.000000000000000  0.000000000000000  0.000000000000000  0.040610595701733  0.000000000000000  0.000000000000000  0.000000000000000  0.000000000000000  0.910038824080899  0.015377875344278  0.000000000000000  0.012065236454559  0.000000000000000  0.012682649702770  0.009017854824350  0.000000000000000  0.000000000000000  0.000000000000000  0.000000000000000  1.000000000000000  0.000000000000000  0.000000000000000  0.000000000000000  0.000000000000000  0.086150322060977  0.913831450229400  0.063548417080747  1.000000000000000  0.349411742962767 
42.0    G  0.019791160214425  0.002273294012504  0.005535771080110  0.012560171730362  0.000000000000000  0.677362488742684  0.000000000000000  0.000000000000000  0.029238234307231  0.000000000000000  0.000000000000000  0.170755032094299  0.000000000000000  0.005193777766335  0.017086491523197  0.032622247731929  0.023195680791079  0.000000000000000  0.004468480364077  0.000000000000000  0.948684315140454  0.030248344590429  0.021329589341956  0.401925495371576  0.597909898388062  0.200545291588122  0.799405830352472  0.062283766426742  0.466193243218416  0.360232437209480 
43.0    L  0.043919334381460  0.000000000000000  0.000000000000000  0.012586317047637  0.040864729641774  0.000000000000000  0.026405824512891  0.455650640318571  0.000000000000000  0.213158722941989  0.029769937438873  0.006223750752231  0.000000000000000  0.022955759894974  0.002050227897701  0.067218399403586  0.033632503899494  0.045562793088018  0.000000000000000  0.000000000000000  0.957271458195298  0.021792869786725  0.021196942616370  1.000000000000000  0.000000000000000  0.129767408817882  0.870550563296124  0.065425642623411  0.480630464194381  0.345079338349157 
44.0    W  0.028795755818709  0.003386474857479  0.000000000000000  0.000000000000000  0.009971318506476  0.022828818414776  0.000000000000000  0.007478683267151  0.000000000000000  0.019722688001752  0.013175486097658  0.000000000000000  0.012499377005199  0.000000000000000  0.005505159199774  0.021167577773209  0.002475610394598  0.000000000000000  0.842062953608416  0.010903990344704  0.948026965128645  0.051760666333409  0.000000000000000  0.271119352210766  0.729004689408289  0.334713814244611  0.665264520540343  0.064883704408941  0.447512535463986  0.341036958719839 
45.0    G  0.021838233935173  0.006628967982077  0.000000000000000  0.000000000000000  0.000000000000000  0.900001929793512  0.000000000000000  0.003353771236085  0.021285281791258  0.020517517584752  0.000000000000000  0.006638164055771  0.000000000000000  0.000000000000000  0.012691443693066  0.000000000000000  0.000000000000000  0.000000000000000  0.007345110957103  0.000000000000000  0.949342120950519  0.031423768137452  0.019117000642685  0.187895184758195  0.812252396356236  0.319303439798847  0.680657058249737  0.061341191490842  0.422493192206257  0.352574490121097 
46.0    C  0.019846109102169  0.830470024090894  0.000000000000000  0.032690154368517  0.000000000000000  0.040978187944239  0.000000000000000  0.000000000000000  0.000000000000000  0.025435724533451  0.013820944302055  0.000000000000000  0.000000000000000  0.000000000000000  0.000000000000000  0.025155191800660  0.011743449047387  0.000000000000000  0.000000000000000  0.000000000000000  0.984184022033800  0.000000000000000  0.015920174947136  0.000000000000000  0.000000000000000  0.127008767874213  0.872967591133763  0.059622471909222  1.000000000000000  0.379717922453632 
47.0    S  0.106210624892331  0.013630667277668  0.000000000000000  0.020674553748564  0.052410511527558  0.000000000000000  0.012913286221160  0.000000000000000  0.048765342510856  0.000000000000000  0.000000000000000  0.001935604615750  0.013849714049920  0.011359160291565  0.032940356977836  0.677832163400000  0.003971776067547  0.000000000000000  0.000000000000000  0.003584530790279  0.973329374158238  0.003484095778985  0.022971677131079  0.244007940194056  0.756283998641981  0.357744130005728  0.642157904494713  0.059333882559407  0.467811748915700  0.379717922453632 
48.0    G  0.023535788541153  0.006987538295177  0.002731672036599  0.005076324462717  0.101813445383777  0.707597080163328  0.003175060945251  0.011849746448238  0.007080171392714  0.056133273305246  0.000000000000000  0.022987605403996  0.000000000000000  0.001646935762207  0.003414760235978  0.010517969291225  0.000000000000000  0.000000000000000  0.035451733904249  0.000000000000000  0.974679630891549  0.025016087833009  0.000000000000000  0.142892291926755  0.857376036634172  0.626332219312064  0.373453364278086  0.058598193528569  0.474671060475260  0.398044049389390 
49.0    K  0.042926132294676  0.000000000000000  0.000000000000000  0.001652653508985  0.000000000000000  0.030458738465361  0.038499939795180  0.000000000000000  0.609627547038152  0.008561029425373  0.010124538792448  0.043980261728919  0.022328033433455  0.007551610133320  0.125956720051313  0.017050998078983  0.035451733904249  0.005659930291230  0.000000000000000  0.000000000000000  0.938221196500671  0.061725053840336  0.000000000000000  0.250000000000000  0.750019494642909  0.190254172604920  0.810003473632046  0.051367511705928  0.428985265214345  0.459775023075829 
50.0    L  0.049206748535575  0.006651982091789  0.000000000000000  0.008501894075553  0.005683518295448  0.000000000000000  0.123279088061670  0.054863862350595  0.023373214974412  0.507683050434715  0.000000000000000  0.000000000000000  0.016470178488918  0.145087989297965  0.005002968208319  0.022066475068512  0.020474896935287  0.010416395914775  0.000000000000000  0.001013105406802  0.977385766410805  0.016019800592009  0.006651982091789  1.000000000000000  0.000000000000000  0.000000000000000  1.000000000000000  0.051048061944376  0.482968164462423  0.467487598875728 
51.0    I  0.000000000000000  0.049617745683228  0.000000000000000  0.000000000000000  0.010881339692727  0.000000000000000  0.000000000000000  0.556325060292417  0.000000000000000  0.089684345912919  0.048866852695537  0.023880883136956  0.028301061969307  0.000000000000000  0.001102504301568  0.011195012893540  0.011438169499575  0.168637816792462  0.000000000000000  0.000000000000000  0.963929807740643  0.000000000000000  0.036347501298370  0.000000000000000  0.000000000000000  0.000000000000000  1.000000000000000  0.051367511705928  1.000000000000000  0.458819941155683 
52.0    C  0.006275734349664  0.853817714391245  0.000000000000000  0.043646204139606  0.000000000000000  0.010738974184156  0.017603425445270  0.004295375583260  0.019804883156788  0.024332021595677  0.000000000000000  0.000000000000000  0.000000000000000  0.005332397335489  0.010409178321031  0.000000000000000  0.000000000000000  0.000000000000000  0.002295461578945  0.001392603239613  0.908148417721510  0.047894373756493  0.043949787497285  0.106431713468618  0.893785162356787  0.000000000000000  1.000000000000000  0.052994997789572  0.422786143688758  0.415522930796824 
53.0    T  0.018684684324627  0.000000000000000  0.012612516789137  0.000000000000000  0.000000000000000  0.009453078822026  0.162442382806930  0.000000000000000  0.000000000000000  0.025155191800660  0.000000000000000  0.035500914524584  0.053474689105163  0.026314467300263  0.028975954576108  0.020179021098474  0.521955963710860  0.000000000000000  0.000000000000000  0.085259239679960  1.000000000000000  0.000000000000000  0.000000000000000  0.017241152188156  0.982820598545251  0.000000000000000  1.000000000000000  0.062154385542076  0.500000000000000  0.340564508660122 
54.0    T  0.000000000000000  0.000000000000000  0.000000000000000  0.000000000000000  0.000000000000000  0.043194756454018  0.000000000000000  0.000000000000000  0.004340268471309  0.013230395505664  0.000000000000000  0.006782345528133  0.000000000000000  0.026314467300263  0.000000000000000  0.088265900274047  0.805524291048750  0.012378668920703  0.000000000000000  0.000000000000000  0.991029563264079  0.000000000000000  0.008918396149428  0.000000000000000  0.000000000000000  0.105330853687894  0.894404901782606  0.062154385542076  1.000000000000000  0.340564508660122 
55.0    S  0.135090675254919  0.007588339808919  0.009150079540772  0.012395841299862  0.007483868892365  0.006987538295177  0.005321320447814  0.024113752735296  0.020818356642063  0.013517760790390  0.000000000000000  0.281654807124320  0.000000000000000  0.000856060274723  0.013212066990274  0.178748123295211  0.264254510140345  0.006328152137750  0.012534080724258  0.000000000000000  1.000000000000000  0.000000000000000  0.000000000000000  0.000000000000000  0.000000000000000  0.260075066630496  0.739693754624419  0.061939347704005  1.000000000000000  0.348202870167259 
56.0    V  0.075258586326963  0.016042024151875  0.000000000000000  0.005136495157051  0.000000000000000  0.007099829034754  0.000000000000000  0.028656376350146  0.000000000000000  0.042423280621250  0.000000000000000  0.000000000000000  0.034267862143372  0.000000000000000  0.000000000000000  0.012065236454559  0.000000000000000  0.779164579660500  0.000000000000000  0.000000000000000  0.958599438492977  0.000000000000000  0.041579032533771  0.199990032083188  0.799960128332753  0.613867841957530  0.386355274823994  0.057591511637419  0.469110598250336  0.382094130191292 
57.0    P  0.039445376003504  0.000000000000000  0.000000000000000  0.031862427593693  0.000000000000000  0.008373230176065  0.003438511771731  0.001981762786291  0.049206748535575  0.025277542136304  0.000000000000000  0.000000000000000  0.778085176555419  0.013536513381251  0.012753172596108  0.012621262150150  0.007036140467562  0.016232173489026  0.000000000000000  0.000000000000000  0.954621014139717  0.020645912588410  0.024877753086837  0.166662334636400  0.833353207159218  0.000000000000000  1.000000000000000  0.054522669110672  0.477641468191219  0.409234590795402 
58.0    W  0.000000000000000  0.000000000000000  0.000000000000000  0.000000000000000  0.000000000000000  0.038875364165577  0.000000000000000  0.000000000000000  0.034220389712299  0.072695002596741  0.000000000000000  0.000000000000000  0.002960383918966  0.000000000000000  0.012508043916505  0.000000000000000  0.009297122627396  0.008668511500530  0.820741608810498  0.000000000000000  0.841479482285381  0.041723384477997  0.116952937228925  0.194521294138855  0.805524291048750  0.170636714735646  0.829319545814442  0.055629733328281  0.434672280045011  0.389042588277709 
59.0    N  0.000000000000000  0.000000000000000  0.035231262879544  0.029258507732328  0.000000000000000  0.010416395914775  0.000000000000000  0.017750457262292  0.028320685570854  0.000000000000000  0.000000000000000  0.752623373705534  0.007055675860561  0.006341324851385  0.016898043179432  0.037891025595679  0.048596627242660  0.008692579067069  0.000000000000000  0.001180816089681  0.958599438492977  0.001981762786291  0.039747281460737  0.166662334636400  0.833353207159218  0.000000000000000  1.000000000000000  0.066247048962330  0.499653546495226  0.280680355518402 
60.0    T  0.096991356784357  0.014967737784730  0.038660389958974  0.016619260513956  0.000825182016028  0.004762715211236  0.006838994763236  0.032894723584670  0.036829356494115  0.047398985792951  0.006601456128223  0.077643017611527  0.010096506489355  0.021152910610195  0.010569126805080  0.437089310205187  0.128247268167143  0.007796271242180  0.000000000000000  0.004120399676047  0.969289816935065  0.007437327410137  0.023470623858452  0.285784583853509  0.714001989842532  0.197236710213116  0.802737388715953  0.074998211398326  0.486664687079119  0.263340258988709 
61.0    T  0.020263118041422  0.000000000000000  0.021657341963288  0.000000000000000  0.000000000000000  0.001497736972337  0.029997789407466  0.007489058113226  0.001237805197299  0.047366142703450  0.000000000000000  0.015134659206666  0.025453361345944  0.022718320583130  0.006363340336486  0.583983697306559  0.160317075345281  0.039172906888772  0.000000000000000  0.017361073885236  0.986916545885842  0.004866161779568  0.007954571873161  0.193445624192799  0.806641759222126  0.025488671666844  0.974679630891549  0.071594868623735  0.494485458190466  0.288371401265006 
62.0    W  0.000000000000000  0.006712193398025  0.000000000000000  0.000000000000000  0.005794902085317  0.084260483233566  0.000000000000000  0.004584563196412  0.005002968208319  0.052775055463986  0.000000000000000  0.000000000000000  0.000000000000000  0.004568701812703  0.000000000000000  0.000000000000000  0.000000000000000  0.010598471308185  0.810565119885309  0.015218816695988  0.963929807740643  0.023552107961850  0.012438876543418  0.468785548228555  0.531079593247686  0.683967651951245  0.316000774613202  0.071001829049168  0.435275281648062  0.289573201548661 
63.0    S  0.028855697210294  0.006619784648017  0.000000000000000  0.039692218204337  0.003601965304346  0.083910781423766  0.023519480428298  0.007562086147607  0.011573748422034  0.000000000000000  0.009936820365184  0.027737854289672  0.025880333166705  0.003881957395791  0.026479138592066  0.527776858818983  0.078890752007007  0.087595465567547  0.000000000000000  0.006470083291676  0.875391329694264  0.048934643516034  0.075415244982548  0.665725806618185  0.334018519597525  0.198470982732913  0.801625329399394  0.052701944390632  0.452189688780544  0.409802303818759 
64.0    N  0.001362998793088  0.000000000000000  0.009645020366356  0.029935475569459  0.015810206266046  0.031774208540374  0.021702423996330  0.030395467106634  0.042159454198116  0.059746582349609  0.000000000000000  0.585605090609405  0.033100572958871  0.010903990344704  0.008332701412748  0.016909760070714  0.011430243911753  0.061639544030835  0.004032806779231  0.025506345192216  0.924663278113700  0.028203147733201  0.046843737554861  0.944747040997206  0.055016188347697  0.122682382981685  0.877213548732822  0.057392260143808  0.428985265214345  0.357992185300286 
65.0    K  0.014033318326311  0.000000000000000  0.040302132832996  0.018542762463383  0.000000000000000  0.060078808024298  0.003609463173620  0.015367219906660  0.474342157570227  0.006479058951675  0.000000000000000  0.112890813768978  0.000000000000000  0.012430257558671  0.109803808529795  0.018035709648701  0.019330194979487  0.036297147872679  0.002431394990981  0.055977854380678  0.875998315067126  0.077535456107212  0.046455718263469  0.297095776264233  0.702709350103360  0.523042469896265  0.476979775273779  0.058924033494890  0.389852421305662  0.343885454534936 
66.0    S  0.005339794734148  0.000000000000000  0.033353916813749  0.014629253866164  0.000000000000000  0.061128967090459  0.004499561102927  0.000000000000000  0.021477948368313  0.031163476604752  0.000000000000000  0.136502568218206  0.008367428306183  0.033169475279681  0.006258358418669  0.456599125005996  0.150517172653927  0.008986655416802  0.000000000000000  0.027969533466499  0.951977908497532  0.010903990344704  0.037395280100960  0.615999036722878  0.383952567425525  0.562139461889309  0.437999157533563  0.055283777208221  0.480630464194381  0.380772184925815 
67.0    Y  0.005125825213250  0.000000000000000  0.003393524160745  0.034722147770472  0.012832979699251  0.006420938963241  0.022374511581268  0.066523136403335  0.044718016250716  0.330792859977030  0.027261334555336  0.019887420863687  0.029360085912938  0.144987456813179  0.023963791557392  0.003749723675933  0.020137103601328  0.064212589961185  0.002901470548166  0.136691932185579  0.934975197751455  0.060329189054485  0.004749528449934  0.308854659281732  0.691116103264291  0.593779833036705  0.406126198178118  0.052994997789572  0.413798408039103  0.410940093647425 
68.0    N  0.011630041055989  0.003201580498584  0.198746312737244  0.161432168787792  0.000000000000000  0.055130710324824  0.005313948642211  0.063109456099793  0.059457392270737  0.003166269999552  0.034482304376311  0.082985322398902  0.029502888098445  0.021388809579560  0.044501568612408  0.084670311092835  0.121497623497669  0.009005362084366  0.001092614356480  0.009611651130868  1.000000000000000  0.000000000000000  0.000000000000000  1.000000000000000  0.000000000000000  0.052337905469277  0.947370070599268  0.054447137008891  0.497924876547229  0.407818746669505 
69.0    D  0.025400487562010  0.007139308204917  0.187895184758195  0.238159499510984  0.002058772311115  0.032963197408377  0.027718634536005  0.010159688644910  0.061001985048514  0.021006796783635  0.035182455816774  0.006707542472170  0.114070686067931  0.064346255214625  0.050555084272609  0.040442051702589  0.025719385789960  0.014843755982420  0.000000000000000  0.034650020112596  0.960594863953477  0.007139308204917  0.032486857349227  1.000000000000000  0.000000000000000  0.024382671255428  0.975355461527642  0.054371709544291  0.493458272942921  0.412081042476620 
70.0    I  0.007530701622974  0.000000000000000  0.052519609514580  0.009971318506476  0.009426905622818  0.035451733904249  0.002243551474604  0.654742711541783  0.026259804757290  0.055668306287918  0.006578616825066  0.043374772469237  0.018919266936727  0.006615197752832  0.026998068356259  0.000000000000000  0.003522950696806  0.028577034046872  0.000000000000000  0.011533706294397  0.983502074026248  0.013508394239185  0.003303016747568  0.239317864548824  0.760489376620505  0.782954296256543  0.216884671788017  0.055245470691479  0.434672280045011  0.382889499273596 
71.0    W  0.011454037165541  0.000000000000000  0.000000000000000  0.000000000000000  0.071149626817180  0.017313005435389  0.007672965587995  0.030437633391976  0.000000000000000  0.008899870134548  0.000000000000000  0.000000000000000  0.000000000000000  0.014619117153616  0.025862400502444  0.000000000000000  0.000000000000000  0.000000000000000  0.778085176555419  0.034386831542692  0.939522749214012  0.015570941606685  0.045122787360078  0.409234590795402  0.590905773467183  0.220522841299294  0.779704842611323  0.051510130309578  0.480297431976738  0.469761374607006 
72.0    D  0.006228066222973  0.000000000000000  0.216734390878672  0.133046272806670  0.020361674208801  0.167821562847533  0.040666932982560  0.011117683290895  0.035525530413625  0.008602668735140  0.016108879981169  0.187895184758195  0.000000000000000  0.034482304376311  0.018932385319223  0.027035521580781  0.053068515402927  0.017086491523197  0.000000000000000  0.005302910077656  0.950000382874886  0.025102937398657  0.025172634095273  0.625898229326997  0.374230746698173  0.501735874254751  0.498270131413934  0.053996136712517  0.474671060475260  0.428688018317086 
73.0    N  0.000000000000000  0.007515058239569  0.008257953441886  0.013294745773540  0.000000000000000  0.017015578364627  0.026042287723726  0.054371709544291  0.063197005053207  0.000000000000000  0.000000000000000  0.647970482716667  0.000000000000000  0.025155191800660  0.033353916813749  0.032329611922466  0.071694189014135  0.000000000000000  0.000000000000000  0.000000000000000  0.993781093322555  0.006249688502600  0.000000000000000  0.420156876116641  0.579949827252717  0.178996092650143  0.821310700752066  0.053660339777360  0.485317234884773  0.435577096071128 
74.0    M  0.018517074545962  0.021359178936591  0.012762015486094  0.040051497630006  0.004097614560840  0.009074286968170  0.000000000000000  0.050136322897030  0.000000000000000  0.141708676597303  0.550570799048982  0.000000000000000  0.006592310907266  0.004845966006701  0.007688937672139  0.030883926609398  0.074480160910878  0.000000000000000  0.007238969233519  0.020123150461091  0.994470168673214  0.005512796263315  0.000000000000000  1.000000000000000  0.000000000000000  0.041377778449856  0.958599438492977  0.053289680735497  0.495514781632040  0.446582926176380 
75.0    T  0.002901470548166  0.022020636799094  0.026998068356259  0.000000000000000  0.000000000000000  0.039968299414920  0.008734858210671  0.007916069532493  0.000000000000000  0.013677989526473  0.000000000000000  0.000000000000000  0.040836414184162  0.008832270055661  0.010694404789780  0.034482304376311  0.773782496771195  0.009400804890621  0.000000000000000  0.000000000000000  0.917639882311365  0.063065727115293  0.019545766876770  0.477972658796871  0.521955963710860  0.000000000000000  1.000000000000000  0.053326631132004  0.431071772508798  0.448755025333631 
76.0    W  0.006633564425366  0.039064446955788  0.020847237026215  0.000000000000000  0.000000000000000  0.049377581991461  0.000000000000000  0.000000000000000  0.000000000000000  0.019777446780786  0.000000000000000  0.000000000000000  0.024013674707625  0.000000000000000  0.002543445682752  0.000000000000000  0.000000000000000  0.000000000000000  0.815072332402625  0.022655419263732  1.000000000000000  0.000000000000000  0.000000000000000  0.000000000000000  0.000000000000000  0.723467442935263  0.276241121199978  0.059705183523902  1.000000000000000  0.389042588277709 
77.0    M  0.021612353578296  0.027680234971949  0.013975076590353  0.005786874211017  0.000000000000000  0.034770316268276  0.016232173489026  0.064614421015498  0.016345077184258  0.191444749636798  0.279515462741465  0.015898120189104  0.012665079998208  0.194926210652831  0.021807980689409  0.023115429832013  0.005908468739390  0.036625696364829  0.004723264358724  0.012516716837338  1.000000000000000  0.000000000000000  0.000000000000000  0.000000000000000  0.000000000000000  0.000000000000000  1.000000000000000  0.051796556530500  1.000000000000000  0.467487598875728 
78.0    E  0.038821508805764  0.036676505571292  0.012824087637664  0.270556161131429  0.000000000000000  0.078020659306351  0.029319412390646  0.000000000000000  0.037943590137345  0.004474679288983  0.000000000000000  0.044997853703584  0.010964622859680  0.396117405462485  0.010287241578588  0.017445515030978  0.011351289449776  0.000000000000000  0.000000000000000  0.000000000000000  0.996540262827868  0.000000000000000  0.003166269999552  0.000000000000000  0.000000000000000  0.000000000000000  1.000000000000000  0.051796556530500  1.000000000000000  0.467487598875728 
79.0    W  0.016333751565706  0.027469986278493  0.012525395771866  0.000000000000000  0.000000000000000  0.041349107497129  0.000000000000000  0.048093975630027  0.007785470803343  0.006228066222973  0.020389921057640  0.022749836703111  0.000000000000000  0.000000000000000  0.001821067356322  0.024130472909118  0.019545766876770  0.002256026922956  0.722966147272874  0.026296233821418  0.972654947412286  0.027223568504446  0.000000000000000  0.097530685021713  0.902500727462430  0.086629367853151  0.913198250011992  0.051688960527704  0.468785548228555  0.464258426153364 
80.0    D  0.009950605275988  0.000000000000000  0.363745170908689  0.353308410970682  0.000000000000000  0.070805242830987  0.014072280935124  0.027584468634083  0.005508976408142  0.016299821773904  0.000000000000000  0.029299096764285  0.023699492896476  0.006886563733650  0.015909143746322  0.035378090690959  0.000000000000000  0.019545766876770  0.000000000000000  0.008206598000084  0.976031760776225  0.023947186878247  0.000000000000000  0.617709318563465  0.382359069470692  0.315781815461450  0.684441906545919  0.051796556530500  0.474013482564323  0.467487598875728 
81.0    K  0.000891177234906  0.000000000000000  0.000000000000000  0.032284824615129  0.000000000000000  0.013102627881890  0.025719385789960  0.041349107497129  0.401368694357977  0.014915953345933  0.008850655353873  0.002468756051666  0.000000000000000  0.084494427064258  0.342458244991391  0.009813612352684  0.007411596212035  0.005933092538338  0.000000000000000  0.009067999331123  0.966606097064973  0.014033318326311  0.019668080836013  0.748980467212091  0.251041885809743  0.000000000000000  1.000000000000000  0.051260806949795  0.482968164462423  0.477972658796871 
82.0    E  0.002480763637771  0.000000000000000  0.006791754375703  0.539240215847226  0.000000000000000  0.004565536127192  0.002061628354762  0.005505159199774  0.154320325861692  0.070170088879601  0.002287519885193  0.023147496844068  0.000000000000000  0.090120554466264  0.069060280299994  0.004140440560146  0.006341324851385  0.019736363466341  0.000000000000000  0.000000000000000  1.000000000000000  0.000000000000000  0.000000000000000  0.000000000000000  0.000000000000000  0.531079593247686  0.468785548228555  0.052921582022658  1.000000000000000  0.452503231441453 
83.0    V  0.000000000000000  0.000000000000000  0.000000000000000  0.000000000000000  0.000000000000000  0.000000000000000  0.000000000000000  0.595841287287023  0.058842404033825  0.097260647069427  0.001715684508278  0.017181502333040  0.000000000000000  0.021974893748642  0.019505164826588  0.012499377005199  0.019290040732712  0.155717176946184  0.000000000000000  0.000000000000000  0.938871747315452  0.043015487549709  0.018035709648701  0.485990493990676  0.513700719689482  0.000000000000000  1.000000000000000  0.051260806949795  0.451876363375543  0.477972658796871 
84.0    R  0.047994070928191  0.001718064601411  0.253665636645220  0.058193426239389  0.000000000000000  0.046552420722584  0.011414409207388  0.024382671255428  0.033353916813749  0.045468146363586  0.000000000000000  0.086569341756933  0.000000000000000  0.007457976672967  0.044594203303684  0.276624338273068  0.035996488823417  0.016921485086343  0.000000000000000  0.009188212892898  1.000000000000000  0.000000000000000  0.000000000000000  0.000000000000000  0.000000000000000  0.000000000000000  1.000000000000000  0.052556025953357  1.000000000000000  0.457549584063964 
85.0    N  0.039254449410735  0.000000000000000  0.019572881853502  0.015261070765035  0.013975076590353  0.016053147490296  0.005436899968090  0.095988141856381  0.021792869786725  0.019654452684938  0.024348893114391  0.598324481615357  0.000000000000000  0.039664715188119  0.008887540842754  0.021270533070304  0.008620576094078  0.008992886650998  0.000000000000000  0.042926132294676  1.000000000000000  0.000000000000000  0.000000000000000  0.000000000000000  0.000000000000000  0.472373520498603  0.527776858818983  0.052556025953357  1.000000000000000  0.457549584063964 
86.0    Y  0.035896823593657  0.002605904628277  0.010467059393968  0.000000000000000  0.018048215383650  0.000000000000000  0.031336763621909  0.127803566326240  0.000000000000000  0.141905262768258  0.015766431778823  0.000000000000000  0.000000000000000  0.000000000000000  0.000000000000000  0.012216713173884  0.031840349894273  0.025970183174801  0.002287519885193  0.543744195427441  0.993781093322555  0.006202218210404  0.000000000000000  1.000000000000000  0.000000000000000  0.000000000000000  1.000000000000000  0.051260806949795  0.492433221447775  0.477972658796871 
87.0    T  0.003873893479446  0.000000000000000  0.013322420183874  0.062500000000000  0.004849326138774  0.000000000000000  0.075572229739585  0.016008700359888  0.024981432198515  0.003557304037469  0.003770574315905  0.000000000000000  0.012770864507629  0.051189793616239  0.012551468699329  0.111182374192237  0.599569956895556  0.004382591720822  0.000000000000000  0.000000000000000  1.000000000000000  0.000000000000000  0.000000000000000  0.000000000000000  0.000000000000000  0.282436803642531  0.717474767303352  0.051367511705928  1.000000000000000  0.468785548228555 
88.0    K  0.091823039579894  0.000000000000000  0.156149515706672  0.037812315288103  0.000000000000000  0.158768872817349  0.047994070928191  0.002158133759375  0.044780051574159  0.000000000000000  0.003705798106017  0.089995707407168  0.000000000000000  0.144385723069198  0.051048061944376  0.102663837594008  0.052994997789572  0.004286452881169  0.000000000000000  0.011390698272005  0.993781093322555  0.000000000000000  0.006202218210404  0.000000000000000  0.000000000000000  0.000000000000000  1.000000000000000  0.051331918797004  1.000000000000000  0.477972658796871 
89.0    R  0.013897796774030  0.000000000000000  0.016781319869064  0.034196678164398  0.011140825916907  0.024197469620413  0.030798416779355  0.182251172352072  0.010843693117309  0.139370777340962  0.002313030491902  0.129497845445002  0.036752851571593  0.068869069742288  0.020731955321831  0.005048253244678  0.212568540016049  0.049824529783784  0.000827473081002  0.009985151275024  0.996540262827868  0.000000000000000  0.003170662425692  0.000000000000000  0.000000000000000  0.000000000000000  1.000000000000000  0.051367511705928  1.000000000000000  0.468785548228555 
90.0    I  0.000000000000000  0.000000000000000  0.000000000000000  0.016311123865964  0.000000000000000  0.000000000000000  0.010934264574962  0.775393206347005  0.000000000000000  0.004852688600720  0.008178205327926  0.039664715188119  0.001966710058705  0.027814866664141  0.023666661185578  0.025488671666844  0.002638621258859  0.004862789981962  0.006167920989848  0.052192994964273  1.000000000000000  0.000000000000000  0.000000000000000  0.000000000000000  0.000000000000000  0.090496135773722  0.909408251800733  0.051474438579223  1.000000000000000  0.465870214652387 
91.0    Y  0.000000000000000  0.000000000000000  0.009387781636929  0.015420571029466  0.051083458030518  0.000000000000000  0.011800567074710  0.055822865772048  0.023650262390150  0.000000000000000  0.003938876776932  0.000000000000000  0.000000000000000  0.044255482444204  0.000000000000000  0.081221191403465  0.075206439124969  0.000000000000000  0.001134285871021  0.627201102260497  1.000000000000000  0.000000000000000  0.000000000000000  0.000000000000000  0.000000000000000  0.000000000000000  1.000000000000000  0.051581588032041  1.000000000000000  0.468785548228555 
92.0    E  0.032084048303750  0.001073843895815  0.069975805540890  0.082297932628703  0.000000000000000  0.062111318332660  0.004886441719192  0.014905617977306  0.075258586326963  0.019846109102169  0.020025748815003  0.107172004579271  0.016288527513143  0.081277509159280  0.083446768955994  0.142102121654502  0.153893051668115  0.019915009801863  0.002978909479016  0.010467059393968  0.976031760776225  0.024180703024100  0.000000000000000  1.000000000000000  0.000000000000000  0.282436803642531  0.717474767303352  0.051617354058483  0.473028823362798  0.468785548228555 
93.0    L  0.037969899747032  0.034220389712299  0.021792869786725  0.039885274025905  0.004775938584735  0.016874633747389  0.000000000000000  0.035797434311867  0.020123150461091  0.641712948781452  0.017003788151106  0.000000000000000  0.023633874957562  0.011493802701998  0.005451995172352  0.038022573707315  0.016584737639841  0.009936820365184  0.005172222306232  0.019532223477894  0.993092495437036  0.006987538295177  0.000000000000000  0.058395459180199  0.941478464541206  1.000000000000000  0.000000000000000  0.051474438579223  0.470413053756894  0.477972658796871 
94.0    I  0.009881871424640  0.030691862351981  0.000000000000000  0.000000000000000  0.003616976650497  0.000000000000000  0.010561803383032  0.330334601414566  0.000000000000000  0.563309614248640  0.003559770627489  0.009042892320235  0.000000000000000  0.000000000000000  0.000000000000000  0.000000000000000  0.019586453444386  0.007340021478234  0.000000000000000  0.012276133072931  1.000000000000000  0.000000000000000  0.000000000000000  0.000000000000000  0.000000000000000  0.000000000000000  0.000000000000000  0.050906722691888  1.000000000000000  1.000000000000000 
95.0    E  0.009786440926751  0.015538596385519  0.015570941606685  0.551334581534456  0.011288518733778  0.016220926102235  0.001700294068938  0.002061628354762  0.098277161517541  0.031055659166330  0.000944605790639  0.005924873224119  0.025347723611783  0.101742898133804  0.033772668813730  0.019011286853657  0.029278795214763  0.031034140482407  0.000000000000000  0.000000000000000  0.976708528962227  0.023405639600378  0.000000000000000  0.333324669272800  0.666649338545599  0.000000000000000  0.000000000000000  0.050906722691888  0.469110598250336  1.000000000000000 
96.0    D  0.031818287492644  0.000000000000000  0.065425642623411  0.401925495371576  0.000000000000000  0.029157280985525  0.002300239823428  0.012040173568100  0.148342099707066  0.016607744911852  0.000000000000000  0.083736475151740  0.000000000000000  0.064435519924674  0.077428043611494  0.015420571029466  0.009271381231692  0.041984482053791  0.000000000000000  0.000000000000000  0.995159721820083  0.000992255999017  0.004106144176124  1.000000000000000  0.000000000000000  0.000000000000000  1.000000000000000  0.051832471613403  0.500000000000000  0.469110598250336 
97.0    S  0.258099633870810  0.000000000000000  0.000000000000000  0.000000000000000  0.002893437105508  0.013350152201402  0.013139006488339  0.018919266936727  0.000000000000000  0.007183984735560  0.000000000000000  0.025400487562010  0.000000000000000  0.000000000000000  0.083158065067543  0.568014632393343  0.006606033495137  0.000000000000000  0.003312187361848  0.000000000000000  0.984184022033800  0.000000000000000  0.015865095326085  0.000000000000000  0.000000000000000  0.165740720037332  0.834509281155409  0.051868411599374  1.000000000000000  0.462652214018926 
98.0    Q  0.056016668723088  0.000000000000000  0.000000000000000  0.001872264528307  0.000000000000000  0.000000000000000  0.050977343333688  0.000000000000000  0.105476974516252  0.001823593642413  0.000000000000000  0.014518135535171  0.006180760165511  0.642603168734686  0.080940187428402  0.000000000000000  0.015441963304699  0.000000000000000  0.000000000000000  0.024416496255385  0.988970916380931  0.000000000000000  0.010881339692727  0.000000000000000  0.000000000000000  0.626332219312064  0.373712312158735  0.054296386571914  1.000000000000000  0.450312989923965 
99.0    N  0.015239929086369  0.000000000000000  0.048093975630027  0.113204247877228  0.003632050557083  0.005928981456930  0.002631315579816  0.151564102382717  0.042866665268456  0.002539922161228  0.003296155453633  0.332632260270172  0.035402621415494  0.025541729015259  0.004584563196412  0.026589491547079  0.122342706299679  0.033632503899494  0.000000000000000  0.030290306779221  1.000000000000000  0.000000000000000  0.000000000000000  0.000000000000000  0.000000000000000  1.000000000000000  0.000000000000000  0.053400608805608  1.000000000000000  0.471065636952404 
100.0    Q  0.012023493907507  0.000000000000000  0.000000000000000  0.005578140545645  0.000000000000000  0.000000000000000  0.010358795002333  0.000000000000000  0.014367969471120  0.021477948368313  0.000000000000000  0.026886019706607  0.091759414752131  0.697855382061083  0.001360167461591  0.079329430376238  0.038875364165577  0.000000000000000  0.000000000000000  0.000000000000000  1.000000000000000  0.000000000000000  0.000000000000000  0.000000000000000  0.000000000000000  0.000000000000000  0.000000000000000  0.050942020775164  1.000000000000000  1.000000000000000 
101.0    Q  0.049997508020797  0.000000000000000  0.004128976720943  0.058883204619051  0.000000000000000  0.012023493907507  0.012525395771866  0.000000000000000  0.016909760070714  0.001819805525986  0.000000000000000  0.000000000000000  0.006992383366625  0.690637224071928  0.080436827956329  0.058354996557207  0.007504647374637  0.000000000000000  0.000000000000000  0.000000000000000  0.976708528962227  0.023438109207591  0.000000000000000  1.000000000000000  0.000000000000000  0.000000000000000  0.000000000000000  0.050942020775164  0.469110598250336  1.000000000000000 
102.0    E  0.004989116246857  0.000000000000000  0.045657636829552  0.638606879597695  0.000000000000000  0.049240867878084  0.000000000000000  0.000000000000000  0.122427537198366  0.000000000000000  0.000000000000000  0.015766431778823  0.011117683290895  0.037085524926767  0.063548417080747  0.010373165299863  0.000000000000000  0.001314746161403  0.000000000000000  0.000000000000000  0.975355461527642  0.024620433939042  0.000000000000000  0.130398574191232  0.869344560090022  1.000000000000000  0.000000000000000  0.052048485680034  0.473356815618357  0.469110598250336 
103.0    N  0.009453078822026  0.000000000000000  0.001150119911714  0.064973714698455  0.000000000000000  0.020011872833278  0.007284269425288  0.009277809891199  0.569197014537439  0.003221615424258  0.009685216405773  0.045468146363586  0.002106407093153  0.069782060123911  0.156041318612701  0.017886315009354  0.010040674511479  0.002925704950047  0.000000000000000  0.001499814716506  0.999307092990453  0.000000000000000  0.000815515546317  0.000000000000000  0.000000000000000  0.000000000000000  0.000000000000000  0.050871449066902  1.000000000000000  1.000000000000000 
104.0    N  0.000000000000000  0.019130256131253  0.012040173568100  0.012612516789137  0.000000000000000  0.000000000000000  0.000000000000000  0.007134361328219  0.059457392270737  0.010694404789780  0.089003137224817  0.752101875694344  0.000000000000000  0.015799251263302  0.008668511500530  0.007011797270838  0.006142322594846  0.000000000000000  0.000000000000000  0.000000000000000  1.000000000000000  0.000000000000000  0.000000000000000  0.000000000000000  0.000000000000000  1.000000000000000  0.000000000000000  0.050871449066902  1.000000000000000  0.500000000000000 
105.0    E  0.000000000000000  0.022127741222102  0.009827226342469  0.609627547038152  0.000000000000000  0.003124844251300  0.000000000000000  0.010159688644910  0.069012427947693  0.021612353578296  0.100690536381094  0.034746223672410  0.000000000000000  0.023519480428298  0.009712106788312  0.025435724533451  0.020574483157176  0.039857637239955  0.000000000000000  0.000000000000000  0.952637998043937  0.047038960856596  0.000000000000000  0.824162084953241  0.175677337525840  0.000000000000000  0.000000000000000  0.050906722691888  0.443805668634749  1.000000000000000 
106.0    K  0.002566468021776  0.000000000000000  0.016254691664406  0.001481218306030  0.026904662135591  0.000000000000000  0.037240080455439  0.000000000000000  0.323312232971872  0.015865095326085  0.000000000000000  0.021959667190730  0.003484095778985  0.341273429471292  0.115262889739079  0.000000000000000  0.012123919598045  0.000000000000000  0.000000000000000  0.082240907814313  0.980779003988551  0.000000000000000  0.018945512797840  0.000000000000000  0.000000000000000  1.000000000000000  0.000000000000000  0.054221167947004  1.000000000000000  0.455650640318571 
107.0    K  0.028696130071904  0.000000000000000  0.301660979930191  0.322417062663971  0.012242143546083  0.015527829583165  0.010716666317114  0.022860487823505  0.102096123888753  0.002508429314432  0.000000000000000  0.044749023162536  0.000000000000000  0.013677989526473  0.027757087370075  0.006011746953753  0.062586703481958  0.023666661185578  0.000000000000000  0.002939935053537  1.000000000000000  0.000000000000000  0.000000000000000  0.000000000000000  0.000000000000000  0.922103117912631  0.078128893911576  0.052994997789572  1.000000000000000  0.478967609111348 
108.0    L  0.023340835267380  0.000000000000000  0.000000000000000  0.000000000000000  0.032329611922466  0.000000000000000  0.000000000000000  0.071396640428034  0.000000000000000  0.766309980103892  0.000000000000000  0.000000000000000  0.002798753223385  0.000000000000000  0.000000000000000  0.006992383366625  0.006801176275751  0.006730829372750  0.000000000000000  0.083042863381032  0.997231251352069  0.002808469790717  0.000000000000000  1.000000000000000  0.000000000000000  0.000000000000000  1.000000000000000  0.050730598811080  0.497579860910041  0.500000000000000 
109.0    L  0.006150843566947  0.020890632740705  0.000000000000000  0.009074286968170  0.007129417879246  0.007094909513449  0.000000000000000  0.012691443693066  0.009143739386520  0.638164384414476  0.009698652277548  0.000000000000000  0.000000000000000  0.122257934180917  0.000000000000000  0.012832979699251  0.053252755942179  0.001076825354559  0.045784402331604  0.044904380517002  1.000000000000000  0.000000000000000  0.000000000000000  0.000000000000000  0.000000000000000  1.000000000000000  0.000000000000000  0.050871449066902  1.000000000000000  0.500000000000000 
110.0    E  0.301451956922690  0.020775111065339  0.002273294012504  0.261884031774949  0.000000000000000  0.028497911422493  0.057432055217441  0.007094909513449  0.162780523696129  0.004769322315114  0.000000000000000  0.035109371969739  0.005863590224666  0.032128557083002  0.009207339123529  0.056602123938614  0.002675455038995  0.002927733597179  0.000000000000000  0.008674522137724  0.971307495541633  0.028164076956588  0.000541406564259  1.000000000000000  0.000000000000000  0.000000000000000  0.000000000000000  0.050906722691888  0.465547409915115  1.000000000000000 
111.0    L  0.000000000000000  0.000000000000000  0.000000000000000  0.000000000000000  0.015876095984277  0.007094909513449  0.000000000000000  0.080325396091836  0.000000000000000  0.731028724200017  0.001579846383519  0.000000000000000  0.012744335833422  0.023519480428298  0.000000000000000  0.005406834828326  0.000000000000000  0.000000000000000  0.112969090843886  0.009322935492435  0.984866442895551  0.003508329581578  0.011841535675862  0.378141999320990  0.621574834451970  0.000000000000000  1.000000000000000  0.050906722691888  0.497579860910041  0.500000000000000 
112.0    D  0.056484545421943  0.000000000000000  0.536258308408971  0.005683518295448  0.000000000000000  0.089003137224817  0.005512796263315  0.015931213796847  0.023438109207591  0.006934463572418  0.000000000000000  0.062586703481958  0.016746460352130  0.068440779424598  0.009239304689407  0.011800567074710  0.077912574642194  0.007006938747359  0.000000000000000  0.007114608074937  0.951977908497532  0.017627845897758  0.030311309698179  0.158439065254303  0.841479482285381  0.947370070599268  0.052775055463986  0.051189793616239  0.479299719246488  0.485317234884773 
113.0    H  0.006574058455355  0.000000000000000  0.055784185717061  0.085911793473252  0.000000000000000  0.000000000000000  0.012922240131926  0.000000000000000  0.392020227037869  0.018555619782397  0.039692218204337  0.063813257856700  0.000000000000000  0.081333865965121  0.008943157504677  0.189070999660495  0.015603354157829  0.029769937438873  0.000000000000000  0.000000000000000  0.980099415341871  0.013415084944340  0.006288797950165  1.000000000000000  0.000000000000000  0.568014632393343  0.431969093700139  0.055861572647299  0.485990493990676  0.453759577658580 
114.0    W  0.016108879981169  0.011751591807724  0.000000000000000  0.017701310707747  0.008912216530222  0.138600080450384  0.000000000000000  0.000000000000000  0.000000000000000  0.060917476930722  0.016723260912916  0.011025592526630  0.000000000000000  0.000000000000000  0.000000000000000  0.000000000000000  0.000000000000000  0.027527167941468  0.690637224071928  0.000000000000000  0.924663278113700  0.050695447223565  0.024929538744032  0.133600748901376  0.866336856400087  0.259714775824416  0.740206649000025  0.051225287977345  0.435577096071128  0.473028823362798 
115.0    A  0.355026839635857  0.003159692767038  0.097395572457562  0.010394758133443  0.000000000000000  0.098277161517541  0.004367429105335  0.001719255885866  0.125956720051313  0.000000000000000  0.001191504404563  0.043045313949473  0.015821168864851  0.113833729198997  0.003103259375375  0.044997853703584  0.081729459283547  0.000000000000000  0.000000000000000  0.000000000000000  0.989656656415207  0.005208197957387  0.005186582649931  0.333324669272800  0.666649338545599  0.273763117698394  0.726482524785685  0.057392260143808  0.497235084336607  0.393108646070166 
116.0    S  0.006684336138145  0.000000000000000  0.033842970172685  0.000000000000000  0.041377778449856  0.032262454233851  0.000000000000000  0.068630800861691  0.034291623049351  0.000000000000000  0.006180760165511  0.191444749636798  0.008614602836476  0.040386025957422  0.007011797270838  0.408951029278891  0.041665583659100  0.052156830072213  0.000000000000000  0.026589491547079  0.982820598545251  0.017015578364627  0.000000000000000  0.405282559942655  0.594603557501361  0.000000000000000  1.000000000000000  0.056406295466402  0.435879119768531  0.414372452243996 
117.0    L  0.016980232226970  0.087716982877442  0.000000000000000  0.000000000000000  0.120658378108970  0.000000000000000  0.004632478513324  0.058842404033825  0.000000000000000  0.613017430026578  0.005924873224119  0.000000000000000  0.003088238736734  0.000000000000000  0.000000000000000  0.020039634418160  0.000000000000000  0.012276133072931  0.056956330039821  0.000000000000000  0.988970916380931  0.000000000000000  0.011171757705951  0.500000000000000  0.500000000000000  0.524858341811534  0.475000191437443  0.057551606075315  0.492092011016900  0.403880388804804 
118.0    W  0.015388538170243  0.017349044275447  0.003096813033634  0.017579038823263  0.018775563273857  0.203203900496080  0.000000000000000  0.000000000000000  0.000000000000000  0.023781771575615  0.000000000000000  0.000000000000000  0.002690332121842  0.020905118043533  0.003469635921259  0.012621262150150  0.007406460665068  0.032758202359904  0.610896550836750  0.010040674511479  0.995159721820083  0.004759415092481  0.000000000000000  1.000000000000000  0.000000000000000  0.183391668020915  0.816768991110023  0.054560474445860  0.495858365369147  0.437999157533563 
119.0    N  0.010753871887427  0.001680376231663  0.016481598704188  0.029360085912938  0.000000000000000  0.017506081471784  0.000000000000000  0.047596523115727  0.007188966020507  0.027091798859834  0.005659930291230  0.556710809114343  0.000000000000000  0.001716874142406  0.000000000000000  0.189070999660495  0.049206748535575  0.035378090690959  0.000000000000000  0.004493327708401  0.999307092990453  0.000510783662008  0.000262936127000  1.000000000000000  0.000000000000000  0.000000000000000  1.000000000000000  0.054183597719668  0.500000000000000  0.449066186441967 
120.0    W  0.000000000000000  0.000000000000000  0.000000000000000  0.006610614035940  0.000000000000000  0.093169399174933  0.002465336000219  0.016367751985934  0.000000000000000  0.030862526920168  0.000000000000000  0.000000000000000  0.000000000000000  0.000000000000000  0.003662387095536  0.000000000000000  0.003096813033634  0.022577037467555  0.799960128332753  0.021108970070869  0.956608158091874  0.006465600125611  0.036931610841699  0.500000000000000  0.500000000000000  0.000000000000000  1.000000000000000  0.054146053525005  0.495514781632040  0.448444079831007 
121.0    F  0.000000000000000  0.010315803445430  0.000000000000000  0.000000000000000  0.632878296985140  0.016356410655853  0.000000000000000  0.002472180847598  0.000000000000000  0.233419986228828  0.001838825126057  0.000000000000000  0.000000000000000  0.007452808988653  0.011265069308283  0.016481598704188  0.000000000000000  0.061853541025950  0.000000000000000  0.005609158244623  0.978063473447339  0.018048215383650  0.004038401313469  0.389852421305662  0.610050255136112  0.178624267467637  0.821310700752066  0.055629733328281  0.481297221550876  0.412081042476620 
122.0    D  0.051118878659861  0.019559319666469  0.519429551648832  0.004549740572142  0.005273585879386  0.038340155539181  0.041406469282663  0.004035603076891  0.003395877187852  0.028656376350146  0.000000000000000  0.070854338298651  0.003890038098025  0.008974205898414  0.007129417879246  0.116871899718932  0.068156733291579  0.003058415219752  0.000843105037670  0.004328251358847  0.957935218222696  0.042276507220321  0.000000000000000  0.520871714504111  0.479299719246488  0.924022572446823  0.075729541276890  0.054183597719668  0.431370672271328  0.423372656181264 
123.0    I  0.005831165559754  0.000000000000000  0.002695932330853  0.000000000000000  0.019011286853657  0.000000000000000  0.032017400719775  0.586417474615939  0.019383864026803  0.142892291926755  0.008026573745148  0.008121714337307  0.000000000000000  0.016198454703433  0.027814866664141  0.049893649147291  0.009525430422471  0.032735503971869  0.017998244411709  0.021344379011787  0.957271458195298  0.042393885232740  0.000000000000000  0.240648610775438  0.759435844907265  0.839149637106542  0.160762185428825  0.057911753868148  0.461051558956316  0.462973011263662 
124.0    T  0.026060345119530  0.000000000000000  0.010694404789780  0.000000000000000  0.011702819800189  0.026006210459735  0.001814766941896  0.026132699997314  0.030248344590429  0.004459198074714  0.007850498597061  0.015103220266640  0.003253030355002  0.075206439124969  0.025295069267107  0.281654807124320  0.405001736816023  0.005875795903862  0.016447361792335  0.027129382112533  0.933032991536807  0.058964890680960  0.007888682012474  0.481630947010074  0.518350550509860  0.320634150690562  0.679243142274472  0.058557590429527  0.437695664847132  0.495514781632040 
125.0    K  0.002948097594767  0.001899716694165  0.010496120513448  0.002091857076546  0.000000000000000  0.002209598560246  0.031796240378209  0.019984149707460  0.267943365634073  0.011654250208527  0.003360752463326  0.303969820795774  0.003300728064111  0.072695002596741  0.037759932605936  0.117848066989780  0.028716027608720  0.013706461698950  0.055054335882936  0.012387252134536  0.967947026893737  0.008367428306183  0.023930593704600  0.378404198242395  0.621574834451970  0.101250434204006  0.898755126611030  0.067078767899591  0.493800430722686  0.466193243218416 
126.0    W  0.010474317121721  0.007011797270838  0.000000000000000  0.009551877169469  0.012779719664965  0.057591511637419  0.000000000000000  0.053068515402927  0.002282768063596  0.016379101179952  0.006777645993376  0.000000000000000  0.000000000000000  0.000000000000000  0.009093176050017  0.005266280202098  0.000000000000000  0.009978232493714  0.793333843191143  0.006416489849626  0.994470168673214  0.005566553180269  0.000000000000000  0.552865326660134  0.447202450891303  0.636838737663250  0.362989569975974  0.067968024428430  0.480630464194381  0.447512535463986 
127.0    L  0.054296386571914  0.062326953209504  0.001867080698425  0.000000000000000  0.065380308737033  0.005815020527994  0.000000000000000  0.097328086382708  0.000000000000000  0.616853584904748  0.033423346496414  0.000000000000000  0.000000000000000  0.006843736836462  0.001441713286800  0.010701820155981  0.001904991135796  0.040526236082844  0.000000000000000  0.001200623893803  0.988970916380931  0.010843693117309  0.000000000000000  1.000000000000000  0.000000000000000  1.000000000000000  0.000000000000000  0.064123634083571  0.473028823362798  0.481297221550876 
128.0    W  0.003828513341179  0.012370091654239  0.013313188985545  0.041752314949691  0.000000000000000  0.069975805540890  0.000000000000000  0.012744335833422  0.062456693311903  0.001928907932510  0.005182988830458  0.014864348067684  0.000000000000000  0.020560226953578  0.038606832410217  0.002917604408423  0.012516716837338  0.054598305994793  0.622005826649234  0.010230354867840  1.000000000000000  0.000000000000000  0.000000000000000  1.000000000000000  0.000000000000000  0.000000000000000  0.000000000000000  0.079219532627152  1.000000000000000  1.000000000000000 
