No:  residues  hmm_col_1  hmm_col_2  hmm_col_3  hmm_col_4  hmm_col_5  hmm_col_6  hmm_col_7  hmm_col_8  hmm_col_9  hmm_col_10  hmm_col_11  hmm_col_12  hmm_col_13  hmm_col_14  hmm_col_15  hmm_col_16  hmm_col_17  hmm_col_18  hmm_col_19  hmm_col_20  hmm_col_21   hmm_col_22   hmm_col_23   hmm_col_24   hmm_col_25   hmm_col_26   hmm_col_27   hmm_col_28   hmm_col_29   hmm_col_30   
1.0    K  0.000000000000000  0.000000000000000  0.000000000000000  0.012378668920703  0.000000000000000  0.000000000000000  0.000000000000000  0.000000000000000  0.512989072668570  0.000000000000000  0.000000000000000  0.070121467533155  0.000000000000000  0.128514228332008  0.179866697501352  0.096121301954392  0.000000000000000  0.000000000000000  0.000000000000000  0.000000000000000  0.922742492653798  0.000000000000000  0.077535456107212  0.000000000000000  0.000000000000000  0.000000000000000  0.000000000000000  0.144285677189605  1.000000000000000  1.000000000000000 
2.0    E  0.026369243629063  0.010821167719617  0.118750047859361  0.337743521133909  0.000000000000000  0.000000000000000  0.000000000000000  0.009512234520805  0.155178436440764  0.066338950559362  0.028242272710971  0.048799155787962  0.033655824256033  0.083620472174132  0.042071877164899  0.005459558483793  0.003796800734302  0.007427024228358  0.022235366581791  0.000000000000000  0.995849753094458  0.000000000000000  0.004052421627209  0.042482132559586  0.957271458195298  0.000000000000000  1.000000000000000  0.035648866120888  0.451563255075911  0.489370825198718 
3.0    S  0.059954007457829  0.000000000000000  0.009049162548396  0.027795593548059  0.000000000000000  0.032150834621674  0.019695365493484  0.013773127467300  0.006647372886770  0.005083366622820  0.000000000000000  0.000000000000000  0.195467410782148  0.108969779942133  0.057074890625749  0.218090676442690  0.229569040575231  0.000000000000000  0.000000000000000  0.016665402825496  1.000000000000000  0.000000000000000  0.000000000000000  0.500000000000000  0.500000000000000  1.000000000000000  0.000000000000000  0.024214247842474  0.489370825198718  0.484644908467533 
4.0    A  0.064079202368037  0.000000000000000  0.051225287977345  0.021270533070304  0.000000000000000  0.035402621415494  0.000000000000000  0.000000000000000  0.102025380768863  0.012913286221160  0.056562903930182  0.059539874877746  0.147215348699373  0.051617354058483  0.263705579267015  0.087656203165150  0.028086097706595  0.012233660879008  0.006578616825066  0.000000000000000  0.831622098374906  0.149270398384324  0.019370432811547  0.250000000000000  0.750019494642909  0.000000000000000  0.000000000000000  0.022530138616566  0.298747801214196  1.000000000000000 
5.0    A  0.293819082104943  0.000000000000000  0.002209598560246  0.003685305667560  0.056877426505056  0.009310020113860  0.008132981231907  0.043465061615937  0.010194960528820  0.000000000000000  0.000000000000000  0.000000000000000  0.006815333638834  0.000000000000000  0.000000000000000  0.150204506190856  0.015282241772615  0.015614173327976  0.105550110927973  0.278741554681924  0.997231251352069  0.000000000000000  0.002489376225233  0.000000000000000  0.000000000000000  0.000000000000000  1.000000000000000  0.017265070074999  1.000000000000000  0.472373520498603 
6.0    A  0.060329189054485  0.003083960494924  0.018775563273857  0.194521294138855  0.000000000000000  0.000000000000000  0.010919116967586  0.031423768137452  0.114704985288921  0.088204740213043  0.035329080222643  0.025844480263852  0.009861344000876  0.280291519507127  0.067311648512066  0.015420571029466  0.026078415036107  0.017836792298856  0.000000000000000  0.000000000000000  0.954621014139717  0.000000000000000  0.045060277233132  0.000000000000000  0.000000000000000  0.544121220835402  0.455966582759885  0.011630041055989  1.000000000000000  0.466516495768404 
7.0    K  0.014669871051804  0.000000000000000  0.043254678626609  0.000000000000000  0.000000000000000  0.003807342308170  0.063065727115293  0.000000000000000  0.234717936828863  0.007401328676557  0.003544996700458  0.052192994964273  0.007380836257791  0.005999258866024  0.081446696835206  0.053437636118248  0.221135108832885  0.007662335968661  0.184923438656105  0.015271652600169  1.000000000000000  0.000000000000000  0.000000000000000  1.000000000000000  0.000000000000000  0.858565436437754  0.141708676597303  0.010532560404196  0.400812664699697  0.385552706351985 
8.0    F  0.000000000000000  0.000000000000000  0.000000000000000  0.000000000000000  0.859756486243006  0.000000000000000  0.000000000000000  0.027110583973502  0.000000000000000  0.042335155546418  0.010387555532670  0.000000000000000  0.015452670568452  0.000000000000000  0.007391075365044  0.015700997194122  0.000000000000000  0.022066475068512  0.000000000000000  0.000000000000000  1.000000000000000  0.000000000000000  0.000000000000000  0.000000000000000  0.000000000000000  0.000000000000000  1.000000000000000  0.010873799936180  1.000000000000000  0.489370825198718 
9.0    E  0.047761766273911  0.000000000000000  0.007463147940488  0.169693122485001  0.000000000000000  0.009772883438385  0.000000000000000  0.041607862913637  0.106875272236497  0.220828762870366  0.007769298192759  0.007509851003037  0.000000000000000  0.185308376225354  0.140437487878956  0.012284645189693  0.006057759424586  0.007179006902180  0.009678505451437  0.019722688001752  0.959264119325264  0.000000000000000  0.040695130924032  0.000000000000000  0.000000000000000  0.000000000000000  1.000000000000000  0.010888884677246  1.000000000000000  0.489370825198718 
10.0    R  0.014710601008456  0.000000000000000  0.006587743048829  0.070707153927869  0.000000000000000  0.000000000000000  0.028458432299749  0.154427329640866  0.091823039579894  0.022250784306204  0.007672965587995  0.045029054651185  0.000000000000000  0.046746429948825  0.340328529124868  0.010613174098039  0.150725978461345  0.000000000000000  0.004664699949510  0.005182988830458  1.000000000000000  0.000000000000000  0.000000000000000  0.585199320737295  0.414659772907221  1.000000000000000  0.000000000000000  0.010510681316577  0.385552706351985  0.385552706351985 
11.0    Q  0.000000000000000  0.000000000000000  0.000000000000000  0.016839580391307  0.009618315729257  0.000000000000000  0.024552266145862  0.007070362991273  0.138600080450384  0.195602945434128  0.029708096913432  0.000000000000000  0.000000000000000  0.502780290199234  0.062456693311903  0.000000000000000  0.012682649702770  0.000000000000000  0.000000000000000  0.000000000000000  0.953959550547558  0.040723348417603  0.005325010184697  1.000000000000000  0.000000000000000  0.000000000000000  0.000000000000000  0.010881339692727  0.400812664699697  1.000000000000000 
12.0    H  0.000000000000000  0.000000000000000  0.004642121504129  0.000000000000000  0.000000000000000  0.000000000000000  0.829319545814442  0.029666941279704  0.000000000000000  0.000000000000000  0.000000000000000  0.007625248131064  0.000000000000000  0.014669871051804  0.021567458646822  0.052556025953357  0.006791754375703  0.027699428099840  0.000000000000000  0.005200982864205  0.917004043204671  0.077804639711386  0.004913613171234  1.000000000000000  0.000000000000000  0.858565436437754  0.141708676597303  0.010510681316577  0.349896466398799  0.385552706351985 
13.0    I  0.007169061580558  0.000000000000000  0.000000000000000  0.000000000000000  0.031163476604752  0.000000000000000  0.003016309113640  0.282045534364128  0.000000000000000  0.063109456099793  0.133971682817037  0.000000000000000  0.000000000000000  0.000000000000000  0.020474896935287  0.003330605045969  0.011686607487206  0.313817997820661  0.000000000000000  0.130217928626028  0.744838731561351  0.090936292727172  0.164481815628626  0.724471077277439  0.275476278969153  0.618137630460476  0.382094130191292  0.010934264574962  0.326238736922239  0.477310507069858 
14.0    D  0.008680536942618  0.000000000000000  0.579949827252717  0.017812082385835  0.025934205799687  0.036982844429768  0.008943157504677  0.052628934600526  0.012638771068152  0.011621982519020  0.000000000000000  0.032667503131411  0.006488047063210  0.022235366581791  0.014905617977306  0.013120804577252  0.076415017355754  0.030777076340486  0.000000000000000  0.048361406048200  0.735093668194520  0.067968024428430  0.196690611338391  0.675955416514063  0.323985241358333  0.027680234971949  0.971980987981352  0.010911551034902  0.383420664918273  0.219912268980609 
15.0    S  0.099511012347347  0.000000000000000  0.007208925723858  0.018110874248507  0.071051060827251  0.021959667190730  0.000000000000000  0.000000000000000  0.016665402825496  0.020992241026895  0.016322433794754  0.058801631719612  0.355026839635857  0.011776053980925  0.012482061194518  0.140145759753564  0.045373696246997  0.007070362991273  0.000000000000000  0.097395572457562  0.949342120950519  0.012797448404060  0.037551126547714  1.000000000000000  0.000000000000000  0.145894762727308  0.853817714391245  0.014427848605147  0.487677730763821  0.114387396015991 
16.0    S  0.017217267435572  0.000000000000000  0.129497845445002  0.101884041550328  0.000000000000000  0.082354996983384  0.010650020369395  0.002265429012706  0.198746312737244  0.000000000000000  0.008531410513638  0.034963659407366  0.235696133979560  0.056445406884489  0.002695932330853  0.078781461973937  0.038022573707315  0.000000000000000  0.000000000000000  0.002171638979526  0.691595314505482  0.254899420749548  0.053623158151793  1.000000000000000  0.000000000000000  0.000000000000000  1.000000000000000  0.013139006488339  0.207761465398412  0.125869443757090 
17.0    T  0.006345721846533  0.013396500572409  0.010344444612464  0.034963659407366  0.000000000000000  0.078945453865362  0.004903406215948  0.000000000000000  0.069782060123911  0.000000000000000  0.051976381148432  0.173378871141423  0.130398574191232  0.013230395505664  0.109727724701190  0.146097156070156  0.135278080565714  0.021167577773209  0.000000000000000  0.000000000000000  0.779704842611323  0.093298648956060  0.127096834161495  0.326691313473293  0.673150034638391  0.080102995260012  0.920187650624875  0.013668511951653  0.380244688310252  0.110337874536332 
18.0    S  0.030991147835572  0.000000000000000  0.036171569280941  0.030206440533280  0.033307710502123  0.045310838527464  0.000000000000000  0.008309630256978  0.054183597719668  0.044470733163581  0.000000000000000  0.025207554975691  0.183518829504263  0.022608357591727  0.017911127902006  0.270181350509838  0.126218912199586  0.011312016971715  0.000000000000000  0.060078808024298  0.629378586752429  0.030670595745421  0.340092713101489  0.500000000000000  0.500000000000000  0.114149781251499  0.885767519102361  0.015997607819194  0.467163673441590  0.083968964107581 
19.0    S  0.127892183716804  0.000000000000000  0.003090380082756  0.029462016747445  0.016665402825496  0.079936598829839  0.000000000000000  0.030713143704539  0.026811579075897  0.044255482444204  0.025559439329931  0.000000000000000  0.223601225445651  0.014397877909355  0.000000000000000  0.193177637411997  0.077750728331154  0.098345305669196  0.000000000000000  0.008252231448061  0.887611337269498  0.000000000000000  0.112266546610492  0.000000000000000  0.000000000000000  0.741747466920561  0.258099633870810  0.023503183615448  1.000000000000000  0.049480366616954 
20.0    V  0.015986522964601  0.000000000000000  0.016390458243359  0.015197733553317  0.017713584574663  0.199160024071396  0.000000000000000  0.006777645993376  0.055977854380678  0.087352935740692  0.000000000000000  0.168871760566955  0.089933348750676  0.099787298294581  0.052229184932616  0.131032809439616  0.010686994561738  0.009525430422471  0.020305297850866  0.003244023531605  0.943438250895360  0.004373487846306  0.051976381148432  0.264988195849320  0.735093668194520  0.122937759253281  0.877213548732822  0.012464769372016  0.482633512435878  0.192776353175993 
21.0    S  0.038101721689884  0.000000000000000  0.034818551588104  0.000000000000000  0.006438766288697  0.134064577102243  0.004487102949207  0.021762679385454  0.023880883136956  0.015463385256488  0.066017851584491  0.189202099121197  0.083158065067543  0.017039183322895  0.085792776953432  0.178996092650143  0.065789447169340  0.021123606766064  0.006091444082901  0.007694269085121  0.980099415341871  0.002477326951808  0.017145811524676  0.425726853874473  0.574349177498517  0.521232880420561  0.478967609111348  0.012387252134536  0.314907494986850  0.175921046915675 
22.0    S  0.071943093207985  0.000000000000000  0.208049683677881  0.000000000000000  0.046681670534761  0.098141014834197  0.020617311105826  0.008026573745148  0.020249077584896  0.014802657353114  0.017181502333040  0.140827403562160  0.032441852204471  0.007370611335120  0.037188490509584  0.166085726762064  0.084435880283477  0.020760715845258  0.005251699195909  0.000000000000000  1.000000000000000  0.000000000000000  0.000000000000000  0.000000000000000  0.000000000000000  0.716480825186550  0.283417353194606  0.010481579881893  1.000000000000000  0.278934830581241 
23.0    S  0.028222703442244  0.002989251503560  0.154106540682976  0.027073026762503  0.000000000000000  0.018749552849581  0.044255482444204  0.031077192771038  0.084611642440779  0.014538275901610  0.000000000000000  0.095127086302460  0.160985203688728  0.021433332634228  0.079219532627152  0.099442060469365  0.047761766273911  0.035500914524584  0.000000000000000  0.054825846795801  0.984184022033800  0.016008700359888  0.000000000000000  0.500000000000000  0.500000000000000  0.225156494961982  0.774855930959171  0.010724097119179  0.464580337125457  0.426908857195622 
24.0    N  0.020832791829550  0.000000000000000  0.067311648512066  0.084377374070172  0.014751444049223  0.060748811748835  0.028125060306047  0.074171049853533  0.028875705388963  0.067405026980903  0.000000000000000  0.069588851139293  0.055822865772048  0.089250248730317  0.178500497460633  0.023930593704600  0.080996310339583  0.047267749915124  0.000000000000000  0.007998803909597  1.000000000000000  0.000000000000000  0.000000000000000  0.000000000000000  0.000000000000000  0.592135805926816  0.408101523075451  0.010701820155981  1.000000000000000  0.444113397921202 
25.0    Y  0.024981432198515  0.055475708579344  0.041063488348418  0.026205255763779  0.006492545793700  0.010753871887427  0.002668047376473  0.002285934846630  0.043555538708983  0.005601387687562  0.000000000000000  0.062716984281844  0.010858736092518  0.095855166229568  0.049138580758771  0.005222658185176  0.008373230176065  0.003386474857479  0.000000000000000  0.545253866332629  1.000000000000000  0.000000000000000  0.000000000000000  0.000000000000000  0.000000000000000  0.694477567882555  0.305448275418375  0.010672189505894  1.000000000000000  0.481630947010074 
26.0    C  0.000000000000000  0.951977908497532  0.000000000000000  0.000000000000000  0.000000000000000  0.000000000000000  0.000000000000000  0.000000000000000  0.000000000000000  0.007494250932229  0.000000000000000  0.000000000000000  0.000000000000000  0.000000000000000  0.010237448467643  0.000000000000000  0.000000000000000  0.030585676574920  0.000000000000000  0.000000000000000  1.000000000000000  0.000000000000000  0.000000000000000  0.000000000000000  0.000000000000000  0.000000000000000  1.000000000000000  0.010583788886604  1.000000000000000  0.500000000000000 
27.0    N  0.005624731712948  0.000000000000000  0.127096834161495  0.047728671811272  0.004543437662296  0.006867496569623  0.000000000000000  0.000000000000000  0.032963197408377  0.000000000000000  0.000000000000000  0.660669202829133  0.000000000000000  0.006726165533898  0.014895289770127  0.018236845340914  0.067078767899591  0.000000000000000  0.000000000000000  0.007473501235093  1.000000000000000  0.000000000000000  0.000000000000000  0.000000000000000  0.000000000000000  0.000000000000000  1.000000000000000  0.010576455305097  1.000000000000000  0.500000000000000 
28.0    E  0.055591187096119  0.000000000000000  0.096588818705998  0.059498619281096  0.000000000000000  0.050240686921447  0.034722147770472  0.020418207092081  0.050032175666019  0.063284675459406  0.017110194856150  0.050310383601320  0.005727018582770  0.098481735756168  0.052811649025782  0.128603338486697  0.100760353936621  0.098550021757035  0.000000000000000  0.017229205672952  0.992404374685819  0.000000000000000  0.007494250932229  0.000000000000000  0.000000000000000  0.000000000000000  1.000000000000000  0.010576455305097  1.000000000000000  0.500000000000000 
29.0    M  0.172779025816073  0.004242116626259  0.000000000000000  0.125956720051313  0.000000000000000  0.000000000000000  0.000000000000000  0.066707833627497  0.011125392153102  0.104748391833494  0.385820043764734  0.000000000000000  0.015931213796847  0.011359160291565  0.000000000000000  0.004319260364532  0.034078366645789  0.063109456099793  0.000000000000000  0.000000000000000  1.000000000000000  0.000000000000000  0.000000000000000  0.000000000000000  0.000000000000000  0.000000000000000  1.000000000000000  0.010598471308185  1.000000000000000  0.471719125447680 
30.0    M  0.000000000000000  0.000000000000000  0.000000000000000  0.000000000000000  0.000000000000000  0.000000000000000  0.000000000000000  0.102877543159839  0.000000000000000  0.067920928907879  0.710546021590680  0.000000000000000  0.000000000000000  0.000000000000000  0.023683071351725  0.015931213796847  0.048664043191354  0.030395467106634  0.000000000000000  0.000000000000000  0.995849753094458  0.004343277959051  0.000000000000000  0.500000000000000  0.500000000000000  0.777007268784049  0.223136742868244  0.010598471308185  0.497924876547229  0.471719125447680 
31.0    T  0.082640912821411  0.002027615762779  0.019437682082789  0.018645870984871  0.006315006787543  0.030143693268254  0.007208925723858  0.030862526920168  0.172181255797892  0.056956330039821  0.027641888604111  0.030628106729433  0.009618315729257  0.081559684230560  0.227037104430377  0.079109787123142  0.003890038098025  0.099235491366457  0.000000000000000  0.014895289770127  0.994470168673214  0.005508976408142  0.000000000000000  1.000000000000000  0.000000000000000  1.000000000000000  0.000000000000000  0.010598471308185  0.494828328207603  0.500000000000000 
32.0    S  0.047300524780299  0.014229216149875  0.020617311105826  0.031120304784202  0.000000000000000  0.068916822691807  0.022020636799094  0.020235046857100  0.089871033302935  0.020333466491280  0.019818615614467  0.051438771579919  0.021747599872361  0.065561832973434  0.259354984141403  0.026755883892077  0.018173750649185  0.060580613558442  0.083968964107581  0.058072542140682  0.982820598545251  0.000000000000000  0.017050998078983  0.000000000000000  0.000000000000000  0.000000000000000  0.000000000000000  0.010598471308185  1.000000000000000  1.000000000000000 
33.0    R  0.021732530807969  0.004253894591157  0.004480886813383  0.000000000000000  0.000000000000000  0.000000000000000  0.000000000000000  0.107767943127199  0.105623298051564  0.019170077769591  0.013849714049920  0.015711884068726  0.020731955321831  0.015744590006414  0.528875481809214  0.012913286221160  0.000000000000000  0.129139298460517  0.000000000000000  0.000000000000000  0.891310495896971  0.069782060123911  0.039172906888772  1.000000000000000  0.000000000000000  0.000000000000000  1.000000000000000  0.010701820155981  0.361733721467631  0.465224828851508 
34.0    N  0.004521446160118  0.015124172295215  0.013545899429917  0.034770316268276  0.000000000000000  0.159099366909493  0.015441963304699  0.025120343460723  0.155933196489256  0.055668306287918  0.000000000000000  0.350624812660600  0.000000000000000  0.046166814486955  0.036651092163496  0.022005378545501  0.031077192771038  0.027016788478371  0.007179006902180  0.000000000000000  0.994470168673214  0.005727018582770  0.000000000000000  0.701249625321201  0.298747801214196  0.726986258660155  0.272815969263734  0.010554485035435  0.389852421305662  0.367037659008526 
35.0    L  0.020905118043533  0.000000000000000  0.015377875344278  0.020291228167654  0.044656066866909  0.014926295880976  0.003419497381618  0.158329281715402  0.092654188112677  0.125956720051313  0.212126975426474  0.076097876166437  0.007619964543185  0.015399208389678  0.057551606075315  0.010124538792448  0.000000000000000  0.091950421615984  0.000000000000000  0.032622247731929  0.833353207159218  0.133786087303328  0.032803646363221  0.955945317593742  0.044255482444204  0.758909626487027  0.241149546146035  0.010746420454217  0.266092545613340  0.451876363375543 
36.0    T  0.009061716050824  0.000000000000000  0.024998754010399  0.018465805420849  0.014130927774392  0.000000000000000  0.038075320739850  0.047300524780299  0.017923547253534  0.019532223477894  0.000000000000000  0.076521024525013  0.004661467746218  0.043737058299850  0.037603219562484  0.078945453865362  0.343409058357406  0.032039601184019  0.010337276874282  0.183264594648651  0.816768991110023  0.143686856004335  0.039363436873356  0.462331639056850  0.537747195228689  0.144586022988161  0.855595025682602  0.011265069308283  0.254546299941155  0.417833479460927 
37.0    Q  0.026150820083856  0.000000000000000  0.046584699587466  0.077535456107212  0.006447698504005  0.013649576498698  0.019695365493484  0.009888723390393  0.142892291926755  0.030081076346930  0.002767885540055  0.164026406823995  0.007198938954677  0.082412100905773  0.094863703310878  0.101461197622160  0.133323222603971  0.040949793870574  0.000000000000000  0.000000000000000  0.835666958921854  0.154320325861692  0.010159688644910  0.470739232270603  0.529242197437566  0.613017430026578  0.386891248385597  0.011382805577328  0.219912268980609  0.339857060476685 
38.0    D  0.022655419263732  0.000000000000000  0.019236631458514  0.044780051574159  0.036574957546081  0.290377182981431  0.050485048600601  0.000000000000000  0.047794883683837  0.047662551664259  0.004325252283142  0.075362989230673  0.081333865965121  0.061982295671143  0.099304300012013  0.041781265481410  0.016435965300061  0.004364402883095  0.035871950432969  0.019627224705368  0.920825697205040  0.000000000000000  0.078945453865362  0.000000000000000  0.000000000000000  0.678302163723836  0.321970407377456  0.010919116967586  1.000000000000000  0.416387885440275 
39.0    R  0.005002968208319  0.005358333158557  0.030353359235676  0.013649576498698  0.018249490540830  0.005125825213250  0.067685940345370  0.004437614315573  0.052848267961095  0.008212288352248  0.000000000000000  0.079770548051810  0.050415109951383  0.078020659306351  0.245364765963370  0.165281825642822  0.062760471452436  0.031884520601514  0.034530140149997  0.041063488348418  0.974004268543241  0.026078415036107  0.000000000000000  0.402762145524375  0.597081593537295  0.632001549226403  0.367801686463934  0.011327709631866  0.449066186441967  0.320411981040048 
40.0    C  0.000000000000000  0.950000382874886  0.000000000000000  0.000000000000000  0.009971318506476  0.007494250932229  0.000000000000000  0.000000000000000  0.000000000000000  0.000000000000000  0.000000000000000  0.000000000000000  0.000000000000000  0.000000000000000  0.010731533073669  0.007370611335120  0.000000000000000  0.000000000000000  0.007442484359718  0.007016659163156  0.993092495437036  0.007016659163156  0.000000000000000  1.000000000000000  0.000000000000000  0.000000000000000  1.000000000000000  0.011430243911753  0.491410299272626  0.427797512841301 
41.0    K  0.000000000000000  0.000000000000000  0.007370611335120  0.005222658185176  0.000000000000000  0.000000000000000  0.000000000000000  0.035427169149326  0.750019494642909  0.000000000000000  0.004471578752339  0.000000000000000  0.044409126349417  0.040414029121484  0.036906020669673  0.000000000000000  0.008668511500530  0.045626000332954  0.000000000000000  0.021612353578296  1.000000000000000  0.000000000000000  0.000000000000000  0.000000000000000  0.000000000000000  1.000000000000000  0.000000000000000  0.011430243911753  1.000000000000000  0.427797512841301 
42.0    P  0.028008334361544  0.000000000000000  0.140437487878956  0.085082132281217  0.020474896935287  0.017861536490844  0.006241030597259  0.000000000000000  0.128069602879100  0.075102253095428  0.007016659163156  0.055437269072009  0.217035056900261  0.032329611922466  0.071051060827251  0.041263213781719  0.033702513490452  0.019424213576624  0.010159688644910  0.011249463425896  1.000000000000000  0.000000000000000  0.000000000000000  0.000000000000000  0.000000000000000  0.000000000000000  0.000000000000000  0.010613174098039  1.000000000000000  1.000000000000000 
43.0    V  0.022189177477241  0.000000000000000  0.004123256709523  0.108142086323124  0.043495199744722  0.034031156729253  0.016642315678022  0.111105335145821  0.075624630576206  0.108743419088581  0.014268722656437  0.007785470803343  0.000000000000000  0.079549683454746  0.048866852695537  0.063284675459406  0.044316876114983  0.203203900496080  0.014649548382142  0.000000000000000  1.000000000000000  0.000000000000000  0.000000000000000  0.000000000000000  0.000000000000000  0.000000000000000  0.000000000000000  0.010613174098039  1.000000000000000  1.000000000000000 
44.0    N  0.000000000000000  0.000000000000000  0.004802495575213  0.006061959799022  0.000000000000000  0.000000000000000  0.140729823267095  0.000000000000000  0.011915637916065  0.000000000000000  0.000000000000000  0.763658748980350  0.000000000000000  0.007016659163156  0.010843693117309  0.000000000000000  0.014649548382142  0.000000000000000  0.000000000000000  0.040470093714201  1.000000000000000  0.000000000000000  0.000000000000000  0.000000000000000  0.000000000000000  0.000000000000000  0.000000000000000  0.010613174098039  1.000000000000000  1.000000000000000 
45.0    T  0.004072131878286  0.000000000000000  0.028855697210294  0.000000000000000  0.030479858172739  0.000000000000000  0.000000000000000  0.014700407929903  0.006061959799022  0.000000000000000  0.000000000000000  0.059746582349609  0.000000000000000  0.000000000000000  0.000000000000000  0.026718818059124  0.706127202192377  0.033054717613076  0.000000000000000  0.090245574720156  0.995159721820083  0.000000000000000  0.005129379396188  0.000000000000000  0.000000000000000  0.000000000000000  0.000000000000000  0.010613174098039  1.000000000000000  1.000000000000000 
46.0    F  0.000000000000000  0.000000000000000  0.007535923317064  0.000000000000000  0.875391329694264  0.000000000000000  0.000000000000000  0.035280137650192  0.000000000000000  0.014052786127309  0.006610614035940  0.000000000000000  0.000000000000000  0.000000000000000  0.000000000000000  0.000000000000000  0.007329853097661  0.029666941279704  0.000000000000000  0.024080347136200  0.993781093322555  0.000000000000000  0.006074578405332  0.000000000000000  0.000000000000000  0.000000000000000  1.000000000000000  0.010627897284422  1.000000000000000  0.489370825198718 
47.0    V  0.012335841979696  0.000000000000000  0.000000000000000  0.000000000000000  0.000000000000000  0.003765350811487  0.000000000000000  0.507331273290440  0.000000000000000  0.262793227271927  0.000000000000000  0.000000000000000  0.000000000000000  0.000000000000000  0.004958089398515  0.000000000000000  0.024484287092167  0.184283652161388  0.000000000000000  0.000000000000000  1.000000000000000  0.000000000000000  0.000000000000000  0.000000000000000  0.000000000000000  0.000000000000000  1.000000000000000  0.010679589468295  1.000000000000000  0.472373520498603 
48.0    H  0.004032806779231  0.014111351721122  0.000000000000000  0.000000000000000  0.015975445790780  0.020789516266886  0.728499556949005  0.027167017502813  0.013377941946038  0.053921334033916  0.000000000000000  0.005823087448433  0.000000000000000  0.034770316268276  0.026369243629063  0.000000000000000  0.000000000000000  0.021138253610161  0.000000000000000  0.033866436463899  0.992404374685819  0.007375722024611  0.000000000000000  0.199990032083188  0.799960128332753  0.000000000000000  1.000000000000000  0.010679589468295  0.484644908467533  0.472373520498603 
49.0    E  0.190518103792471  0.000000000000000  0.065835064747177  0.314471242959004  0.000000000000000  0.117684808067651  0.000000000000000  0.000000000000000  0.004996037426865  0.000000000000000  0.036046425158126  0.005020337255740  0.000000000000000  0.004016069635375  0.004313276746731  0.091823039579894  0.145087989297965  0.016075417310837  0.000000000000000  0.004140440560146  1.000000000000000  0.000000000000000  0.000000000000000  0.000000000000000  0.000000000000000  0.000000000000000  1.000000000000000  0.010679589468295  1.000000000000000  0.472373520498603 
50.0    S  0.006293158523818  0.000000000000000  0.066985841408518  0.021929245719361  0.002554045602611  0.005175808660333  0.002964490728465  0.005597506446770  0.003328297246386  0.023552107961850  0.008795613954193  0.087595465567547  0.192375902520108  0.018568486016515  0.068726009332159  0.311002913324617  0.163685677885446  0.010941846256931  0.000000000000000  0.000000000000000  1.000000000000000  0.000000000000000  0.000000000000000  0.000000000000000  0.000000000000000  0.000000000000000  1.000000000000000  0.010679589468295  1.000000000000000  0.472373520498603 
51.0    L  0.052120690239060  0.000000000000000  0.036829356494115  0.033261568201667  0.202360554136852  0.015821168864851  0.004233304557987  0.042159454198116  0.071992977646835  0.160762185428825  0.054825846795801  0.006787048321489  0.143487801731875  0.009252121967607  0.005474716597972  0.020053529649420  0.018249490540830  0.013193763865997  0.035085044439800  0.074222479129588  0.976708528962227  0.018325546081748  0.005175808660333  0.721964597761248  0.277969789379277  0.000000000000000  1.000000000000000  0.010679589468295  0.464580337125457  0.472373520498603 
52.0    A  0.198470982732913  0.000000000000000  0.101180277068426  0.141610485661975  0.000000000000000  0.084260483233566  0.006661210091937  0.005069292058356  0.055360469943898  0.001841376046715  0.000000000000000  0.044010757091003  0.050977343333688  0.056094378166704  0.076574083244042  0.077320779917948  0.050695447223565  0.022923958502614  0.023552107961850  0.003522950696806  1.000000000000000  0.000000000000000  0.000000000000000  0.000000000000000  0.000000000000000  0.252963300256732  0.746906728556171  0.010738974184156  1.000000000000000  0.460412848602520 
53.0    D  0.046487930076078  0.000000000000000  0.202360554136852  0.089684345912919  0.003417127987913  0.029811235954611  0.015040538173465  0.002662505092349  0.059333882559407  0.006232384686008  0.000000000000000  0.182504001331815  0.024281477149502  0.043465061615937  0.026006210459735  0.088204740213043  0.076786686277853  0.088265900274047  0.000000000000000  0.015356571852270  1.000000000000000  0.000000000000000  0.000000000000000  0.125000000000000  0.874784764905822  0.528509020280690  0.471719125447680  0.010679589468295  0.489370825198718  0.472373520498603 
54.0    V  0.015282241772615  0.000000000000000  0.000000000000000  0.000000000000000  0.000000000000000  0.000000000000000  0.000000000000000  0.283024725527668  0.000000000000000  0.116064606538341  0.010180837104401  0.000000000000000  0.000000000000000  0.000000000000000  0.007715631730042  0.030311309698179  0.007861389246076  0.529609167341938  0.000000000000000  0.000000000000000  0.995159721820083  0.000000000000000  0.004951220789197  0.000000000000000  0.000000000000000  0.000000000000000  1.000000000000000  0.010664794670978  1.000000000000000  0.491410299272626 
55.0    Q  0.085495956493906  0.000000000000000  0.022281651833815  0.017824433060444  0.000000000000000  0.004160578919506  0.045436641166260  0.011079219028746  0.218999578766781  0.052665426843947  0.011808749439971  0.060371020557803  0.007556846325109  0.176531800548094  0.114546080584419  0.011164016716727  0.030164594527242  0.124136561929630  0.005719084749788  0.000000000000000  1.000000000000000  0.000000000000000  0.000000000000000  0.000000000000000  0.000000000000000  0.425137080032098  0.574747424017338  0.010657404959995  1.000000000000000  0.478635729097649 
56.0    A  0.413511684221633  0.004951220789197  0.049514675682811  0.015799251263302  0.000000000000000  0.111568371434122  0.015463385256488  0.006015915423719  0.089933348750676  0.011063870611051  0.000000000000000  0.046391361582158  0.020165038913309  0.006915263785778  0.073149915092162  0.071793647187315  0.055054335882936  0.008807815719886  0.000000000000000  0.000000000000000  1.000000000000000  0.000000000000000  0.000000000000000  0.000000000000000  0.000000000000000  0.000000000000000  1.000000000000000  0.010664794670978  1.000000000000000  0.491410299272626 
57.0    V  0.056094378166704  0.000000000000000  0.000000000000000  0.007050786933300  0.043676467870346  0.000000000000000  0.000000000000000  0.299577255334855  0.000000000000000  0.084435880283477  0.011501772360689  0.000000000000000  0.000000000000000  0.000000000000000  0.000000000000000  0.011581773514085  0.083852639055141  0.402204185470958  0.000000000000000  0.000000000000000  1.000000000000000  0.000000000000000  0.000000000000000  0.000000000000000  0.000000000000000  0.000000000000000  1.000000000000000  0.010664794670978  1.000000000000000  0.491410299272626 
58.0    C  0.000000000000000  0.913831450229400  0.000000000000000  0.000000000000000  0.000000000000000  0.000000000000000  0.010358795002333  0.000000000000000  0.000000000000000  0.000000000000000  0.000000000000000  0.000000000000000  0.061298687749284  0.014278616409834  0.000000000000000  0.000000000000000  0.000000000000000  0.000000000000000  0.000000000000000  0.000000000000000  0.991716730738293  0.002600491432102  0.005570412958454  0.333324669272800  0.666649338545599  0.000000000000000  1.000000000000000  0.010686994561738  0.500000000000000  0.491410299272626 
59.0    S  0.017469716421342  0.000000000000000  0.026534257701464  0.027699428099840  0.036829356494115  0.177759676323409  0.012149156810665  0.020660228205353  0.162893393670412  0.029056404456661  0.005051753640185  0.073251392729657  0.000000000000000  0.037369368649254  0.076521024525013  0.136881558849197  0.098073012237094  0.002773647184655  0.005273585879386  0.053660339777360  0.904379377561088  0.031862427593693  0.063901783163120  1.000000000000000  0.000000000000000  0.205755086319677  0.794434400096105  0.010724097119179  0.429580377473592  0.469761374607006 
60.0    Q  0.089003137224817  0.000000000000000  0.041349107497129  0.017554685984869  0.002620394970473  0.140048651774272  0.025418099941629  0.000000000000000  0.011581773514085  0.028577034046872  0.022436632978491  0.195874296737335  0.021388809579560  0.134530015597975  0.033446521825832  0.063548417080747  0.114308136187488  0.015635834179103  0.008425628372613  0.034125642054552  0.960594863953477  0.008149910886952  0.031206708315657  1.000000000000000  0.000000000000000  0.231807636608866  0.767905134851049  0.011202775375124  0.489031736723670  0.341983825975623 
61.0    K  0.048194088293998  0.000000000000000  0.025365299405540  0.054296386571914  0.000000000000000  0.079274462457867  0.003022587878012  0.058720171825876  0.154106540682976  0.021883692513863  0.000000000000000  0.010843693117309  0.281459646534191  0.025400487562010  0.074325444687670  0.061383724703962  0.073709787016326  0.028105572254617  0.000000000000000  0.000000000000000  0.948026965128645  0.030819772015417  0.021448194238358  0.850274160064196  0.149892489223889  0.080884103405178  0.918912883479050  0.010995065432230  0.431071772508798  0.325561047392257 
62.0    N  0.040554336466849  0.008820034412548  0.041120453907157  0.027527167941468  0.041377778449856  0.105843164045316  0.011509747545441  0.030755750688556  0.109803808529795  0.013677989526473  0.000000000000000  0.255784367433608  0.006297522121039  0.019050860844942  0.061256213458867  0.165625877130651  0.032128557083002  0.021990130864459  0.000000000000000  0.006891338790603  0.933032991536807  0.066661611301985  0.000000000000000  0.408384495555011  0.591315500122071  0.118914784541475  0.880869374126979  0.011195012893540  0.367801686463934  0.307999518361439 
63.0    V  0.014397877909355  0.060162152693859  0.010873799936180  0.011841535675862  0.005358333158557  0.096655792181915  0.000000000000000  0.156908998910330  0.077966598244628  0.000000000000000  0.035500914524584  0.048562954299003  0.000000000000000  0.012595044242078  0.033169475279681  0.055245470691479  0.057791454882106  0.299992845593304  0.000000000000000  0.022923958502614  0.809442216547408  0.009505643426829  0.181117769319360  1.000000000000000  0.000000000000000  0.180366085857704  0.819604607637517  0.011171757705951  0.486327473706143  0.314471242959004 
64.0    A  0.145894762727308  0.000000000000000  0.018529914053296  0.008584798574819  0.060748811748835  0.000000000000000  0.006443230848516  0.040218413978165  0.108292107050011  0.041897268486885  0.002475610394598  0.044255482444204  0.155717176946184  0.057831526752366  0.030713143704539  0.026205255763779  0.244007940194056  0.008212288352248  0.000000000000000  0.000000000000000  0.942131273904809  0.000000000000000  0.058112808913323  0.000000000000000  0.000000000000000  0.015484836926001  0.984184022033800  0.013696964395563  1.000000000000000  0.151459082553780 
65.0    C  0.009099481144285  0.836246399914063  0.007421877991210  0.000000000000000  0.015865095326085  0.022655419263732  0.005667782061852  0.006977858221506  0.000000000000000  0.008862933476062  0.000000000000000  0.003069033268233  0.023997035464095  0.016176014435022  0.000000000000000  0.000000000000000  0.007416735319926  0.000000000000000  0.000000000000000  0.036600318163088  0.977385766410805  0.000000000000000  0.022781396544009  0.500000000000000  0.500000000000000  0.509445598308361  0.490729531926740  0.014792400488074  0.400812664699697  0.132494097924660 
66.0    K  0.005750886180344  0.000000000000000  0.047071577082307  0.128960397412670  0.000000000000000  0.074376981019167  0.004937512103331  0.000000000000000  0.418703243754213  0.005671712030875  0.007976657232087  0.017591227908387  0.065018766657624  0.042482132559586  0.110951417158687  0.029421202016913  0.018338252785646  0.017652300227658  0.000000000000000  0.005111633091621  0.996540262827868  0.003170662425692  0.000000000000000  1.000000000000000  0.000000000000000  0.097395572457562  0.902500727462430  0.013048248741068  0.500000000000000  0.235369616135302 
67.0    N  0.015931213796847  0.000000000000000  0.083158065067543  0.038526635170744  0.004651784567832  0.026460791011329  0.021627339313304  0.000000000000000  0.035085044439800  0.079274462457867  0.000000000000000  0.515484159397394  0.000000000000000  0.068726009332159  0.053772039413215  0.031973045929201  0.015635834179103  0.009545258606824  0.000000000000000  0.000000000000000  0.943438250895360  0.000000000000000  0.056367211148891  0.000000000000000  0.000000000000000  0.013120804577252  0.986916545885842  0.012994095287108  1.000000000000000  0.252612861621691 
68.0    G  0.000000000000000  0.000000000000000  0.020631606890859  0.005851409900094  0.018098325096791  0.437999157533563  0.024214247842474  0.000000000000000  0.048495678392179  0.010554485035435  0.022671128247409  0.172659306017982  0.016851256745226  0.000000000000000  0.053586002289636  0.027412923397901  0.081503170953660  0.004578212045604  0.002692197564406  0.052048485680034  0.765248384911334  0.188547509585822  0.046230859664026  0.530711604474897  0.469435873657726  0.317757922326417  0.682073917439677  0.013396500572409  0.245534898815848  0.202641279971327 
69.0    Q  0.048027349415250  0.006510571930931  0.033936933010072  0.012098734810207  0.005892109674557  0.164595865257405  0.018414678247058  0.051225287977345  0.090433430366908  0.006782345528133  0.000000000000000  0.096321388544801  0.007785470803343  0.130942015887475  0.124394965227510  0.078945453865362  0.040779842115280  0.079936598829839  0.002993398359781  0.000000000000000  0.905633983017823  0.094535499830248  0.000000000000000  0.793333843191143  0.206755842110816  0.210807777562528  0.788946840852465  0.013545899429917  0.337275633584925  0.199436309952258 
70.0    T  0.015887104270187  0.000000000000000  0.022483337187669  0.076839929203411  0.016367751985934  0.090120554466264  0.018932385319223  0.052994997789572  0.132402291835485  0.083273426568251  0.026168952734638  0.054674047806614  0.048260945818237  0.008961773626767  0.071446145963377  0.121497623497669  0.122512426917734  0.018775563273857  0.000000000000000  0.018453010334836  0.852044095074866  0.120240931833097  0.027546254934599  0.743806881217253  0.256316809472148  0.884540435331541  0.115342811581725  0.012482061194518  0.300825756499876  0.240148715988369 
71.0    N  0.003428991396912  0.006578616825066  0.020460709735681  0.004032806779231  0.048260945818237  0.030374405874417  0.025612643988672  0.004468480364077  0.098892162648181  0.018529914053296  0.000000000000000  0.496546247718518  0.000000000000000  0.000000000000000  0.042013593567270  0.076786686277853  0.028281451965091  0.046681670534761  0.005644259366889  0.043495199744722  0.988285651500733  0.005730989625654  0.005644259366889  0.500000000000000  0.500000000000000  0.113125807860363  0.886996305152150  0.011140825916907  0.494828328207603  0.415235012045447 
72.0    C  0.020249077584896  0.658383461029622  0.000000000000000  0.025898278265250  0.029584800976147  0.000000000000000  0.000000000000000  0.016220926102235  0.003337538050351  0.121750533567905  0.025488671666844  0.000000000000000  0.000000000000000  0.007432174033842  0.000000000000000  0.026811579075897  0.016886334406865  0.018971795068673  0.000000000000000  0.028855697210294  1.000000000000000  0.000000000000000  0.000000000000000  0.000000000000000  0.000000000000000  0.689202576487815  0.310572070446110  0.011156281091290  1.000000000000000  0.414372452243996 
73.0    Y  0.000000000000000  0.040470093714201  0.000000000000000  0.000000000000000  0.054978067245152  0.000000000000000  0.388234437500520  0.008004350179944  0.008071206153782  0.012370091654239  0.006862738033112  0.021974893748642  0.003298440966499  0.000000000000000  0.111105335145821  0.118421258824908  0.070658160445287  0.026006210459735  0.000000000000000  0.129497845445002  0.882091365197176  0.000000000000000  0.117848066989780  0.000000000000000  0.000000000000000  0.476979775273779  0.523042469896265  0.010881339692727  1.000000000000000  0.469435873657726 
74.0    Q  0.005204589160516  0.000000000000000  0.075362989230673  0.066063627535086  0.000000000000000  0.036829356494115  0.026168952734638  0.061639544030835  0.125086673432823  0.083910781423766  0.013994463595170  0.061982295671143  0.000000000000000  0.216584214100022  0.159984051730538  0.009964409309989  0.042042725266307  0.008246513419047  0.000000000000000  0.006958538285990  0.946057646725596  0.043919334381460  0.009881871424640  1.000000000000000  0.000000000000000  0.137071448573487  0.862741344542656  0.012378668920703  0.400812664699697  0.269994139958221 
75.0    S  0.000000000000000  0.003831167984330  0.000000000000000  0.000000000000000  0.000000000000000  0.028517671516983  0.000000000000000  0.000000000000000  0.000000000000000  0.000000000000000  0.000000000000000  0.026042287723726  0.000000000000000  0.000000000000000  0.035747842912619  0.840896415253715  0.064883704408941  0.000000000000000  0.000000000000000  0.000000000000000  0.883315051481465  0.000000000000000  0.116790918360398  0.000000000000000  0.000000000000000  0.950000382874886  0.049721030234682  0.011882646509695  1.000000000000000  0.226251615720726 
76.0    Y  0.019451159927846  0.015019702006074  0.014318260073052  0.064524908467703  0.000000000000000  0.043615961378818  0.039912929974856  0.008844522672740  0.114864110434881  0.032554482156507  0.030060232958274  0.106284270008024  0.056445406884489  0.034987902770445  0.090684512989636  0.214492632607173  0.104675810938553  0.002839790072891  0.000000000000000  0.006429846447490  1.000000000000000  0.000000000000000  0.000000000000000  0.000000000000000  0.000000000000000  0.798298386356650  0.201800268626191  0.013066349998657  1.000000000000000  0.298954949194031 
77.0    S  0.051048061944376  0.002324280656849  0.071149626817180  0.037917298757772  0.010627897284422  0.046681670534761  0.015931213796847  0.012284645189693  0.067265007798987  0.048127323389754  0.012788580962356  0.052012420919470  0.021642335439233  0.061939347704005  0.057831526752366  0.289974913626359  0.092589987376270  0.037891025595679  0.000000000000000  0.009888723390393  1.000000000000000  0.000000000000000  0.000000000000000  0.000000000000000  0.000000000000000  0.846158596600290  0.154106540682976  0.010642640895629  1.000000000000000  0.455966582759885 
78.0    A  0.054749894691695  0.000000000000000  0.006982696580912  0.083852639055141  0.000000000000000  0.036549614501623  0.012841877926482  0.017861536490844  0.098413497071150  0.054371709544291  0.000000000000000  0.010836179446339  0.225938181687771  0.096722812096399  0.107023535568307  0.102237757319723  0.054258764225065  0.033123524481165  0.000000000000000  0.004253894591157  0.997231251352069  0.002609519684356  0.000000000000000  1.000000000000000  0.000000000000000  1.000000000000000  0.000000000000000  0.010724097119179  0.500000000000000  0.500000000000000 
79.0    M  0.000000000000000  0.000000000000000  0.000000000000000  0.000000000000000  0.366783336041831  0.000000000000000  0.002681024279795  0.076733480244691  0.000000000000000  0.173499089876949  0.114466710802266  0.000000000000000  0.014150530984653  0.000000000000000  0.000000000000000  0.000000000000000  0.011156281091290  0.240481863666194  0.000000000000000  0.000000000000000  1.000000000000000  0.000000000000000  0.000000000000000  0.000000000000000  0.000000000000000  0.000000000000000  0.000000000000000  0.010724097119179  1.000000000000000  1.000000000000000 
80.0    S  0.009854511006494  0.000000000000000  0.077589218220382  0.112266546610492  0.004961527275542  0.007872295003207  0.083504629899381  0.000000000000000  0.092718433365070  0.008132981231907  0.000000000000000  0.040023745666555  0.215834889643603  0.088265900274047  0.097193254485320  0.115103212150630  0.019572881853502  0.000000000000000  0.000000000000000  0.027073026762503  1.000000000000000  0.000000000000000  0.000000000000000  0.000000000000000  0.000000000000000  0.000000000000000  0.000000000000000  0.010724097119179  1.000000000000000  1.000000000000000 
81.0    I  0.006675076100701  0.015668381810954  0.000000000000000  0.000000000000000  0.005288227652549  0.059333882559407  0.000000000000000  0.233743799437864  0.020067434515460  0.269807059126107  0.075206439124969  0.010373165299863  0.000000000000000  0.008771261109950  0.015356571852270  0.000000000000000  0.054447137008891  0.221595424798717  0.000000000000000  0.003734161396851  1.000000000000000  0.000000000000000  0.000000000000000  0.000000000000000  0.000000000000000  0.000000000000000  0.000000000000000  0.010724097119179  1.000000000000000  1.000000000000000 
82.0    T  0.028281451965091  0.000000000000000  0.007463147940488  0.000000000000000  0.004642121504129  0.000000000000000  0.000000000000000  0.050310383601320  0.000000000000000  0.010881339692727  0.007910584432426  0.013621222492767  0.018135998662246  0.000000000000000  0.000000000000000  0.019586453444386  0.745872013345733  0.093169399174933  0.000000000000000  0.000000000000000  0.960594863953477  0.000000000000000  0.039336161672027  0.000000000000000  0.000000000000000  0.000000000000000  0.000000000000000  0.010746420454217  1.000000000000000  1.000000000000000 
83.0    D  0.007164094087536  0.000000000000000  0.217939559884266  0.040978187944239  0.037214276542655  0.000000000000000  0.028261855548784  0.090999346812443  0.010401965728409  0.040358042196948  0.065835064747177  0.013377941946038  0.000000000000000  0.035971546603993  0.021270533070304  0.015187202937209  0.186985719795299  0.105769824575036  0.000000000000000  0.082297932628703  1.000000000000000  0.000000000000000  0.000000000000000  0.000000000000000  0.000000000000000  0.000000000000000  1.000000000000000  0.010365977660915  1.000000000000000  0.400812664699697 
84.0    C  0.000000000000000  0.978741650397436  0.000000000000000  0.000000000000000  0.006592310907266  0.006104124063846  0.000000000000000  0.000000000000000  0.000000000000000  0.000000000000000  0.000000000000000  0.000000000000000  0.000000000000000  0.000000000000000  0.000000000000000  0.000000000000000  0.000000000000000  0.000000000000000  0.000000000000000  0.008602668735140  0.965267024871757  0.026589491547079  0.008206598000084  0.445037866626248  0.554784736033923  1.000000000000000  0.000000000000000  0.010365977660915  0.349896466398799  0.400812664699697 
85.0    R  0.010315803445430  0.006601456128223  0.025347723611783  0.037838533873455  0.007089993400915  0.004706923105448  0.015040538173465  0.024740183308477  0.180491149440312  0.029421202016913  0.000000000000000  0.166431451654546  0.000000000000000  0.095722374818399  0.203485796267609  0.064883704408941  0.081672828368323  0.035012162943568  0.000000000000000  0.011296346051139  0.917004043204671  0.006587743048829  0.076097876166437  0.500000000000000  0.500000000000000  0.000000000000000  1.000000000000000  0.010896434893363  0.490729531926740  0.454389058224260 
86.0    E  0.011621982519020  0.000000000000000  0.003520509619574  0.049343367918785  0.028676246322230  0.000000000000000  0.097665985021540  0.014988501864457  0.014160342785427  0.626332219312064  0.006596881932998  0.005451995172352  0.000000000000000  0.018110874248507  0.056916864599499  0.000000000000000  0.004690638388614  0.062111318332660  0.000000000000000  0.000000000000000  0.982820598545251  0.000000000000000  0.017062821027276  0.755759964158113  0.244177132240557  0.477310507069858  0.522680050102582  0.011501772360689  0.394473420426233  0.289573201548661 
87.0    T  0.031906628928350  0.000000000000000  0.010237448467643  0.022939853688033  0.000000000000000  0.000000000000000  0.014843755982420  0.098892162648181  0.133046272806670  0.038473262917029  0.021990130864459  0.017873921456309  0.015474107373954  0.026681803574726  0.055939066932998  0.055745532463756  0.413798408039103  0.027622735345740  0.000000000000000  0.014578640492763  0.988970916380931  0.005847355417159  0.005027301747271  1.000000000000000  0.000000000000000  0.043495199744722  0.956608158091874  0.012015162744299  0.494828328207603  0.349411742962767 
88.0    G  0.057751410777926  0.007509851003037  0.008121714337307  0.059210629412454  0.009036626436760  0.292396916012987  0.012508043916505  0.000000000000000  0.080047491333111  0.000000000000000  0.000000000000000  0.036071419297401  0.032871930600121  0.005847355417159  0.057791454882106  0.218544655102593  0.091695834010458  0.022939853688033  0.000000000000000  0.007630535382517  0.886996305152150  0.041839226780576  0.071446145963377  1.000000000000000  0.000000000000000  0.000000000000000  1.000000000000000  0.012048522073500  0.418993567333974  0.347238783941278 
89.0    N  0.035574813408590  0.000000000000000  0.007109678313132  0.019383864026803  0.009466192659611  0.555169416814320  0.003815267691259  0.000000000000000  0.028478165019911  0.010873799936180  0.000000000000000  0.032240099353167  0.077804639711386  0.025277542136304  0.062760471452436  0.104169150894902  0.011882646509695  0.000000000000000  0.016086563803656  0.000000000000000  0.965267024871757  0.026350972195316  0.008263679403269  0.786762445353566  0.213454428597811  0.100133734698703  0.900001929793512  0.013424386796050  0.453445164466571  0.253841525217357 
90.0    S  0.064123634083571  0.000000000000000  0.008326927625531  0.059995578814932  0.006684336138145  0.058679484207216  0.036221748497014  0.007254037908646  0.083100444261357  0.014377932041014  0.000000000000000  0.008555097428075  0.042423280621250  0.090684512989636  0.052084575447451  0.372419365780676  0.088143622530274  0.006973023214633  0.000000000000000  0.000000000000000  0.841479482285381  0.036931610841699  0.121666171769780  0.628942485918009  0.371130892657262  0.522317881432116  0.477641468191219  0.013340901787363  0.373194595824238  0.253841525217357 
91.0    K  0.035599480538191  0.000000000000000  0.002200428180659  0.019668080836013  0.000000000000000  0.000000000000000  0.000000000000000  0.010322956294205  0.170046356550744  0.009685216405773  0.008223680896167  0.035133716368082  0.104096971360069  0.178996092650143  0.186856156079367  0.054598305994793  0.122852574818156  0.047927583114784  0.004487102949207  0.009407323290870  0.868140227601043  0.131852789633508  0.000000000000000  0.977385766410805  0.022452190258501  0.738157202841417  0.261884031774949  0.012482061194518  0.300409012381713  0.216134307826966 
92.0    Y  0.014947002470186  0.039200068891281  0.008263679403269  0.000000000000000  0.061596833558711  0.004802495575213  0.071248329543341  0.055437269072009  0.027911432886024  0.013677989526473  0.035797434311867  0.024877753086837  0.117115180859053  0.000000000000000  0.085200162955157  0.022374511581268  0.037603219562484  0.017217267435572  0.012516716837338  0.350139080221801  1.000000000000000  0.000000000000000  0.000000000000000  0.000000000000000  0.000000000000000  0.000000000000000  1.000000000000000  0.011056204377552  1.000000000000000  0.402204185470958 
93.0    P  0.006628967982077  0.000000000000000  0.009598335784732  0.000000000000000  0.000000000000000  0.015646675870490  0.000000000000000  0.010005936416639  0.016311123865964  0.031012636708932  0.000000000000000  0.015570941606685  0.663882579191219  0.000000000000000  0.037681494615336  0.067405026980903  0.099442060469365  0.026663315566002  0.000000000000000  0.000000000000000  1.000000000000000  0.000000000000000  0.000000000000000  0.291789525454617  0.708087719107272  0.204333832122071  0.795536483754919  0.011056204377552  0.454389058224260  0.402204185470958 
94.0    N  0.046908721797324  0.000000000000000  0.126481650128366  0.000000000000000  0.000000000000000  0.016198454703433  0.044594203303684  0.000000000000000  0.030332327180298  0.003496191683312  0.006702894768974  0.289372554247531  0.153786418093893  0.081052472165688  0.093687475109722  0.059046690062325  0.029935475569459  0.006920058742987  0.000000000000000  0.011613929565867  1.000000000000000  0.000000000000000  0.000000000000000  0.000000000000000  0.000000000000000  0.910038824080899  0.090183042928852  0.010949433195943  1.000000000000000  0.421615555125056 
95.0    C  0.000000000000000  0.931740429304773  0.000000000000000  0.000000000000000  0.003980043736784  0.009342342162313  0.000000000000000  0.000000000000000  0.000000000000000  0.000000000000000  0.000000000000000  0.000000000000000  0.000000000000000  0.000000000000000  0.008753040735892  0.015356571852270  0.000000000000000  0.000000000000000  0.000000000000000  0.030926770512975  0.994470168673214  0.000000000000000  0.005233529696984  0.000000000000000  0.000000000000000  0.000000000000000  1.000000000000000  0.010716666317114  1.000000000000000  0.500000000000000 
96.0    A  0.083388948104861  0.000000000000000  0.056995822844986  0.046102858033839  0.000000000000000  0.013820944302055  0.083504629899381  0.021552514403548  0.101250434204006  0.004456108265111  0.018312848182414  0.055398856199679  0.040302132832996  0.091568804663209  0.283417353194606  0.034530140149997  0.014720801154763  0.028359973603661  0.000000000000000  0.022204563174709  1.000000000000000  0.000000000000000  0.000000000000000  0.000000000000000  0.000000000000000  0.000000000000000  1.000000000000000  0.010738974184156  1.000000000000000  0.480963727332387 
97.0    Y  0.000000000000000  0.006587743048829  0.000000000000000  0.031055659166330  0.033377044001495  0.000000000000000  0.010131559020711  0.000000000000000  0.000000000000000  0.000000000000000  0.000000000000000  0.000000000000000  0.000000000000000  0.000000000000000  0.000000000000000  0.000000000000000  0.000000000000000  0.000000000000000  0.000000000000000  0.918912883479050  0.993092495437036  0.006763566918122  0.000000000000000  0.500000000000000  0.500000000000000  0.000000000000000  1.000000000000000  0.010738974184156  0.490049707670935  0.480963727332387 
98.0    Q  0.024180703024100  0.000000000000000  0.028835702895431  0.057035343033966  0.009355302379835  0.005900283537355  0.130579470358029  0.000000000000000  0.198333460797786  0.027988927190339  0.000000000000000  0.079604842207906  0.000000000000000  0.112578247480991  0.192910021882367  0.072293011494080  0.041377778449856  0.019156794688331  0.000000000000000  0.000000000000000  1.000000000000000  0.000000000000000  0.000000000000000  0.333324669272800  0.666649338545599  0.699792932797598  0.299992845593304  0.010738974184156  0.489370825198718  0.480963727332387 
99.0    T  0.098618355106558  0.000000000000000  0.043134917293645  0.053697547184199  0.000000000000000  0.143786486668826  0.010627897284422  0.025648175275328  0.017074652173452  0.041291825176821  0.019464647118273  0.005933092538338  0.006461120065963  0.043828101582575  0.018736561152986  0.183646079159789  0.269246594048262  0.008746975692611  0.000000000000000  0.010061575230546  1.000000000000000  0.000000000000000  0.000000000000000  0.000000000000000  0.000000000000000  0.000000000000000  1.000000000000000  0.010716666317114  1.000000000000000  0.500000000000000 
100.0    T  0.021211640310625  0.000000000000000  0.045185384204555  0.031228346655952  0.069012427947693  0.002843729587889  0.006726165533898  0.080772051914843  0.107544078826430  0.013359409029562  0.006924857024960  0.035723072981689  0.000000000000000  0.012006837353813  0.051868411599374  0.156908998910330  0.280097303548544  0.069637103176208  0.000000000000000  0.008875228631146  0.986232704493359  0.013792234317041  0.000000000000000  1.000000000000000  0.000000000000000  0.000000000000000  1.000000000000000  0.010716666317114  0.474342157570227  0.500000000000000 
101.0    Q  0.075624630576206  0.000000000000000  0.021448194238358  0.026497498894786  0.000000000000000  0.039445376003504  0.032195436050627  0.029116888415774  0.069492447344819  0.058638824781292  0.006744840301363  0.045373696246997  0.108142086323124  0.121666171769780  0.059457392270737  0.082297932628703  0.137452018664319  0.029605314706227  0.000000000000000  0.056877426505056  0.993092495437036  0.006881791985367  0.000000000000000  0.657471380102535  0.342695701244926  0.627635995641322  0.372419365780676  0.010761328487368  0.479632059662632  0.486327473706143 
102.0    A  0.078074757853336  0.000000000000000  0.040526236082844  0.047234997759882  0.033516144275561  0.057911753868148  0.000000000000000  0.010934264574962  0.080436827956329  0.104893704638318  0.030585676574920  0.012482061194518  0.011438169499575  0.078672323344054  0.067311648512066  0.237006741282161  0.094143154164613  0.007577827424545  0.000000000000000  0.007249011534932  1.000000000000000  0.000000000000000  0.000000000000000  0.000000000000000  0.000000000000000  0.000000000000000  1.000000000000000  0.010716666317114  1.000000000000000  0.500000000000000 
103.0    E  0.000000000000000  0.000000000000000  0.011446100582901  0.128781744202509  0.046487930076078  0.000000000000000  0.015625000000000  0.026114592466308  0.037473122305972  0.094339123032535  0.024281477149502  0.138696184008481  0.039940605100095  0.089933348750676  0.032735503971869  0.056602123938614  0.182630547318209  0.037655384843587  0.004397806977097  0.032871930600121  1.000000000000000  0.000000000000000  0.000000000000000  0.000000000000000  0.000000000000000  0.000000000000000  1.000000000000000  0.010716666317114  1.000000000000000  0.500000000000000 
104.0    K  0.026259804757290  0.000000000000000  0.006735496445450  0.033609199701793  0.000000000000000  0.159541096103619  0.025120343460723  0.000000000000000  0.351842093831349  0.000000000000000  0.023732370153352  0.073965688859536  0.000000000000000  0.053883971563600  0.217939559884266  0.013489680602725  0.013955716443012  0.000000000000000  0.000000000000000  0.000000000000000  0.971307495541633  0.000000000000000  0.028915763376183  0.000000000000000  0.000000000000000  0.000000000000000  1.000000000000000  0.010716666317114  1.000000000000000  0.500000000000000 
105.0    H  0.008974205898414  0.005508976408142  0.013926726498390  0.000000000000000  0.178006274449634  0.004172130500187  0.113439894414645  0.030227385300435  0.132402291835485  0.017725866952124  0.000000000000000  0.028696130071904  0.022813000166477  0.015271652600169  0.120825762133122  0.063284675459406  0.042541066140609  0.039172906888772  0.000000000000000  0.163006341907320  1.000000000000000  0.000000000000000  0.000000000000000  0.000000000000000  0.000000000000000  0.000000000000000  1.000000000000000  0.010337276874282  1.000000000000000  0.419865746472070 
106.0    I  0.007080171392714  0.000000000000000  0.000000000000000  0.000000000000000  0.061810682273808  0.000000000000000  0.000000000000000  0.500346693731290  0.000000000000000  0.055092509869198  0.000000000000000  0.009099481144285  0.021672358892678  0.000000000000000  0.000000000000000  0.006592310907266  0.000000000000000  0.157890907730725  0.000000000000000  0.180366085857704  1.000000000000000  0.000000000000000  0.000000000000000  0.000000000000000  0.000000000000000  0.000000000000000  1.000000000000000  0.010337276874282  1.000000000000000  0.419865746472070 
107.0    I  0.016642315678022  0.095788747512986  0.005090418552200  0.015218816695988  0.008980428500271  0.000000000000000  0.000000000000000  0.229569040575231  0.028935813203979  0.165625877130651  0.006116830439504  0.012208248127692  0.000000000000000  0.005255340658288  0.075887180274690  0.008936960728155  0.077804639711386  0.202922395244320  0.006900898839699  0.038075320739850  1.000000000000000  0.000000000000000  0.000000000000000  0.000000000000000  0.000000000000000  0.000000000000000  1.000000000000000  0.010337276874282  1.000000000000000  0.419865746472070 
108.0    V  0.024197469620413  0.000000000000000  0.000000000000000  0.000000000000000  0.006219438271709  0.000000000000000  0.000000000000000  0.277777182163773  0.000000000000000  0.086449414313185  0.008734858210671  0.000000000000000  0.000000000000000  0.000000000000000  0.000000000000000  0.000000000000000  0.056133273305246  0.540362701019676  0.000000000000000  0.000000000000000  1.000000000000000  0.000000000000000  0.000000000000000  0.000000000000000  0.000000000000000  0.000000000000000  1.000000000000000  0.010344444612464  1.000000000000000  0.419865746472070 
109.0    A  0.523768063549899  0.000000000000000  0.000000000000000  0.007294374569651  0.000000000000000  0.044935516651467  0.000000000000000  0.000000000000000  0.043858491438721  0.079439480581604  0.000000000000000  0.000000000000000  0.000000000000000  0.017506081471784  0.017554685984869  0.044439919080852  0.209206560670848  0.012174446557195  0.000000000000000  0.000000000000000  1.000000000000000  0.000000000000000  0.000000000000000  0.000000000000000  0.000000000000000  0.000000000000000  1.000000000000000  0.013129902378645  1.000000000000000  0.419865746472070 
110.0    C  0.000000000000000  1.000000000000000  0.000000000000000  0.000000000000000  0.000000000000000  0.000000000000000  0.000000000000000  0.000000000000000  0.000000000000000  0.000000000000000  0.000000000000000  0.000000000000000  0.000000000000000  0.000000000000000  0.000000000000000  0.000000000000000  0.000000000000000  0.000000000000000  0.000000000000000  0.000000000000000  1.000000000000000  0.000000000000000  0.000000000000000  0.000000000000000  0.000000000000000  0.000000000000000  1.000000000000000  0.013102627881890  1.000000000000000  0.419865746472070 
111.0    E  0.012040173568100  0.000000000000000  0.214939121560752  0.368311921454120  0.000000000000000  0.007905103133023  0.009479324689443  0.006583178355493  0.034891030061955  0.007834190905477  0.005190178961314  0.093428078039684  0.003985565075189  0.037136972033029  0.057671405790862  0.064524908467703  0.017373111836205  0.053215856734309  0.005482311429840  0.000000000000000  0.706127202192377  0.293615492803413  0.000000000000000  0.149581120403839  0.850274160064196  0.000000000000000  1.000000000000000  0.013129902378645  0.125607977552973  0.419865746472070 
112.0    G  0.009558500321343  0.000000000000000  0.130670012525646  0.027641888604111  0.000000000000000  0.275476278969153  0.013527133836245  0.047464740306704  0.041926319527571  0.007380836257791  0.006953716666035  0.160539476123678  0.150204506190856  0.027204705103004  0.055629733328281  0.026737344552581  0.015030116479137  0.000000000000000  0.004021640950914  0.000000000000000  0.793333843191143  0.206612579538553  0.000000000000000  0.447822835045425  0.552099423581546  0.000000000000000  1.000000000000000  0.013230395505664  0.227352062950183  0.419865746472070 
113.0    N  0.005742919282770  0.000000000000000  0.030777076340486  0.051048061944376  0.021226348196077  0.193713982739793  0.011743449047387  0.000000000000000  0.075834597515543  0.048731552663208  0.014957366534302  0.173980798978888  0.000000000000000  0.083852639055141  0.028975954576108  0.010941846256931  0.020432364820887  0.000000000000000  0.018529914053296  0.209642046110233  0.532185091226680  0.006372167916711  0.461691155364697  0.256850359844741  0.743291492215508  0.827023368443266  0.172898828626371  0.016992006107108  0.477972658796871  0.404721108273704 
114.0    P  0.006796463693036  0.021403640311962  0.018478609378815  0.057551606075315  0.000000000000000  0.000000000000000  0.037838533873455  0.052848267961095  0.103306289769276  0.007845058931554  0.000000000000000  0.000000000000000  0.639936206922154  0.031620412532092  0.005129379396188  0.012682649702770  0.000000000000000  0.004562372635207  0.000000000000000  0.000000000000000  0.984866442895551  0.000000000000000  0.015009294749273  0.000000000000000  0.000000000000000  0.003577084712571  0.996540262827868  0.043585739573450  1.000000000000000  0.090684512989636 
115.0    Y  0.000000000000000  0.000000000000000  0.000000000000000  0.012499377005199  0.093104841445169  0.007509851003037  0.005226279510883  0.049962864397030  0.000000000000000  0.312732270028317  0.000000000000000  0.000000000000000  0.017265070074999  0.025701564647265  0.024620433939042  0.039281667953807  0.000000000000000  0.246729136471460  0.000000000000000  0.165281825642822  1.000000000000000  0.000000000000000  0.000000000000000  0.000000000000000  0.000000000000000  0.977385766410805  0.022436632978491  0.045468146363586  1.000000000000000  0.089250248730317 
116.0    V  0.022219959540426  0.000000000000000  0.000000000000000  0.000000000000000  0.021094343517543  0.040414029121484  0.000000000000000  0.083678453561153  0.039445376003504  0.186209682890338  0.002692197564406  0.000000000000000  0.007370611335120  0.017652300227658  0.025471010387582  0.000000000000000  0.000000000000000  0.430773079856009  0.065835064747177  0.057154068093744  1.000000000000000  0.000000000000000  0.000000000000000  0.000000000000000  0.000000000000000  0.349654020684615  0.650670927720967  0.017725866952124  1.000000000000000  0.487002134271620 
117.0    P  0.000000000000000  0.000000000000000  0.000000000000000  0.000000000000000  0.000000000000000  0.000000000000000  0.000000000000000  0.000000000000000  0.000000000000000  0.008584798574819  0.000000000000000  0.000000000000000  0.975355461527642  0.000000000000000  0.000000000000000  0.007391075365044  0.000000000000000  0.008373230176065  0.000000000000000  0.000000000000000  1.000000000000000  0.000000000000000  0.000000000000000  0.000000000000000  0.000000000000000  1.000000000000000  0.000000000000000  0.017591227908387  1.000000000000000  0.494485458190466 
118.0    V  0.021050524638526  0.018906157644051  0.034987902770445  0.000000000000000  0.000000000000000  0.000000000000000  0.016527358806538  0.042423280621250  0.000000000000000  0.000000000000000  0.000000000000000  0.023798261557863  0.000000000000000  0.000000000000000  0.000000000000000  0.000000000000000  0.019209982300853  0.813943185070435  0.000000000000000  0.009005362084366  1.000000000000000  0.000000000000000  0.000000000000000  0.000000000000000  0.000000000000000  0.000000000000000  0.000000000000000  0.017542522219900  1.000000000000000  1.000000000000000 
119.0    H  0.025648175275328  0.000000000000000  0.006587743048829  0.006542238183660  0.000000000000000  0.000000000000000  0.812815601984320  0.000000000000000  0.000000000000000  0.006684336138145  0.000000000000000  0.013340901787363  0.007396200244037  0.000000000000000  0.000000000000000  0.026811579075897  0.052519609514580  0.000000000000000  0.000000000000000  0.041550222130679  0.959929261038908  0.000000000000000  0.039747281460737  0.000000000000000  0.000000000000000  0.000000000000000  0.000000000000000  0.017457611532378  1.000000000000000  1.000000000000000 
120.0    Y  0.000000000000000  0.000000000000000  0.000000000000000  0.000000000000000  0.382889499273596  0.000000000000000  0.000000000000000  0.055016188347697  0.000000000000000  0.387427965479586  0.000000000000000  0.000000000000000  0.000000000000000  0.000000000000000  0.000000000000000  0.000000000000000  0.000000000000000  0.052848267961095  0.009374776424791  0.112578247480991  1.000000000000000  0.000000000000000  0.000000000000000  1.000000000000000  0.000000000000000  1.000000000000000  0.000000000000000  0.017003788151106  0.426908857195622  0.426908857195622 
121.0    D  0.080772051914843  0.000000000000000  0.640379930664885  0.050310383601320  0.000000000000000  0.017518219969195  0.029935475569459  0.010166733245640  0.006615197752832  0.030269318413332  0.000000000000000  0.000000000000000  0.000000000000000  0.057951909152216  0.027853452996780  0.000000000000000  0.000000000000000  0.048428495684948  0.000000000000000  0.000000000000000  0.955945317593742  0.044378354954482  0.000000000000000  0.333324669272800  0.666649338545599  0.000000000000000  0.000000000000000  0.021792869786725  0.426908857195622  1.000000000000000 
122.0    A  0.109651693591603  0.000000000000000  0.012603777487846  0.125000000000000  0.003219383144349  0.368822864270710  0.000000000000000  0.000000000000000  0.148239312426368  0.016470178488918  0.000000000000000  0.006398724202030  0.015229369232680  0.025952188252840  0.086449414313185  0.046038990181765  0.029873291174804  0.000000000000000  0.006053561960619  0.000000000000000  0.965936328924846  0.033889919026346  0.000000000000000  0.218696191226455  0.781327880172317  0.000000000000000  0.000000000000000  0.021642335439233  0.454389058224260  1.000000000000000 
123.0    S  0.009472756398920  0.007154169425142  0.072594295745358  0.000000000000000  0.000000000000000  0.057432055217441  0.000000000000000  0.152090294829258  0.009854511006494  0.019143520811011  0.000000000000000  0.007916069532493  0.000000000000000  0.000000000000000  0.000000000000000  0.282045534364128  0.242995246995338  0.133138525424177  0.000000000000000  0.006142322594846  0.843815796130018  0.156366135014158  0.000000000000000  0.281654807124320  0.718470088272032  0.000000000000000  0.000000000000000  0.034078366645789  0.401090583176243  1.000000000000000 
124.0    V  0.018123432101647  0.000000000000000  0.000000000000000  0.015722778492153  0.214641359109438  0.000000000000000  0.017799740269096  0.093492859897649  0.062500000000000  0.069733707645310  0.000000000000000  0.015755507107728  0.000000000000000  0.030416542942445  0.000000000000000  0.000000000000000  0.024382671255428  0.409234590795402  0.000000000000000  0.028086097706595  1.000000000000000  0.000000000000000  0.000000000000000  1.000000000000000  0.000000000000000  0.000000000000000  0.000000000000000  0.066846692992828  1.000000000000000  1.000000000000000 
