No:  residues  hmm_col_1  hmm_col_2  hmm_col_3  hmm_col_4  hmm_col_5  hmm_col_6  hmm_col_7  hmm_col_8  hmm_col_9  hmm_col_10  hmm_col_11  hmm_col_12  hmm_col_13  hmm_col_14  hmm_col_15  hmm_col_16  hmm_col_17  hmm_col_18  hmm_col_19  hmm_col_20  hmm_col_21   hmm_col_22   hmm_col_23   hmm_col_24   hmm_col_25   hmm_col_26   hmm_col_27   hmm_col_28   hmm_col_29   hmm_col_30   
1.0    K  0.303128204765434  0.000000000000000  0.000000000000000  0.004822510183178  0.000000000000000  0.062803988776487  0.018440224114628  0.024723040662045  0.251913440102626  0.000000000000000  0.000000000000000  0.026811579075897  0.011874412940637  0.054371709544291  0.131487722400484  0.073048578035078  0.008881382603406  0.027546254934599  0.000000000000000  0.000000000000000  0.905633983017823  0.066477042055824  0.027757087370075  0.300825756499876  0.699308041369231  0.000000000000000  0.000000000000000  0.063284675459406  0.466839972457657  1.000000000000000 
2.0    E  0.026793001144818  0.010858736092518  0.124481219136807  0.339386244970002  0.000000000000000  0.000000000000000  0.000000000000000  0.009558500321343  0.162217345867398  0.065018766657624  0.015399208389678  0.048934643516034  0.033562639738129  0.082812938565325  0.041665583659100  0.005547294369310  0.003831167984330  0.007452808988653  0.022452190258501  0.000000000000000  0.995849753094458  0.000000000000000  0.004058043372257  0.042511589137686  0.957271458195298  0.000000000000000  1.000000000000000  0.037188490509584  0.469435873657726  0.495171435966512 
3.0    S  0.058801631719612  0.000000000000000  0.009169126392823  0.029278795214763  0.000000000000000  0.031511014215456  0.020179021098474  0.011776053980925  0.006293158523818  0.005165057051338  0.000000000000000  0.000000000000000  0.206326352128164  0.125347054487635  0.043555538708983  0.206469416233930  0.231005643111706  0.000000000000000  0.000000000000000  0.015113692650218  1.000000000000000  0.000000000000000  0.000000000000000  0.500000000000000  0.500000000000000  1.000000000000000  0.000000000000000  0.023211764385325  0.495171435966512  0.491751037013124 
4.0    A  0.062283766426742  0.000000000000000  0.073658712988230  0.019791160214425  0.000000000000000  0.034482304376311  0.000000000000000  0.000000000000000  0.093104841445169  0.010657404959995  0.041839226780576  0.057193698007996  0.144385723069198  0.053623158151793  0.248445273330639  0.088633752229966  0.054071043161562  0.011549706494327  0.006267040362129  0.000000000000000  0.836826242683391  0.143388378028271  0.019505164826588  0.250000000000000  0.750019494642909  0.000000000000000  0.000000000000000  0.020588749245846  0.354043859553636  1.000000000000000 
5.0    A  0.292802545304702  0.000000000000000  0.002252901572383  0.003783664801667  0.054901904264898  0.009036626436760  0.008350046806336  0.044532425442150  0.011133106360537  0.000000000000000  0.000000000000000  0.000000000000000  0.007309558576808  0.000000000000000  0.000000000000000  0.153148166488085  0.017133931071686  0.015474107373954  0.109348095613228  0.270743761381481  0.997231251352069  0.000000000000000  0.002534646029178  0.000000000000000  0.000000000000000  0.000000000000000  1.000000000000000  0.017664540111322  1.000000000000000  0.483973513446869 
6.0    A  0.052337905469277  0.003146579261909  0.023438109207591  0.190386092462908  0.000000000000000  0.000000000000000  0.010738974184156  0.029749309640548  0.120157616048595  0.094666644742311  0.034530140149997  0.033469713224733  0.009361789229214  0.266277050848354  0.066430979647410  0.027565355162412  0.021344379011787  0.016345077184258  0.000000000000000  0.000000000000000  0.955945317593742  0.000000000000000  0.043767385027725  0.000000000000000  0.000000000000000  0.639049681601526  0.360982298880624  0.011710934388715  1.000000000000000  0.475329550614909 
7.0    K  0.014358013804360  0.000000000000000  0.046714039019842  0.000000000000000  0.000000000000000  0.003922529465777  0.062068280964815  0.000000000000000  0.244855074396732  0.007625248131064  0.003606962151287  0.055514174740150  0.007370611335120  0.006438766288697  0.077589218220382  0.044625124365158  0.209351621877107  0.007598866776658  0.193445624192799  0.014957366534302  1.000000000000000  0.000000000000000  0.000000000000000  1.000000000000000  0.000000000000000  0.869344560090022  0.130488990927715  0.011374918351555  0.434070113800521  0.424253950852948 
8.0    F  0.000000000000000  0.000000000000000  0.000000000000000  0.000000000000000  0.859160754947185  0.000000000000000  0.000000000000000  0.026774436086518  0.000000000000000  0.042364510212500  0.010152648925433  0.000000000000000  0.016030908520893  0.000000000000000  0.007416735319926  0.016504462896123  0.000000000000000  0.021747599872361  0.000000000000000  0.000000000000000  1.000000000000000  0.000000000000000  0.000000000000000  0.000000000000000  0.000000000000000  0.000000000000000  1.000000000000000  0.011367036590897  1.000000000000000  0.495171435966512 
9.0    R  0.047234997759882  0.000000000000000  0.007525483547032  0.170400325910313  0.000000000000000  0.009861344000876  0.000000000000000  0.041006601705999  0.107246316303586  0.216434141379915  0.006574058455355  0.007546377569725  0.000000000000000  0.188155843426383  0.141610485661975  0.013782677581206  0.005605271619557  0.007657026682358  0.009545258606824  0.019818615614467  0.959264119325264  0.000000000000000  0.040526236082844  0.000000000000000  0.000000000000000  0.000000000000000  1.000000000000000  0.011382805577328  1.000000000000000  0.495171435966512 
10.0    R  0.014802657353114  0.000000000000000  0.006497047643554  0.068488235402981  0.000000000000000  0.000000000000000  0.028458432299749  0.153786418093893  0.095193046231454  0.020717590004667  0.007817917089551  0.046487930076078  0.000000000000000  0.047398985792951  0.339386244970002  0.010813669656652  0.149892489223889  0.000000000000000  0.004684140288247  0.005410583859808  1.000000000000000  0.000000000000000  0.000000000000000  0.604997044609646  0.395020655931689  1.000000000000000  0.000000000000000  0.011040887842834  0.424253950852948  0.424253950852948 
11.0    Q  0.000000000000000  0.000000000000000  0.000000000000000  0.012191335627714  0.009479324689443  0.000000000000000  0.023947186878247  0.007546377569725  0.140632310586101  0.196963471512337  0.027969533466499  0.000000000000000  0.000000000000000  0.505926600513464  0.062154385542076  0.000000000000000  0.013166356710987  0.000000000000000  0.000000000000000  0.000000000000000  0.953959550547558  0.040414029121484  0.005616939581433  1.000000000000000  0.000000000000000  0.000000000000000  0.000000000000000  0.011367036590897  0.434070113800521  1.000000000000000 
12.0    H  0.000000000000000  0.000000000000000  0.005009908604540  0.000000000000000  0.000000000000000  0.000000000000000  0.832198734711525  0.029197729590099  0.000000000000000  0.000000000000000  0.000000000000000  0.007780076196050  0.000000000000000  0.014659706195323  0.022097086912080  0.055130710324824  0.006872258405644  0.027318081887824  0.000000000000000  0.000000000000000  0.917004043204671  0.077320779917948  0.005620834296917  1.000000000000000  0.000000000000000  0.869344560090022  0.130488990927715  0.011040887842834  0.394200087028139  0.424253950852948 
13.0    M  0.007284269425288  0.000000000000000  0.000000000000000  0.000000000000000  0.032554482156507  0.000000000000000  0.002835856015437  0.281069730944654  0.000000000000000  0.065018766657624  0.136502568218206  0.000000000000000  0.000000000000000  0.000000000000000  0.021522656974737  0.003405305623192  0.012182888165802  0.311218558845543  0.000000000000000  0.126394010106413  0.732550437305669  0.092589987376270  0.174584816558425  0.727994774499543  0.272060610417701  0.566049451055337  0.434070113800521  0.011454037165541  0.377095019171645  0.486664687079119 
14.0    D  0.008783429092020  0.000000000000000  0.576343173399432  0.018338252785646  0.025260027150174  0.037812315288103  0.009271381231692  0.052374195916747  0.013583508751407  0.011179504062679  0.000000000000000  0.033100572958871  0.007954571873161  0.026424133980547  0.014761672515581  0.013415084944340  0.072443496994028  0.030395467106634  0.000000000000000  0.048664043191354  0.811689580977279  0.018775563273857  0.169575540930959  0.335875856430324  0.664342907048256  0.029056404456661  0.970634469769547  0.012352954946937  0.481964903870322  0.280485870132621 
15.0    S  0.090936292727172  0.000000000000000  0.017725866952124  0.016758072137780  0.068678388598555  0.019915009801863  0.000000000000000  0.000000000000000  0.023864335905636  0.019791160214425  0.016277241078253  0.074842419038683  0.287373712008669  0.011678509754960  0.011630041055989  0.132769898311922  0.045216715183454  0.007726335284226  0.000000000000000  0.154748786354681  0.913831450229400  0.012276133072931  0.073658712988230  1.000000000000000  0.000000000000000  0.137833645383614  0.862143545017596  0.013926726498390  0.493116352246680  0.190122344155126 
16.0    G  0.017787406704295  0.000000000000000  0.114625505400584  0.102450575954690  0.000000000000000  0.082812938565325  0.009978232493714  0.002308225677606  0.188286308329227  0.000000000000000  0.009252121967607  0.035329080222643  0.299369676154732  0.007593601468604  0.002750672318188  0.086269834587289  0.039037378926668  0.000000000000000  0.000000000000000  0.002185228712960  0.732550437305669  0.216734390878672  0.050625217102003  1.000000000000000  0.000000000000000  0.000000000000000  1.000000000000000  0.013946046429265  0.308213081365952  0.190782401120070 
17.0    S  0.006420938963241  0.013517760790390  0.002566468021776  0.019276674528273  0.000000000000000  0.079109787123142  0.005182988830458  0.000000000000000  0.124826833262629  0.000000000000000  0.053883971563600  0.165167300707283  0.116306207212877  0.065108964313014  0.111105335145821  0.113125807860363  0.101672399766516  0.022639721164920  0.000000000000000  0.000000000000000  0.613867841957530  0.000000000000000  0.386087566545892  0.000000000000000  0.000000000000000  0.056719947207323  0.943438250895360  0.014548356559847  1.000000000000000  0.175921046915675 
18.0    S  0.080436827956329  0.000000000000000  0.012284645189693  0.017738157846032  0.007223931860263  0.000000000000000  0.000000000000000  0.004016069635375  0.014957366534302  0.045185384204555  0.000000000000000  0.050450067156548  0.091188771515011  0.000000000000000  0.016619260513956  0.396941965465826  0.160985203688728  0.071248329543341  0.000000000000000  0.030798416779355  0.607097442197523  0.246558176123340  0.146198458006493  0.489370825198718  0.510860041357151  0.402762145524375  0.597081593537295  0.022452190258501  0.364249778474503  0.094469995519764 
19.0    S  0.076415017355754  0.000000000000000  0.002810417148459  0.045943354262158  0.025471010387582  0.061426287409078  0.000000000000000  0.005200982864205  0.059169601952295  0.039940605100095  0.023389421668636  0.000000000000000  0.299992845593304  0.015229369232680  0.009618315729257  0.179866697501352  0.102735023411856  0.046520164223954  0.000000000000000  0.006293158523818  0.917004043204671  0.012691443693066  0.070609200910633  0.500000000000000  0.500000000000000  0.607097442197523  0.392836258333790  0.018906157644051  0.497924876547229  0.137833645383614 
20.0    S  0.028895727441053  0.000000000000000  0.036549614501623  0.016980232226970  0.018048215383650  0.197921466467818  0.000000000000000  0.006910472151028  0.051904376505681  0.088941466327162  0.000000000000000  0.161432168787792  0.047629525948118  0.103664943226805  0.055283777208221  0.143587294374629  0.010761328487368  0.007710285514733  0.020517517584752  0.003280201144313  0.985549336939371  0.004913613171234  0.009322935492435  0.289172045976322  0.710546021590680  0.184795303909230  0.815072332402625  0.013773127467300  0.489031736723670  0.254369923025672 
21.0    G  0.042777619159120  0.000000000000000  0.033446521825832  0.000000000000000  0.006867496569623  0.121077273653328  0.004391714546010  0.038260512262506  0.023308500417054  0.014874654820274  0.067920928907879  0.179866697501352  0.077804639711386  0.015495573917786  0.076680311078363  0.167240944348264  0.065244495463857  0.051474438579223  0.006049367405103  0.007134361328219  0.980099415341871  0.002436456195145  0.017265070074999  0.424548123223420  0.575544745663881  0.519429551648832  0.480630464194381  0.012233660879008  0.356753626429470  0.276816146121071 
22.0    N  0.061810682273808  0.000000000000000  0.202220337090435  0.000000000000000  0.046391361582158  0.100620767202640  0.021732530807969  0.008350046806336  0.020277168233425  0.011017952816284  0.015766431778823  0.131305568001344  0.060959716345478  0.007324774191071  0.039747281460737  0.165740720037332  0.088021514182005  0.014467906601989  0.004253894591157  0.000000000000000  1.000000000000000  0.000000000000000  0.000000000000000  0.000000000000000  0.000000000000000  0.697371833175203  0.302708270987638  0.011102281587354  1.000000000000000  0.359484133211739 
23.0    P  0.029076551803219  0.003266587499664  0.142397922152764  0.026534257701464  0.000000000000000  0.020291228167654  0.044501568612408  0.031293351740979  0.084729020425000  0.014639397607382  0.000000000000000  0.096321388544801  0.165625877130651  0.021448194238358  0.080047491333111  0.102096123888753  0.049002528379734  0.035427169149326  0.000000000000000  0.053326631132004  0.984184022033800  0.015854102290326  0.000000000000000  0.500000000000000  0.500000000000000  0.693034942825207  0.307146745111412  0.011117683290895  0.478304079045937  0.455966582759885 
24.0    N  0.021255794568843  0.000000000000000  0.066893043651664  0.080436827956329  0.014447863720527  0.059870951138919  0.020221025851295  0.075154328056136  0.029036271070341  0.069878865685366  0.000000000000000  0.068488235402981  0.060580613558442  0.095061172077563  0.172779025816073  0.023847800140009  0.082583650353642  0.050800975124020  0.000000000000000  0.008753040735892  1.000000000000000  0.000000000000000  0.000000000000000  0.000000000000000  0.000000000000000  0.000000000000000  1.000000000000000  0.011079219028746  1.000000000000000  0.490729531926740 
25.0    Y  0.026793001144818  0.056250120612095  0.042101049277053  0.024671683959392  0.006537705020964  0.010416395914775  0.004431466738031  0.002265429012706  0.045594385757505  0.005489916797682  0.000000000000000  0.063769041203029  0.011226095129250  0.095656048113917  0.048562954299003  0.005406834828326  0.008912216530222  0.003627018954323  0.000000000000000  0.538120062391899  1.000000000000000  0.000000000000000  0.000000000000000  0.000000000000000  0.000000000000000  0.750019494642909  0.249826773247613  0.011079219028746  1.000000000000000  0.490729531926740 
26.0    C  0.000000000000000  0.957271458195298  0.000000000000000  0.000000000000000  0.000000000000000  0.000000000000000  0.000000000000000  0.000000000000000  0.000000000000000  0.000000000000000  0.000000000000000  0.000000000000000  0.000000000000000  0.000000000000000  0.011017952816284  0.000000000000000  0.000000000000000  0.031796240378209  0.000000000000000  0.000000000000000  1.000000000000000  0.000000000000000  0.000000000000000  0.000000000000000  0.000000000000000  0.000000000000000  1.000000000000000  0.010972225591703  1.000000000000000  0.500000000000000 
27.0    N  0.005347202394890  0.000000000000000  0.128247268167143  0.044935516651467  0.003024683702552  0.007055675860561  0.000000000000000  0.000000000000000  0.033261568201667  0.000000000000000  0.000000000000000  0.662044455197699  0.000000000000000  0.007385954037115  0.014150530984653  0.018853811245637  0.068156733291579  0.000000000000000  0.000000000000000  0.007774685326719  1.000000000000000  0.000000000000000  0.000000000000000  0.000000000000000  0.000000000000000  0.000000000000000  1.000000000000000  0.010972225591703  1.000000000000000  0.500000000000000 
28.0    Q  0.054636163775648  0.000000000000000  0.093104841445169  0.062760471452436  0.000000000000000  0.050520054300348  0.035206850890540  0.020574483157176  0.049275010878517  0.058842404033825  0.016515906883772  0.051688960527704  0.005707204603694  0.100411749594629  0.052811649025782  0.130851285246822  0.100551046367739  0.099373156368622  0.000000000000000  0.017145811524676  1.000000000000000  0.000000000000000  0.000000000000000  0.000000000000000  0.000000000000000  0.000000000000000  1.000000000000000  0.010972225591703  1.000000000000000  0.500000000000000 
29.0    M  0.173860246463749  0.004462290026752  0.000000000000000  0.124222636665319  0.000000000000000  0.000000000000000  0.000000000000000  0.068062313458507  0.011525714508460  0.101110168545217  0.387696603173502  0.000000000000000  0.016164805961233  0.012352954946937  0.000000000000000  0.004543437662296  0.033516144275561  0.062543336716411  0.000000000000000  0.000000000000000  1.000000000000000  0.000000000000000  0.000000000000000  0.000000000000000  0.000000000000000  0.000000000000000  1.000000000000000  0.010972225591703  1.000000000000000  0.500000000000000 
30.0    M  0.000000000000000  0.000000000000000  0.000000000000000  0.000000000000000  0.000000000000000  0.000000000000000  0.000000000000000  0.102025380768863  0.000000000000000  0.066384949155961  0.714992493180845  0.000000000000000  0.000000000000000  0.000000000000000  0.023666661185578  0.016164805961233  0.046714039019842  0.029873291174804  0.000000000000000  0.000000000000000  0.995159721820083  0.004736378199460  0.000000000000000  0.500000000000000  0.500000000000000  1.000000000000000  0.000000000000000  0.010972225591703  0.499307333050514  0.500000000000000 
31.0    K  0.080158537672641  0.002064488360471  0.020460709735681  0.020081349022959  0.006254021958252  0.030416542942445  0.007011797270838  0.030841142058933  0.178748123295211  0.055977854380678  0.028027754989438  0.030543305200338  0.008513688376667  0.084318908396231  0.222210670291643  0.076999879590360  0.002518883302062  0.100830219902766  0.000000000000000  0.014150530984653  0.994470168673214  0.005321320447814  0.000000000000000  1.000000000000000  0.000000000000000  0.000000000000000  0.000000000000000  0.010987446874321  0.497924876547229  1.000000000000000 
32.0    R  0.049824529783784  0.014377932041014  0.019559319666469  0.031077192771038  0.000000000000000  0.068298608693810  0.021522656974737  0.022081775685668  0.091062444618626  0.021418481327808  0.019942637012952  0.053105312446166  0.021944451183406  0.066430979647410  0.250173346865645  0.025172634095273  0.018827692421794  0.061982295671143  0.084670311092835  0.058598193528569  0.952637998043937  0.000000000000000  0.047136877396456  0.000000000000000  0.000000000000000  0.000000000000000  0.000000000000000  0.010987446874321  1.000000000000000  1.000000000000000 
33.0    R  0.023405639600378  0.004292399287410  0.004879672365834  0.000000000000000  0.000000000000000  0.000000000000000  0.000000000000000  0.114228931278675  0.074738737298508  0.021448194238358  0.015071846634127  0.022530138616566  0.020645912588410  0.016493026838093  0.539614118252214  0.012149156810665  0.000000000000000  0.130579470358029  0.000000000000000  0.000000000000000  0.920825697205040  0.039363436873356  0.039774841727373  1.000000000000000  0.000000000000000  0.647970482716667  0.352330188785505  0.011422323815625  0.451250363731215  0.431669779287206 
34.0    R  0.004346289533535  0.014447863720527  0.014407861217385  0.037265902260332  0.000000000000000  0.160873655912659  0.016209686508838  0.026259804757290  0.153786418093893  0.059128602920350  0.000000000000000  0.345079338349157  0.000000000000000  0.046102858033839  0.034054753506667  0.021627339313304  0.032803646363221  0.026460791011329  0.007159130036526  0.000000000000000  0.994470168673214  0.005620834296917  0.000000000000000  0.674551267169849  0.325561047392257  0.732042847972813  0.267943365634073  0.010995065432230  0.425137080032098  0.410655350376033 
35.0    M  0.019846109102169  0.000000000000000  0.016198454703433  0.000000000000000  0.047202268298838  0.012595044242078  0.003436129202822  0.159541096103619  0.092782723164316  0.126657112519886  0.222673225151670  0.076999879590360  0.004839252725718  0.014417851447716  0.058964890680960  0.006615197752832  0.000000000000000  0.104313660144426  0.000000000000000  0.032917532373589  0.959264119325264  0.000000000000000  0.040582456335309  0.000000000000000  0.000000000000000  0.727490341817379  0.272815969263734  0.011233879162867  1.000000000000000  0.468785548228555 
36.0    T  0.018262144508769  0.000000000000000  0.008753040735892  0.000000000000000  0.025225033578274  0.000000000000000  0.064301669243348  0.041206050452886  0.062283766426742  0.024877753086837  0.007375722024611  0.052337905469277  0.000000000000000  0.016311123865964  0.034007576302213  0.075729541276890  0.338916081700000  0.040779842115280  0.010776257201774  0.178748123295211  0.622005826649234  0.345079338349157  0.032826392000336  0.595015848153338  0.405001736816023  0.136881558849197  0.863339558574412  0.011710934388715  0.178376813214735  0.434070113800521 
37.0    H  0.026626377971090  0.000000000000000  0.079660039207454  0.049446081324091  0.007080171392714  0.003532731943598  0.019859870145401  0.010798689113505  0.142102121654502  0.029749309640548  0.002907510263997  0.161992620679167  0.007834190905477  0.082698214994258  0.088021514182005  0.100690536381094  0.143686856004335  0.043314683926575  0.000000000000000  0.000000000000000  0.879039560911787  0.120825762133122  0.000000000000000  0.474342157570227  0.525950889601936  0.574349177498517  0.425726853874473  0.011792390379067  0.327371355770891  0.389852421305662 
38.0    G  0.023179608341268  0.000000000000000  0.017421347167620  0.045531222309313  0.036423162441705  0.294430697398745  0.042305821220389  0.000000000000000  0.046038990181765  0.046166814486955  0.004307301418238  0.075572229739585  0.090370768409109  0.060622619396358  0.103020260619155  0.039472726932681  0.016711673248207  0.004422261336370  0.034554082916258  0.019505164826588  0.916368644675351  0.000000000000000  0.083331167318200  0.000000000000000  0.000000000000000  0.777546035882558  0.222210670291643  0.011304178795863  1.000000000000000  0.452816991508911 
39.0    R  0.004581386520437  0.005558841645448  0.037085524926767  0.006350121890502  0.018274807250812  0.005486112795852  0.070121467533155  0.004521446160118  0.054108535344979  0.008716713455664  0.000000000000000  0.083446768955994  0.039445376003504  0.080772051914843  0.244685412599359  0.166085726762064  0.060496689180859  0.033146491917757  0.035353576963934  0.041839226780576  0.972654947412286  0.027299152997397  0.000000000000000  0.386891248385597  0.613017430026578  0.682073917439677  0.317978251685893  0.011605882192663  0.464580337125457  0.362738051958545 
40.0    C  0.000000000000000  0.956608158091874  0.000000000000000  0.000000000000000  0.009698652277548  0.000000000000000  0.000000000000000  0.000000000000000  0.000000000000000  0.000000000000000  0.000000000000000  0.000000000000000  0.000000000000000  0.000000000000000  0.011565728890625  0.007520269086732  0.000000000000000  0.000000000000000  0.007447644885064  0.007411596212035  0.992404374685819  0.007411596212035  0.000000000000000  1.000000000000000  0.000000000000000  0.000000000000000  1.000000000000000  0.011751591807724  0.495171435966512  0.455019412040450 
41.0    K  0.000000000000000  0.000000000000000  0.007520269086732  0.005406834828326  0.000000000000000  0.000000000000000  0.000000000000000  0.033054717613076  0.759962428200758  0.000000000000000  0.004192422993724  0.000000000000000  0.044071811265137  0.041752314949691  0.035698320214017  0.000000000000000  0.009310020113860  0.037943590137345  0.000000000000000  0.021079727099058  1.000000000000000  0.000000000000000  0.000000000000000  0.000000000000000  0.000000000000000  1.000000000000000  0.000000000000000  0.011751591807724  1.000000000000000  0.455019412040450 
42.0    P  0.030290306779221  0.000000000000000  0.136502568218206  0.086449414313185  0.019397304555096  0.018085784640471  0.006420938963241  0.000000000000000  0.129318447689864  0.078781461973937  0.007188966020507  0.057312752700292  0.217336140022505  0.033819520141429  0.064212589961185  0.042807280623924  0.029421202016913  0.021123606766064  0.009978232493714  0.011621982519020  1.000000000000000  0.000000000000000  0.000000000000000  0.000000000000000  0.000000000000000  0.000000000000000  0.000000000000000  0.010987446874321  1.000000000000000  1.000000000000000 
43.0    V  0.021567458646822  0.000000000000000  0.003949812815825  0.107097744346071  0.036752851571593  0.035280137650192  0.010202029586632  0.105843164045316  0.081899587741148  0.110108671765872  0.015335297872711  0.008602668735140  0.000000000000000  0.080214118597682  0.054371709544291  0.063065727115293  0.046038990181765  0.205755086319677  0.013907433332070  0.000000000000000  1.000000000000000  0.000000000000000  0.000000000000000  0.000000000000000  0.000000000000000  0.000000000000000  0.000000000000000  0.010987446874321  1.000000000000000  1.000000000000000 
44.0    N  0.000000000000000  0.000000000000000  0.004819168632068  0.006354524985407  0.000000000000000  0.000000000000000  0.135465745855598  0.000000000000000  0.012595044242078  0.000000000000000  0.000000000000000  0.765778998547191  0.000000000000000  0.007188966020507  0.010941846256931  0.000000000000000  0.013907433332070  0.000000000000000  0.000000000000000  0.042985681816867  1.000000000000000  0.000000000000000  0.000000000000000  0.000000000000000  0.000000000000000  0.000000000000000  0.000000000000000  0.010987446874321  1.000000000000000  1.000000000000000 
45.0    T  0.003988328616044  0.000000000000000  0.029339742103608  0.000000000000000  0.029564301460175  0.000000000000000  0.000000000000000  0.013801797679398  0.006354524985407  0.000000000000000  0.000000000000000  0.060037178997092  0.000000000000000  0.000000000000000  0.000000000000000  0.027680234971949  0.707106781186547  0.032780916486717  0.000000000000000  0.089312133733818  0.994470168673214  0.000000000000000  0.005310266569948  0.000000000000000  0.000000000000000  0.000000000000000  0.000000000000000  0.010987446874321  1.000000000000000  1.000000000000000 
46.0    F  0.000000000000000  0.000000000000000  0.000000000000000  0.000000000000000  0.885153764579545  0.000000000000000  0.000000000000000  0.034007576302213  0.000000000000000  0.014023594541676  0.007228940844046  0.000000000000000  0.000000000000000  0.000000000000000  0.000000000000000  0.000000000000000  0.007365504186861  0.028716027608720  0.000000000000000  0.023503183615448  0.993781093322555  0.000000000000000  0.006367752596896  0.000000000000000  0.000000000000000  0.000000000000000  1.000000000000000  0.011002689272751  1.000000000000000  0.495171435966512 
47.0    V  0.011654250208527  0.000000000000000  0.000000000000000  0.000000000000000  0.000000000000000  0.003752323687318  0.000000000000000  0.503128911748891  0.000000000000000  0.263888429409492  0.000000000000000  0.000000000000000  0.000000000000000  0.000000000000000  0.004968410182592  0.000000000000000  0.025330159996416  0.187245116803023  0.000000000000000  0.000000000000000  1.000000000000000  0.000000000000000  0.000000000000000  0.000000000000000  0.000000000000000  0.000000000000000  1.000000000000000  0.011063870611051  1.000000000000000  0.483638164806966 
48.0    H  0.004149059322248  0.014082038478294  0.000000000000000  0.000000000000000  0.015843116871719  0.020235046857100  0.720464874418961  0.028557232819669  0.014179986801831  0.055054335882936  0.000000000000000  0.005851409900094  0.000000000000000  0.036498981081660  0.027834153143959  0.000000000000000  0.000000000000000  0.021823102069803  0.000000000000000  0.035550163371016  0.992404374685819  0.007635826300084  0.000000000000000  0.199990032083188  0.799960128332753  0.000000000000000  1.000000000000000  0.011063870611051  0.490389501994276  0.483638164806966 
49.0    E  0.194521294138855  0.000000000000000  0.065063849855257  0.308426792452374  0.000000000000000  0.114784520287615  0.000000000000000  0.000000000000000  0.004752821713414  0.000000000000000  0.035822255804012  0.005013382412355  0.000000000000000  0.004002175089972  0.004304316858893  0.095259051896236  0.148136596367698  0.015614173327976  0.000000000000000  0.004391714546010  1.000000000000000  0.000000000000000  0.000000000000000  0.000000000000000  0.000000000000000  0.000000000000000  1.000000000000000  0.011063870611051  1.000000000000000  0.483638164806966 
50.0    S  0.006497047643554  0.000000000000000  0.058842404033825  0.021285281791258  0.002529380857138  0.005266280202098  0.002863509291385  0.005493723437161  0.003582047043768  0.023131457781251  0.008614602836476  0.085614561247848  0.193713982739793  0.018198962288570  0.071001829049168  0.315125847895746  0.166431451654546  0.011866185076676  0.000000000000000  0.000000000000000  1.000000000000000  0.000000000000000  0.000000000000000  0.000000000000000  0.000000000000000  0.000000000000000  1.000000000000000  0.011063870611051  1.000000000000000  0.483638164806966 
51.0    L  0.052921582022658  0.000000000000000  0.037240080455439  0.032577055026285  0.205327675188016  0.016424576704495  0.004313276746731  0.041926319527571  0.069300040225192  0.158000387306601  0.056916864599499  0.006040987011370  0.142102121654502  0.009093176050017  0.005703250041619  0.021838233935173  0.017898717155934  0.012886461697033  0.035797434311867  0.073709787016326  0.976708528962227  0.018338252785646  0.005266280202098  0.718470088272032  0.281850103036355  0.000000000000000  1.000000000000000  0.011063870611051  0.476318999021969  0.483638164806966 
52.0    D  0.199574596589162  0.000000000000000  0.098755163982922  0.144786600774330  0.000000000000000  0.084027187134539  0.006189334460351  0.005165057051338  0.059954007457829  0.000000000000000  0.000000000000000  0.043374772469237  0.052519609514580  0.058233776831548  0.074376981019167  0.078183067507079  0.042335155546418  0.024877753086837  0.024315161767357  0.003377098559796  1.000000000000000  0.000000000000000  0.000000000000000  0.000000000000000  0.000000000000000  0.290377182981431  0.709561678100191  0.011125392153102  1.000000000000000  0.474342157570227 
53.0    N  0.047497651762547  0.000000000000000  0.201940194402402  0.088265900274047  0.003237284783156  0.030628106729433  0.015810206266046  0.002666198667744  0.059498619281096  0.004795842515293  0.000000000000000  0.179991414814336  0.025277542136304  0.046038990181765  0.027261334555336  0.086030975099419  0.075729541276890  0.089374061647606  0.000000000000000  0.015821168864851  1.000000000000000  0.000000000000000  0.000000000000000  0.125000000000000  0.874784764905822  0.494142825750366  0.505926600513464  0.011063870611051  0.495171435966512  0.483638164806966 
54.0    V  0.014843755982420  0.000000000000000  0.000000000000000  0.000000000000000  0.000000000000000  0.000000000000000  0.000000000000000  0.284007316196672  0.000000000000000  0.114704985288921  0.010005936416639  0.000000000000000  0.000000000000000  0.000000000000000  0.000000000000000  0.031554728049896  0.008674522137724  0.536258308408971  0.000000000000000  0.000000000000000  0.995159721820083  0.000000000000000  0.004964967536350  0.000000000000000  0.000000000000000  0.000000000000000  1.000000000000000  0.011048543456040  1.000000000000000  0.495171435966512 
55.0    K  0.086689435570712  0.000000000000000  0.022235366581791  0.018249490540830  0.000000000000000  0.003985565075189  0.046843737554861  0.010919116967586  0.215834889643603  0.052410511527558  0.011998517732048  0.060875266783953  0.007823337935245  0.180866860733816  0.107246316303586  0.011257263662796  0.031554728049896  0.125433968563688  0.005746901350999  0.000000000000000  1.000000000000000  0.000000000000000  0.000000000000000  0.000000000000000  0.000000000000000  0.410370804405249  0.589678296130608  0.011048543456040  1.000000000000000  0.487002134271620 
56.0    A  0.412366774305041  0.004964967536350  0.050310383601320  0.015124172295215  0.000000000000000  0.112890813768978  0.015176679617838  0.005908468739390  0.090120554466264  0.009985151275024  0.000000000000000  0.050942020775164  0.011890885787807  0.007159130036526  0.073353011142585  0.071793647187315  0.059251685320540  0.008869078923016  0.000000000000000  0.000000000000000  1.000000000000000  0.000000000000000  0.000000000000000  0.000000000000000  0.000000000000000  0.000000000000000  1.000000000000000  0.011048543456040  1.000000000000000  0.495171435966512 
57.0    V  0.055552667572911  0.000000000000000  0.000000000000000  0.007085080694790  0.044409126349417  0.000000000000000  0.000000000000000  0.294226684304692  0.000000000000000  0.085733330536912  0.011002689272751  0.000000000000000  0.000000000000000  0.000000000000000  0.000000000000000  0.011702819800189  0.084143754329799  0.406126198178118  0.000000000000000  0.000000000000000  1.000000000000000  0.000000000000000  0.000000000000000  0.000000000000000  0.000000000000000  0.000000000000000  1.000000000000000  0.011048543456040  1.000000000000000  0.495171435966512 
58.0    C  0.000000000000000  0.915733686418126  0.000000000000000  0.000000000000000  0.000000000000000  0.000000000000000  0.010005936416639  0.000000000000000  0.000000000000000  0.000000000000000  0.000000000000000  0.000000000000000  0.059995578814932  0.014072280935124  0.000000000000000  0.000000000000000  0.000000000000000  0.000000000000000  0.000000000000000  0.000000000000000  0.991716730738293  0.002699672278376  0.005455775517451  0.333324669272800  0.666649338545599  0.000000000000000  1.000000000000000  0.011048543456040  0.500000000000000  0.495171435966512 
59.0    S  0.022828818414776  0.000000000000000  0.025683755852964  0.022734073181793  0.039308905369876  0.182377543030022  0.012430257558671  0.021359178936591  0.164367845025634  0.025312608551001  0.005489916797682  0.070854338298651  0.000000000000000  0.038633601903780  0.075677067746910  0.131032809439616  0.100551046367739  0.002919627438740  0.005648173025569  0.052775055463986  0.929160674250913  0.000000000000000  0.071001829049168  0.000000000000000  0.000000000000000  0.197100043514070  0.802737388715953  0.011086901220315  1.000000000000000  0.479299719246488 
60.0    Q  0.081333865965121  0.000000000000000  0.042718357873182  0.019196671569463  0.002645947221651  0.145490816800267  0.023227859131735  0.000000000000000  0.012090351512050  0.029096713119695  0.022158438057492  0.197373471675139  0.003574606125500  0.135184345435452  0.032871930600121  0.080158537672641  0.115262889739079  0.014895289770127  0.008132981231907  0.034650020112596  0.933032991536807  0.033492920704259  0.033562639738129  1.000000000000000  0.000000000000000  0.199851457588118  0.799960128332753  0.011630041055989  0.453759577658580  0.377618146390706 
61.0    K  0.050871449066902  0.000000000000000  0.024671683959392  0.052628934600526  0.000000000000000  0.085259239679960  0.003300728064111  0.062025273417864  0.148136596367698  0.026006210459735  0.000000000000000  0.008638520729065  0.282632641781148  0.025190088484155  0.066477042055824  0.061086610400675  0.074946244611945  0.028125060306047  0.000000000000000  0.000000000000000  0.955945317593742  0.000000000000000  0.044071811265137  0.000000000000000  0.000000000000000  0.000000000000000  1.000000000000000  0.011430243911753  1.000000000000000  0.357000994921266 
62.0    N  0.025862400502444  0.008298118644495  0.044935516651467  0.027603595358796  0.042570563582515  0.084143754329799  0.012577595900330  0.033423346496414  0.115984184558910  0.013443009853304  0.000000000000000  0.276432663330067  0.005871724523694  0.021196942616370  0.060203868376259  0.168404197108211  0.030670595745421  0.021255794568843  0.000000000000000  0.007060568177743  0.751059963470465  0.129587637627465  0.119493164699218  0.541112322262857  0.458819941155683  0.248789930455021  0.751059963470465  0.011981895778696  0.326917837134190  0.317097849831467 
63.0    I  0.016573245958878  0.003955292216213  0.017861536490844  0.014731008373722  0.000000000000000  0.061725053840336  0.000000000000000  0.185051662250006  0.065835064747177  0.000000000000000  0.037969899747032  0.059705183523902  0.000000000000000  0.006924857024960  0.038313589376661  0.055283777208221  0.068535724286743  0.340564508660122  0.000000000000000  0.026998068356259  0.804966137621122  0.010768790257622  0.184411432135355  1.000000000000000  0.000000000000000  0.080047491333111  0.920187650624875  0.015292838287460  0.492433221447775  0.251390145099617 
64.0    T  0.167356907122305  0.000000000000000  0.019791160214425  0.011359160291565  0.068156733291579  0.000000000000000  0.006805892126111  0.042423280621250  0.007427024228358  0.047333322371155  0.002752579599887  0.045122787360078  0.170282254330061  0.058193426239389  0.033585911651734  0.019024469041609  0.291587342447117  0.008899870134548  0.000000000000000  0.000000000000000  0.945402116750744  0.000000000000000  0.054371709544291  0.000000000000000  0.000000000000000  0.231326107009463  0.768437590644006  0.019024469041609  1.000000000000000  0.165855642574645 
65.0    C  0.010159688644910  0.813379198132126  0.007416735319926  0.000000000000000  0.004410017206274  0.064123634083571  0.007041019239147  0.007350203964951  0.000000000000000  0.010251650426500  0.000000000000000  0.004131839701634  0.011557714916007  0.017873921456309  0.000000000000000  0.000000000000000  0.008519591661447  0.000000000000000  0.000000000000000  0.033960464453939  0.976708528962227  0.000000000000000  0.023373214974412  0.500000000000000  0.500000000000000  0.532554101696709  0.467487598875728  0.015788303851356  0.434070113800521  0.193177637411997 
66.0    K  0.010517969291225  0.000000000000000  0.047398985792951  0.096121301954392  0.000000000000000  0.025506345192216  0.000000000000000  0.000000000000000  0.510860041357151  0.006116830439504  0.008496003053554  0.017640068825096  0.069108165832517  0.041579032533771  0.113204247877228  0.028696130071904  0.018453010334836  0.006341324851385  0.000000000000000  0.000000000000000  0.993092495437036  0.003181670168243  0.003569654102459  1.000000000000000  0.000000000000000  0.098073012237094  0.901875378382250  0.013630667277668  0.500000000000000  0.301243078748697 
67.0    N  0.016086563803656  0.080158537672641  0.083794536973771  0.017337023001060  0.015040538173465  0.028636520146105  0.021123606766064  0.000000000000000  0.036931610841699  0.077267203807559  0.000000000000000  0.525222272005377  0.000000000000000  0.009518830184962  0.029238234307231  0.034482304376311  0.015603354157829  0.009525430422471  0.000000000000000  0.000000000000000  0.912565488543452  0.000000000000000  0.087413505171154  0.000000000000000  0.000000000000000  0.000000000000000  1.000000000000000  0.013677989526473  1.000000000000000  0.313383255110173 
68.0    G  0.000000000000000  0.000000000000000  0.022545760732213  0.038606832410217  0.017911127902006  0.502431910211893  0.025155191800660  0.000000000000000  0.048799155787962  0.010445316370353  0.026332713421973  0.111182374192237  0.017911127902006  0.000000000000000  0.056916864599499  0.031293351740979  0.018581361171918  0.016042024151875  0.003190503871524  0.052556025953357  0.885153764579545  0.107320679554719  0.007747786958893  0.345318612035964  0.654742711541783  0.357000994921266  0.643048741715302  0.015711884068726  0.375529981735232  0.247414164103802 
69.0    Q  0.041868237575870  0.006315006787543  0.027950153180706  0.027280237222930  0.006319385534076  0.105403888781264  0.018762553554456  0.048900736358532  0.095855166229568  0.006777645993376  0.000000000000000  0.072242919159675  0.007609408347994  0.196282029668393  0.149166967878965  0.080102995260012  0.039227249727583  0.066939426449466  0.003066906713569  0.000000000000000  0.811689580977279  0.188286308329227  0.000000000000000  0.471719125447680  0.528509020280690  0.302918165107561  0.696888619343735  0.013239569296033  0.300617312224544  0.286776756056541 
70.0    P  0.015388538170243  0.000000000000000  0.013897796774030  0.081221191403465  0.016676958406874  0.090183042928852  0.018504243935213  0.047960815500028  0.129318447689864  0.072745408400134  0.025190088484155  0.071843428002167  0.047038960856596  0.006891338790603  0.069444295540943  0.122767449407924  0.135559676105383  0.016921485086343  0.000000000000000  0.018555619782397  0.860352630611440  0.119824929811622  0.019928818619977  0.733058378594605  0.267201497802752  0.859756486243006  0.140242935066311  0.012140738574751  0.354780839050096  0.338916081700000 
71.0    N  0.003367748222725  0.007080171392714  0.023781771575615  0.004091937996484  0.047662551664259  0.029016151634585  0.024723040662045  0.004543437662296  0.095523532547823  0.018148573936339  0.000000000000000  0.501040802539816  0.000000000000000  0.000000000000000  0.033215489823705  0.073863221683398  0.028261855548784  0.055745532463756  0.005823087448433  0.044102370106522  0.988285651500733  0.005570412958454  0.005823087448433  0.500000000000000  0.500000000000000  0.135559676105383  0.864537231307865  0.011454037165541  0.496202187342909  0.452816991508911 
72.0    C  0.019478143660548  0.653382626946587  0.000000000000000  0.025435724533451  0.029258507732328  0.000000000000000  0.000000000000000  0.007406460665068  0.003515632538256  0.134250558952516  0.026626377971090  0.000000000000000  0.000000000000000  0.008513688376667  0.000000000000000  0.027431931175297  0.017861536490844  0.017812082385835  0.000000000000000  0.029177498278604  1.000000000000000  0.000000000000000  0.000000000000000  0.000000000000000  0.000000000000000  0.638606879597695  0.361483073636437  0.011469926844016  1.000000000000000  0.451876363375543 
73.0    Y  0.000000000000000  0.040079268836320  0.000000000000000  0.000000000000000  0.056094378166704  0.000000000000000  0.390934821564297  0.008076802626937  0.007877753553864  0.012344395497865  0.000000000000000  0.021463066147338  0.003342168069073  0.000000000000000  0.116548310804604  0.115823507736296  0.073353011142585  0.027969533466499  0.000000000000000  0.126044056861824  0.982139595263391  0.000000000000000  0.018098325096791  0.000000000000000  0.000000000000000  0.586417474615939  0.413511684221633  0.011249463425896  1.000000000000000  0.486327473706143 
74.0    Q  0.004289425053856  0.000000000000000  0.070854338298651  0.065607292726442  0.000000000000000  0.039774841727373  0.027016788478371  0.056602123938614  0.111182374192237  0.073965688859536  0.011915637916065  0.079000193653300  0.003522950696806  0.203063099089059  0.154213396226187  0.024332021595677  0.061725053840336  0.007421877991210  0.000000000000000  0.005535771080110  0.951977908497532  0.039968299414920  0.008229383093397  1.000000000000000  0.000000000000000  0.901250462610830  0.098892162648181  0.011359160291565  0.434070113800521  0.466839972457657 
75.0    S  0.000000000000000  0.002983041988204  0.011249463425896  0.000000000000000  0.000000000000000  0.030862526920168  0.000000000000000  0.009220112057314  0.005970220784239  0.000000000000000  0.000000000000000  0.035574813408590  0.000000000000000  0.012673861805891  0.042482132559586  0.758909626487027  0.090120554466264  0.000000000000000  0.000000000000000  0.000000000000000  0.780786492607391  0.000000000000000  0.219303387183206  0.000000000000000  0.000000000000000  0.957935218222696  0.042188687035086  0.010972225591703  1.000000000000000  0.418703243754213 
76.0    N  0.020517517584752  0.018478609378815  0.015335297872711  0.063946091858402  0.000000000000000  0.045091521464426  0.043980261728919  0.010145614083827  0.119991157629863  0.025594896808120  0.030862526920168  0.095523532547823  0.057193698007996  0.033077637339848  0.093104841445169  0.221135108832885  0.097328086382708  0.003116192343004  0.000000000000000  0.005628631831398  1.000000000000000  0.000000000000000  0.000000000000000  0.000000000000000  0.000000000000000  0.386355274823994  0.613867841957530  0.015832139064986  1.000000000000000  0.257385020858499 
77.0    S  0.056406295466402  0.002653293524510  0.073251392729657  0.043134917293645  0.010503398391817  0.043737058299850  0.016827912128016  0.004581386520437  0.067873866020143  0.051403129294529  0.015570941606685  0.046230859664026  0.022051185053261  0.059128602920350  0.053215856734309  0.309926924984747  0.067358321565229  0.045122787360078  0.000000000000000  0.011117683290895  1.000000000000000  0.000000000000000  0.000000000000000  0.000000000000000  0.000000000000000  0.981459063853479  0.018658799798040  0.012673861805891  1.000000000000000  0.331481440074665 
78.0    T  0.054409410206008  0.000000000000000  0.006900898839699  0.081616236693057  0.000000000000000  0.036651092163496  0.013555291986751  0.018274807250812  0.099235491366457  0.059046690062325  0.000000000000000  0.010987446874321  0.218999578766781  0.099166730398893  0.107618648542363  0.099166730398893  0.056641371141708  0.033377044001495  0.000000000000000  0.004358356727832  0.997231251352069  0.002709044861585  0.000000000000000  1.000000000000000  0.000000000000000  0.000000000000000  1.000000000000000  0.011086901220315  0.500000000000000  0.500000000000000 
79.0    M  0.000000000000000  0.000000000000000  0.000000000000000  0.000000000000000  0.370103324500012  0.000000000000000  0.000000000000000  0.074998211398326  0.000000000000000  0.170400325910313  0.116467553663097  0.000000000000000  0.013936383115939  0.000000000000000  0.000000000000000  0.000000000000000  0.011187255790634  0.242826873885408  0.000000000000000  0.000000000000000  1.000000000000000  0.000000000000000  0.000000000000000  0.000000000000000  0.000000000000000  1.000000000000000  0.000000000000000  0.011086901220315  1.000000000000000  0.500000000000000 
80.0    N  0.010194960528820  0.000000000000000  0.075154328056136  0.110108671765872  0.004268663043363  0.007753159177233  0.083388948104861  0.000000000000000  0.093947592379098  0.008501894075553  0.000000000000000  0.041291825176821  0.217336140022505  0.085495956493906  0.099856489556144  0.113991645689971  0.019750048413325  0.000000000000000  0.000000000000000  0.028895727441053  1.000000000000000  0.000000000000000  0.000000000000000  0.000000000000000  0.000000000000000  0.000000000000000  0.000000000000000  0.011086901220315  1.000000000000000  1.000000000000000 
81.0    I  0.006533174999329  0.015920174947136  0.000000000000000  0.000000000000000  0.005069292058356  0.058274155402302  0.000000000000000  0.234230361718106  0.019736363466341  0.274142897146974  0.074273944066058  0.010047636589302  0.000000000000000  0.008584798574819  0.015399208389678  0.000000000000000  0.052084575447451  0.222056698960601  0.000000000000000  0.003716087016921  1.000000000000000  0.000000000000000  0.000000000000000  0.000000000000000  0.000000000000000  0.000000000000000  0.000000000000000  0.011086901220315  1.000000000000000  1.000000000000000 
82.0    T  0.026571067502006  0.000000000000000  0.008043281901828  0.000000000000000  0.004508927412175  0.000000000000000  0.000000000000000  0.052446852319159  0.000000000000000  0.010836179446339  0.007683609953330  0.014209503934386  0.018998113799736  0.000000000000000  0.000000000000000  0.021241066279793  0.740719899010160  0.094601049560599  0.000000000000000  0.000000000000000  0.960594863953477  0.000000000000000  0.039390730986968  0.000000000000000  0.000000000000000  0.000000000000000  0.000000000000000  0.011117683290895  1.000000000000000  1.000000000000000 
83.0    D  0.007406460665068  0.000000000000000  0.222210670291643  0.040751585476830  0.031315050158739  0.000000000000000  0.029421202016913  0.091950421615984  0.010438078737423  0.041781265481410  0.067171823303469  0.013048248741068  0.000000000000000  0.036957218757629  0.020588749245846  0.014548356559847  0.185051662250006  0.104893704638318  0.000000000000000  0.082469244423306  1.000000000000000  0.000000000000000  0.000000000000000  0.000000000000000  0.000000000000000  0.000000000000000  1.000000000000000  0.010926688146394  1.000000000000000  0.434070113800521 
84.0    C  0.000000000000000  0.979420297586927  0.000000000000000  0.000000000000000  0.006592310907266  0.006024261036750  0.000000000000000  0.000000000000000  0.000000000000000  0.000000000000000  0.000000000000000  0.000000000000000  0.000000000000000  0.000000000000000  0.000000000000000  0.000000000000000  0.000000000000000  0.000000000000000  0.000000000000000  0.007866840234818  0.970634469769547  0.021006796783635  0.008071206153782  0.473685035299634  0.526315577354719  1.000000000000000  0.000000000000000  0.010926688146394  0.404721108273704  0.434070113800521 
85.0    R  0.008555097428075  0.006929658634001  0.025400487562010  0.040638754579640  0.006973023214633  0.004434539461508  0.015282241772615  0.024637505439259  0.173980798978888  0.028755864082027  0.000000000000000  0.173980798978888  0.000000000000000  0.093234001668217  0.204475514639445  0.066063627535086  0.081842838942723  0.033913417871306  0.000000000000000  0.010957025395644  0.919550046151658  0.006524124370534  0.074119656213184  0.500000000000000  0.500000000000000  0.000000000000000  1.000000000000000  0.011202775375124  0.494828328207603  0.479632059662632 
86.0    Q  0.011367036590897  0.000000000000000  0.003330605045969  0.046359216682535  0.027622735345740  0.000000000000000  0.098209064583448  0.014874654820274  0.014179986801831  0.622005826649234  0.006801176275751  0.005679580145782  0.000000000000000  0.020531744174209  0.056680645558321  0.000000000000000  0.003372420150681  0.068869069742288  0.000000000000000  0.000000000000000  0.975355461527642  0.000000000000000  0.024416496255385  0.750019494642909  0.250000000000000  0.506628450079543  0.493458272942921  0.011808749439971  0.429580377473592  0.357992185300286 
87.0    T  0.030819772015417  0.000000000000000  0.010409178321031  0.021838233935173  0.000000000000000  0.000000000000000  0.010650020369395  0.100342173589494  0.135936048856860  0.038821508805764  0.021418481327808  0.018198962288570  0.014417851447716  0.026811579075897  0.057992092279455  0.055939066932998  0.414085330667273  0.027167017502813  0.000000000000000  0.015282241772615  0.950659101229818  0.044255482444204  0.005193777766335  1.000000000000000  0.000000000000000  0.044102370106522  0.955945317593742  0.012335841979696  0.439824537961218  0.395020655931689 
88.0    G  0.058193426239389  0.008350046806336  0.008484233252518  0.058638824781292  0.009618315729257  0.293615492803413  0.012985091587401  0.000000000000000  0.045185384204555  0.000000000000000  0.004394759705816  0.035698320214017  0.067032288551121  0.005711161907813  0.057871626407958  0.223291463088190  0.080828058242968  0.022250784306204  0.000000000000000  0.007715631730042  0.904379377561088  0.017849160107009  0.078020659306351  1.000000000000000  0.000000000000000  0.000000000000000  1.000000000000000  0.012378668920703  0.478635729097649  0.393653988284602 
89.0    S  0.035012162943568  0.000000000000000  0.007094909513449  0.020703234641331  0.009355302379835  0.569591688611057  0.003515632538256  0.000000000000000  0.026941985781800  0.010858736092518  0.000000000000000  0.031532863557646  0.065880713955671  0.025808677029241  0.063109456099793  0.102948877158447  0.011517728260087  0.000000000000000  0.016209686508838  0.000000000000000  0.951318276331799  0.007562086147607  0.040836414184162  0.500000000000000  0.500000000000000  0.107767943127199  0.892546971472977  0.013888166893228  0.496890546661277  0.314471242959004 
90.0    S  0.067968024428430  0.000000000000000  0.009585038884795  0.062847536274904  0.006315006787543  0.063065727115293  0.037162722343835  0.007614684616340  0.083215725827273  0.013461658745500  0.000000000000000  0.009745824780578  0.017050998078983  0.090370768409109  0.053660339777360  0.382359069470692  0.088082547196376  0.007489058113226  0.000000000000000  0.000000000000000  0.866336856400087  0.041377778449856  0.092397651954615  0.631126016056058  0.369078601420708  0.525586454543853  0.474671060475260  0.014680042956469  0.410370804405249  0.294634851952921 
91.0    K  0.035206850890540  0.000000000000000  0.002229599037357  0.019037660369925  0.000000000000000  0.000000000000000  0.000000000000000  0.009895580107213  0.173739777480292  0.008974205898414  0.008110463051118  0.034698088550895  0.098618355106558  0.176409480426087  0.189070999660495  0.055207190717592  0.129408115480172  0.045720975647010  0.004361378757744  0.009200959293711  0.869344560090022  0.130670012525646  0.000000000000000  0.978063473447339  0.022035905632569  0.758909626487027  0.240815473505037  0.012525395771866  0.354535008919865  0.298747801214196 
92.0    Y  0.014639397607382  0.038875364165577  0.008496003053554  0.000000000000000  0.059128602920350  0.004958089398515  0.075050214217826  0.057233355401133  0.027950153180706  0.013792234317041  0.034363004666080  0.023617498879941  0.121077273653328  0.000000000000000  0.085200162955157  0.025085543397374  0.034794425569646  0.017873921456309  0.008507789182313  0.349411742962767  1.000000000000000  0.000000000000000  0.000000000000000  0.000000000000000  0.000000000000000  0.000000000000000  1.000000000000000  0.011414409207388  1.000000000000000  0.444421340583285 
93.0    P  0.006624374723696  0.000000000000000  0.009162773040874  0.000000000000000  0.000000000000000  0.014895289770127  0.000000000000000  0.009739071830274  0.015700997194122  0.030905341136904  0.000000000000000  0.014639397607382  0.659753955386447  0.000000000000000  0.045436641166260  0.069733707645310  0.097193254485320  0.026042287723726  0.000000000000000  0.000000000000000  0.995159721820083  0.005108091205222  0.000000000000000  0.331481440074665  0.668500247702567  0.747424624317469  0.252788020212826  0.011414409207388  0.472701058375372  0.444421340583285 
94.0    N  0.046007089442756  0.000000000000000  0.122003970097028  0.000000000000000  0.000000000000000  0.014854048456716  0.042423280621250  0.000000000000000  0.030905341136904  0.003177262492704  0.006596881932998  0.287174588749259  0.169575540930959  0.077535456107212  0.091378590525002  0.060371020557803  0.030543305200338  0.005766853147199  0.000000000000000  0.011743449047387  1.000000000000000  0.000000000000000  0.000000000000000  0.000000000000000  0.000000000000000  0.755759964158113  0.244346441602701  0.011109979770213  1.000000000000000  0.490389501994276 
95.0    C  0.000000000000000  0.933032991536807  0.000000000000000  0.000000000000000  0.003852471501927  0.008856792287331  0.000000000000000  0.000000000000000  0.000000000000000  0.000000000000000  0.000000000000000  0.000000000000000  0.000000000000000  0.000000000000000  0.008206598000084  0.015399208389678  0.000000000000000  0.000000000000000  0.000000000000000  0.030353359235676  0.994470168673214  0.000000000000000  0.005350910077990  0.000000000000000  0.000000000000000  0.000000000000000  1.000000000000000  0.011079219028746  1.000000000000000  0.500000000000000 
96.0    A  0.081052472165688  0.000000000000000  0.058557590429527  0.048731552663208  0.000000000000000  0.013840117485974  0.083388948104861  0.022143084320441  0.101110168545217  0.004496443325499  0.018023212579063  0.054749894691695  0.041868237575870  0.086389512908036  0.282828615711475  0.034482304376311  0.014978116226453  0.029894004940371  0.000000000000000  0.023454360898662  1.000000000000000  0.000000000000000  0.000000000000000  0.000000000000000  0.000000000000000  0.000000000000000  1.000000000000000  0.011094588738621  1.000000000000000  0.491410299272626 
97.0    Y  0.000000000000000  0.006528648116577  0.000000000000000  0.031358492140922  0.031554728049896  0.000000000000000  0.009598335784732  0.000000000000000  0.000000000000000  0.000000000000000  0.000000000000000  0.000000000000000  0.000000000000000  0.000000000000000  0.000000000000000  0.000000000000000  0.000000000000000  0.000000000000000  0.000000000000000  0.920825697205040  0.993092495437036  0.006805892126111  0.000000000000000  0.500000000000000  0.500000000000000  0.000000000000000  1.000000000000000  0.011094588738621  0.494828328207603  0.491410299272626 
98.0    K  0.025559439329931  0.000000000000000  0.029543816148461  0.058842404033825  0.008875228631146  0.005585878852975  0.127008767874213  0.000000000000000  0.205470046823713  0.026259804757290  0.000000000000000  0.078345813777543  0.000000000000000  0.109575715164504  0.189727406621757  0.074583483939483  0.042393885232740  0.018249490540830  0.000000000000000  0.000000000000000  1.000000000000000  0.000000000000000  0.000000000000000  0.333324669272800  0.666649338545599  0.741747466920561  0.258278596921033  0.011094588738621  0.495171435966512  0.491410299272626 
99.0    T  0.092975860152157  0.000000000000000  0.043075161030488  0.054674047806614  0.000000000000000  0.147113342152346  0.011359160291565  0.026387527731993  0.010244546986060  0.043284670878466  0.019223302261737  0.005470923128466  0.006501552614934  0.051296350550656  0.018932385319223  0.184283652161388  0.266092545613340  0.008572905762338  0.000000000000000  0.010547171758771  1.000000000000000  0.000000000000000  0.000000000000000  0.000000000000000  0.000000000000000  0.000000000000000  1.000000000000000  0.011079219028746  1.000000000000000  0.500000000000000 
100.0    S  0.021388809579560  0.000000000000000  0.046359216682535  0.030164594527242  0.067732872927799  0.003268852510482  0.006768256690626  0.079936598829839  0.110951417158687  0.012586317047637  0.006744840301363  0.037111239564794  0.000000000000000  0.012665079998208  0.052519609514580  0.159762420400381  0.275667290767228  0.068440779424598  0.000000000000000  0.008032139270751  0.986232704493359  0.013773127467300  0.000000000000000  1.000000000000000  0.000000000000000  0.000000000000000  1.000000000000000  0.011079219028746  0.483303048532487  0.500000000000000 
101.0    Q  0.071446145963377  0.000000000000000  0.022908074331081  0.025207554975691  0.000000000000000  0.036473690681827  0.033702513490452  0.020775111065339  0.072092850316251  0.056719947207323  0.006777645993376  0.046617000834108  0.109423916211783  0.126218912199586  0.067873866020143  0.083215725827273  0.136407984631867  0.027930786323650  0.000000000000000  0.056211144509235  1.000000000000000  0.000000000000000  0.000000000000000  1.000000000000000  0.000000000000000  0.723969086189780  0.275858435010490  0.011125392153102  0.496202187342909  0.492433221447775 
102.0    K  0.080772051914843  0.000000000000000  0.039940605100095  0.048731552663208  0.034915223064757  0.054787857582252  0.000000000000000  0.010979833595365  0.081503170953660  0.104748391833494  0.029831906691866  0.012691443693066  0.012149156810665  0.071545260037418  0.067592172717726  0.240648610775438  0.093882495433808  0.007726335284226  0.000000000000000  0.007504647374637  1.000000000000000  0.000000000000000  0.000000000000000  0.000000000000000  0.000000000000000  0.000000000000000  1.000000000000000  0.011125392153102  1.000000000000000  0.500000000000000 
103.0    Q  0.000000000000000  0.000000000000000  0.011319860582460  0.125086673432823  0.042955896736626  0.000000000000000  0.015777364024948  0.025242524300300  0.036778335538086  0.091378590525002  0.024264652343782  0.146502785459314  0.040330077826618  0.094143154164613  0.034818551588104  0.048327896090957  0.188809073195353  0.036727385263118  0.004385630554975  0.033100572958871  1.000000000000000  0.000000000000000  0.000000000000000  0.000000000000000  0.000000000000000  0.000000000000000  1.000000000000000  0.011125392153102  1.000000000000000  0.500000000000000 
104.0    K  0.026205255763779  0.000000000000000  0.006661210091937  0.032712821311705  0.000000000000000  0.156257787823151  0.019397304555096  0.000000000000000  0.351598299978280  0.000000000000000  0.028027754989438  0.077053270341488  0.002640450845758  0.055784185717061  0.216284172646247  0.013792234317041  0.013564691056266  0.000000000000000  0.000000000000000  0.000000000000000  0.971980987981352  0.000000000000000  0.027988927190339  0.000000000000000  0.000000000000000  0.000000000000000  1.000000000000000  0.011125392153102  1.000000000000000  0.500000000000000 
105.0    Y  0.008257953441886  0.005663854815933  0.014377932041014  0.000000000000000  0.174101435083629  0.004111840448084  0.114070686067931  0.029811235954611  0.134716643130459  0.017530366883289  0.000000000000000  0.025102937398657  0.025312608551001  0.015570941606685  0.117521775313641  0.061596833558711  0.044780051574159  0.043314683926575  0.000000000000000  0.164140140678019  1.000000000000000  0.000000000000000  0.000000000000000  0.000000000000000  0.000000000000000  0.000000000000000  1.000000000000000  0.010934264574962  1.000000000000000  0.450000964896756 
106.0    I  0.007164094087536  0.000000000000000  0.000000000000000  0.000000000000000  0.064123634083571  0.000000000000000  0.000000000000000  0.504176227447298  0.000000000000000  0.056798632278033  0.000000000000000  0.008408125974873  0.021138253610161  0.000000000000000  0.000000000000000  0.006801176275751  0.000000000000000  0.149063609041329  0.000000000000000  0.182251172352072  1.000000000000000  0.000000000000000  0.000000000000000  0.000000000000000  0.000000000000000  0.000000000000000  1.000000000000000  0.010934264574962  1.000000000000000  0.450000964896756 
107.0    T  0.016886334406865  0.098892162648181  0.004752821713414  0.014598864795050  0.007753159177233  0.000000000000000  0.000000000000000  0.235369616135302  0.027969533466499  0.163912751776956  0.006036801169125  0.011767894270577  0.000000000000000  0.005707204603694  0.079054971397121  0.008759109984598  0.077696854306496  0.201102092735479  0.000000000000000  0.039664715188119  1.000000000000000  0.000000000000000  0.000000000000000  0.000000000000000  0.000000000000000  0.000000000000000  1.000000000000000  0.010934264574962  1.000000000000000  0.450000964896756 
108.0    V  0.023035456520173  0.000000000000000  0.000000000000000  0.000000000000000  0.005937206470318  0.000000000000000  0.000000000000000  0.282241101201533  0.000000000000000  0.084435880283477  0.007785470803343  0.000000000000000  0.000000000000000  0.000000000000000  0.000000000000000  0.000000000000000  0.056523711097568  0.539988279916441  0.000000000000000  0.000000000000000  1.000000000000000  0.000000000000000  0.000000000000000  0.000000000000000  0.000000000000000  0.000000000000000  1.000000000000000  0.010806176789148  1.000000000000000  0.450000964896756 
109.0    A  0.526680517977418  0.000000000000000  0.000000000000000  0.007284269425288  0.000000000000000  0.047202268298838  0.000000000000000  0.000000000000000  0.045752677998301  0.072393300387165  0.000000000000000  0.000000000000000  0.000000000000000  0.016030908520893  0.016367751985934  0.043919334381460  0.211393071844379  0.012904338514621  0.000000000000000  0.000000000000000  1.000000000000000  0.000000000000000  0.000000000000000  0.000000000000000  0.000000000000000  0.000000000000000  1.000000000000000  0.013602352551502  1.000000000000000  0.450000964896756 
110.0    C  0.000000000000000  1.000000000000000  0.000000000000000  0.000000000000000  0.000000000000000  0.000000000000000  0.000000000000000  0.000000000000000  0.000000000000000  0.000000000000000  0.000000000000000  0.000000000000000  0.000000000000000  0.000000000000000  0.000000000000000  0.000000000000000  0.000000000000000  0.000000000000000  0.000000000000000  0.000000000000000  1.000000000000000  0.000000000000000  0.000000000000000  0.000000000000000  0.000000000000000  0.000000000000000  1.000000000000000  0.013574096642978  1.000000000000000  0.450000964896756 
111.0    E  0.011973593439123  0.000000000000000  0.225468844595562  0.370103324500012  0.000000000000000  0.007899625631651  0.009631658792686  0.007193950759414  0.032758202359904  0.008037708655419  0.004999501616579  0.088572337281764  0.003799433388329  0.036651092163496  0.058153103606438  0.058112808913323  0.017640068825096  0.053178983094159  0.005883947135288  0.000000000000000  0.997231251352069  0.002861525145725  0.000000000000000  0.142892291926755  0.857376036634172  0.000000000000000  1.000000000000000  0.013602352551502  0.500000000000000  0.450000964896756 
112.0    G  0.000000000000000  0.000000000000000  0.126744934973754  0.022734073181793  0.000000000000000  0.253841525217357  0.021792869786725  0.000000000000000  0.037447156916857  0.000000000000000  0.000000000000000  0.222518933313124  0.152195752332873  0.023163547028169  0.052446852319159  0.010082519456655  0.000000000000000  0.000000000000000  0.076999879590360  0.000000000000000  0.635075491269395  0.364755086060044  0.000000000000000  0.140632310586101  0.859160754947185  0.000000000000000  1.000000000000000  0.013602352551502  0.174222154835934  0.450000964896756 
113.0    D  0.005945442893904  0.000000000000000  0.033446521825832  0.053105312446166  0.020674553748564  0.191312096227833  0.011776053980925  0.000000000000000  0.066569262712089  0.051653144884638  0.014710601008456  0.175312406330300  0.000000000000000  0.082013203411998  0.024774504269071  0.010467059393968  0.014978116226453  0.000000000000000  0.018879966302968  0.224377512666815  0.538493188096524  0.000000000000000  0.461371246326899  1.000000000000000  0.000000000000000  0.834509281155409  0.165625877130651  0.017603425445270  0.494828328207603  0.439519780455894 
114.0    P  0.006688970973019  0.021021362633154  0.018363692631559  0.056838015737546  0.000000000000000  0.000000000000000  0.035378090690959  0.054636163775648  0.101461197622160  0.007839623035230  0.000000000000000  0.000000000000000  0.643940814754913  0.032284824615129  0.005034275900332  0.011866185076676  0.000000000000000  0.004527718562127  0.000000000000000  0.000000000000000  0.983502074026248  0.000000000000000  0.016243428674614  0.000000000000000  0.000000000000000  0.009591685030586  0.990342871933025  0.044935516651467  1.000000000000000  0.150412878249938 
115.0    Y  0.000000000000000  0.000000000000000  0.000000000000000  0.012895397008010  0.093492859897649  0.008065613558463  0.005013382412355  0.049962864397030  0.002968603235159  0.312299031413344  0.000000000000000  0.000000000000000  0.017277041458129  0.026024242840017  0.024416496255385  0.039064446955788  0.000000000000000  0.247585717983256  0.000000000000000  0.161096828810627  1.000000000000000  0.000000000000000  0.000000000000000  0.000000000000000  0.000000000000000  0.978063473447339  0.021914050791288  0.045975210807992  1.000000000000000  0.149684838077366 
116.0    V  0.024298313621330  0.000000000000000  0.000000000000000  0.000000000000000  0.021838233935173  0.041148966314351  0.000000000000000  0.084318908396231  0.037996227599472  0.178624267467637  0.002703417414163  0.000000000000000  0.007334935525902  0.017289021142067  0.026607928367155  0.000000000000000  0.000000000000000  0.431669779287206  0.069444295540943  0.056680645558321  1.000000000000000  0.000000000000000  0.000000000000000  0.000000000000000  0.000000000000000  0.370873733460280  0.628942485918009  0.017911127902006  1.000000000000000  0.492433221447775 
117.0    P  0.000000000000000  0.000000000000000  0.000000000000000  0.000000000000000  0.000000000000000  0.000000000000000  0.000000000000000  0.000000000000000  0.000000000000000  0.008460742543171  0.000000000000000  0.000000000000000  0.975355461527642  0.000000000000000  0.000000000000000  0.007334935525902  0.000000000000000  0.008555097428075  0.000000000000000  0.000000000000000  1.000000000000000  0.000000000000000  0.000000000000000  0.000000000000000  0.000000000000000  1.000000000000000  0.000000000000000  0.017591227908387  1.000000000000000  0.497579860910041 
118.0    V  0.020992241026895  0.018853811245637  0.035648866120888  0.000000000000000  0.000000000000000  0.000000000000000  0.016322433794754  0.043404847992660  0.000000000000000  0.000000000000000  0.000000000000000  0.024130472909118  0.000000000000000  0.000000000000000  0.000000000000000  0.000000000000000  0.020263118041422  0.811127155577043  0.000000000000000  0.009169126392823  1.000000000000000  0.000000000000000  0.000000000000000  0.000000000000000  0.000000000000000  0.000000000000000  0.000000000000000  0.017725866952124  1.000000000000000  1.000000000000000 
119.0    H  0.024046987815013  0.000000000000000  0.006665828891501  0.006271385849343  0.000000000000000  0.000000000000000  0.814507563070215  0.000000000000000  0.000000000000000  0.006583178355493  0.000000000000000  0.013157233650131  0.007345110957103  0.000000000000000  0.000000000000000  0.027393928791126  0.050836199883258  0.000000000000000  0.000000000000000  0.043374772469237  0.962594443101751  0.000000000000000  0.037447156916857  0.000000000000000  0.000000000000000  0.000000000000000  0.000000000000000  0.017469716421342  1.000000000000000  1.000000000000000 
120.0    F  0.000000000000000  0.000000000000000  0.000000000000000  0.000000000000000  0.382359069470692  0.000000000000000  0.000000000000000  0.055900306361413  0.000000000000000  0.384485207817567  0.000000000000000  0.000000000000000  0.000000000000000  0.000000000000000  0.000000000000000  0.000000000000000  0.000000000000000  0.053660339777360  0.009284243008257  0.114070686067931  1.000000000000000  0.000000000000000  0.000000000000000  1.000000000000000  0.000000000000000  1.000000000000000  0.000000000000000  0.017169597149639  0.453759577658580  0.453759577658580 
121.0    D  0.073607674349686  0.000000000000000  0.592135805926816  0.047267749915124  0.000000000000000  0.017181502333040  0.041035035169505  0.009137403625406  0.005707204603694  0.023389421668636  0.000000000000000  0.053548872173036  0.000000000000000  0.050977343333688  0.024214247842474  0.000000000000000  0.000000000000000  0.047038960856596  0.000000000000000  0.014649548382142  0.961260928388761  0.038526635170744  0.000000000000000  0.333324669272800  0.666649338545599  0.000000000000000  0.000000000000000  0.017457611532378  0.453759577658580  1.000000000000000 
122.0    A  0.101250434204006  0.000000000000000  0.078291527414008  0.115903818304433  0.002978909479016  0.334250123851284  0.000000000000000  0.000000000000000  0.133878852898932  0.014447863720527  0.000000000000000  0.035822255804012  0.012482061194518  0.018607138271328  0.077160162930846  0.041636713284126  0.028340322779161  0.000000000000000  0.004900008611410  0.000000000000000  0.979420297586927  0.020674553748564  0.000000000000000  0.224533093220984  0.775393206347005  0.000000000000000  0.000000000000000  0.017289021142067  0.479632059662632  1.000000000000000 
123.0    S  0.005815020527994  0.005933092538338  0.058072542140682  0.000000000000000  0.000000000000000  0.045816148662163  0.000000000000000  0.168170901065228  0.008454880035357  0.045847917005229  0.035772630018709  0.006315006787543  0.000000000000000  0.000000000000000  0.000000000000000  0.220828762870366  0.193445624192799  0.120240931833097  0.000000000000000  0.085377516047150  1.000000000000000  0.000000000000000  0.000000000000000  0.000000000000000  0.000000000000000  0.000000000000000  0.000000000000000  0.021152910610195  1.000000000000000  1.000000000000000 
124.0    V  0.010230354867840  0.000000000000000  0.000000000000000  0.009030364894959  0.210369870571345  0.000000000000000  0.010517969291225  0.159762420400381  0.045373696246997  0.093687475109722  0.014947002470186  0.009426905622818  0.000000000000000  0.022923958502614  0.000000000000000  0.067171823303469  0.036146505747040  0.310356872881528  0.000000000000000  0.000000000000000  1.000000000000000  0.000000000000000  0.000000000000000  0.000000000000000  0.000000000000000  0.000000000000000  0.000000000000000  0.033238521027912  1.000000000000000  1.000000000000000 
125.0    F  0.000000000000000  0.000000000000000  0.000000000000000  0.036071419297401  0.237335530237630  0.037369368649254  0.000000000000000  0.329191730514811  0.000000000000000  0.088818252698835  0.000000000000000  0.000000000000000  0.000000000000000  0.000000000000000  0.000000000000000  0.075624630576206  0.000000000000000  0.195602945434128  0.000000000000000  0.000000000000000  1.000000000000000  0.000000000000000  0.000000000000000  0.000000000000000  0.000000000000000  0.000000000000000  0.000000000000000  0.085792776953432  1.000000000000000  1.000000000000000 
126.0    L  0.047202268298838  0.000000000000000  0.000000000000000  0.068393356328796  0.000000000000000  0.071893243334413  0.000000000000000  0.000000000000000  0.000000000000000  0.138312169136534  0.000000000000000  0.000000000000000  0.130579470358029  0.000000000000000  0.210515738402104  0.199298119135134  0.037499105699163  0.096388176587996  0.000000000000000  0.000000000000000  1.000000000000000  0.000000000000000  0.000000000000000  0.000000000000000  0.000000000000000  0.000000000000000  0.000000000000000  0.161096828810627  1.000000000000000  1.000000000000000 
127.0    P  0.000000000000000  0.000000000000000  0.000000000000000  0.103091693576260  0.000000000000000  0.000000000000000  0.000000000000000  0.000000000000000  0.063990431276778  0.144485838319350  0.042071877164899  0.000000000000000  0.546388869550476  0.000000000000000  0.000000000000000  0.099787298294581  0.000000000000000  0.000000000000000  0.000000000000000  0.000000000000000  1.000000000000000  0.000000000000000  0.000000000000000  0.000000000000000  0.000000000000000  0.000000000000000  0.000000000000000  0.210078438058320  1.000000000000000  1.000000000000000 
128.0    A  0.500000000000000  0.000000000000000  0.000000000000000  0.000000000000000  0.000000000000000  0.500000000000000  0.000000000000000  0.000000000000000  0.000000000000000  0.000000000000000  0.000000000000000  0.000000000000000  0.000000000000000  0.000000000000000  0.000000000000000  0.000000000000000  0.000000000000000  0.000000000000000  0.000000000000000  0.000000000000000  1.000000000000000  0.000000000000000  0.000000000000000  0.000000000000000  0.000000000000000  0.000000000000000  0.000000000000000  0.421615555125056  1.000000000000000  1.000000000000000 
129.0    T  0.000000000000000  0.000000000000000  0.000000000000000  0.000000000000000  0.000000000000000  0.000000000000000  0.000000000000000  0.000000000000000  0.000000000000000  0.000000000000000  0.000000000000000  0.000000000000000  0.500000000000000  0.000000000000000  0.000000000000000  0.000000000000000  0.500000000000000  0.000000000000000  0.000000000000000  0.000000000000000  1.000000000000000  0.000000000000000  0.000000000000000  0.000000000000000  0.000000000000000  0.000000000000000  0.000000000000000  0.421615555125056  1.000000000000000  1.000000000000000 
130.0    P  0.000000000000000  0.000000000000000  0.000000000000000  0.000000000000000  0.000000000000000  0.000000000000000  0.000000000000000  0.000000000000000  0.000000000000000  0.000000000000000  0.000000000000000  0.000000000000000  1.000000000000000  0.000000000000000  0.000000000000000  0.000000000000000  0.000000000000000  0.000000000000000  0.000000000000000  0.000000000000000  1.000000000000000  0.000000000000000  0.000000000000000  0.000000000000000  0.000000000000000  0.000000000000000  0.000000000000000  0.500000000000000  1.000000000000000  1.000000000000000 
131.0    L  0.000000000000000  0.000000000000000  0.000000000000000  0.000000000000000  0.000000000000000  0.000000000000000  0.000000000000000  0.000000000000000  0.000000000000000  1.000000000000000  0.000000000000000  0.000000000000000  0.000000000000000  0.000000000000000  0.000000000000000  0.000000000000000  0.000000000000000  0.000000000000000  0.000000000000000  0.000000000000000  1.000000000000000  0.000000000000000  0.000000000000000  0.000000000000000  0.000000000000000  0.000000000000000  0.000000000000000  0.500000000000000  1.000000000000000  1.000000000000000 
132.0    P  0.000000000000000  0.000000000000000  0.000000000000000  0.000000000000000  0.000000000000000  0.000000000000000  0.000000000000000  0.000000000000000  0.000000000000000  0.000000000000000  0.000000000000000  0.000000000000000  1.000000000000000  0.000000000000000  0.000000000000000  0.000000000000000  0.000000000000000  0.000000000000000  0.000000000000000  0.000000000000000  1.000000000000000  0.000000000000000  0.000000000000000  0.000000000000000  0.000000000000000  0.000000000000000  0.000000000000000  0.500000000000000  1.000000000000000  1.000000000000000 
133.0    S  0.000000000000000  0.000000000000000  0.000000000000000  0.000000000000000  0.000000000000000  0.000000000000000  0.000000000000000  0.000000000000000  0.000000000000000  0.000000000000000  0.000000000000000  0.000000000000000  0.000000000000000  0.000000000000000  0.000000000000000  1.000000000000000  0.000000000000000  0.000000000000000  0.000000000000000  0.000000000000000  1.000000000000000  0.000000000000000  0.000000000000000  0.000000000000000  0.000000000000000  0.000000000000000  0.000000000000000  0.500000000000000  1.000000000000000  1.000000000000000 
134.0    L  0.000000000000000  0.000000000000000  0.000000000000000  0.000000000000000  0.000000000000000  0.000000000000000  0.000000000000000  0.000000000000000  0.000000000000000  1.000000000000000  0.000000000000000  0.000000000000000  0.000000000000000  0.000000000000000  0.000000000000000  0.000000000000000  0.000000000000000  0.000000000000000  0.000000000000000  0.000000000000000  1.000000000000000  0.000000000000000  0.000000000000000  0.000000000000000  0.000000000000000  0.000000000000000  0.000000000000000  0.500000000000000  1.000000000000000  1.000000000000000 
135.0    P  0.000000000000000  0.000000000000000  0.000000000000000  0.000000000000000  0.000000000000000  0.000000000000000  0.000000000000000  0.000000000000000  0.000000000000000  0.000000000000000  0.000000000000000  0.000000000000000  1.000000000000000  0.000000000000000  0.000000000000000  0.000000000000000  0.000000000000000  0.000000000000000  0.000000000000000  0.000000000000000  1.000000000000000  0.000000000000000  0.000000000000000  0.000000000000000  0.000000000000000  0.000000000000000  0.000000000000000  0.500000000000000  1.000000000000000  1.000000000000000 
136.0    R  0.000000000000000  0.000000000000000  0.000000000000000  0.000000000000000  0.000000000000000  0.000000000000000  0.000000000000000  0.000000000000000  0.000000000000000  0.000000000000000  0.000000000000000  0.000000000000000  0.000000000000000  0.000000000000000  1.000000000000000  0.000000000000000  0.000000000000000  0.000000000000000  0.000000000000000  0.000000000000000  1.000000000000000  0.000000000000000  0.000000000000000  0.000000000000000  0.000000000000000  0.000000000000000  0.000000000000000  0.500000000000000  1.000000000000000  1.000000000000000 
137.0    P  0.000000000000000  0.000000000000000  0.000000000000000  0.000000000000000  0.000000000000000  0.000000000000000  0.000000000000000  0.000000000000000  0.000000000000000  0.000000000000000  0.000000000000000  0.000000000000000  1.000000000000000  0.000000000000000  0.000000000000000  0.000000000000000  0.000000000000000  0.000000000000000  0.000000000000000  0.000000000000000  1.000000000000000  0.000000000000000  0.000000000000000  0.000000000000000  0.000000000000000  0.000000000000000  0.000000000000000  0.500000000000000  1.000000000000000  1.000000000000000 
138.0    H  0.000000000000000  0.000000000000000  0.000000000000000  0.000000000000000  0.000000000000000  0.000000000000000  1.000000000000000  0.000000000000000  0.000000000000000  0.000000000000000  0.000000000000000  0.000000000000000  0.000000000000000  0.000000000000000  0.000000000000000  0.000000000000000  0.000000000000000  0.000000000000000  0.000000000000000  0.000000000000000  1.000000000000000  0.000000000000000  0.000000000000000  0.000000000000000  0.000000000000000  0.000000000000000  0.000000000000000  0.500000000000000  1.000000000000000  1.000000000000000 
139.0    K  0.000000000000000  0.000000000000000  0.000000000000000  0.000000000000000  0.000000000000000  0.000000000000000  0.000000000000000  0.000000000000000  1.000000000000000  0.000000000000000  0.000000000000000  0.000000000000000  0.000000000000000  0.000000000000000  0.000000000000000  0.000000000000000  0.000000000000000  0.000000000000000  0.000000000000000  0.000000000000000  1.000000000000000  0.000000000000000  0.000000000000000  0.000000000000000  0.000000000000000  0.000000000000000  0.000000000000000  0.500000000000000  1.000000000000000  1.000000000000000 
140.0    H  0.000000000000000  0.000000000000000  0.000000000000000  0.000000000000000  0.000000000000000  0.000000000000000  1.000000000000000  0.000000000000000  0.000000000000000  0.000000000000000  0.000000000000000  0.000000000000000  0.000000000000000  0.000000000000000  0.000000000000000  0.000000000000000  0.000000000000000  0.000000000000000  0.000000000000000  0.000000000000000  1.000000000000000  0.000000000000000  0.000000000000000  0.000000000000000  0.000000000000000  0.000000000000000  0.000000000000000  0.500000000000000  1.000000000000000  1.000000000000000 
141.0    R  0.000000000000000  0.000000000000000  0.000000000000000  0.000000000000000  0.000000000000000  0.000000000000000  0.000000000000000  0.000000000000000  0.000000000000000  0.000000000000000  0.000000000000000  0.000000000000000  0.000000000000000  0.000000000000000  1.000000000000000  0.000000000000000  0.000000000000000  0.000000000000000  0.000000000000000  0.000000000000000  1.000000000000000  0.000000000000000  0.000000000000000  0.000000000000000  0.000000000000000  0.000000000000000  0.000000000000000  0.500000000000000  1.000000000000000  1.000000000000000 
142.0    L  0.000000000000000  0.000000000000000  0.000000000000000  0.000000000000000  0.000000000000000  0.000000000000000  0.000000000000000  0.000000000000000  0.000000000000000  1.000000000000000  0.000000000000000  0.000000000000000  0.000000000000000  0.000000000000000  0.000000000000000  0.000000000000000  0.000000000000000  0.000000000000000  0.000000000000000  0.000000000000000  1.000000000000000  0.000000000000000  0.000000000000000  0.000000000000000  0.000000000000000  0.000000000000000  0.000000000000000  0.500000000000000  1.000000000000000  1.000000000000000 
143.0    L  0.000000000000000  0.000000000000000  0.000000000000000  0.000000000000000  0.000000000000000  0.000000000000000  0.000000000000000  0.000000000000000  0.000000000000000  1.000000000000000  0.000000000000000  0.000000000000000  0.000000000000000  0.000000000000000  0.000000000000000  0.000000000000000  0.000000000000000  0.000000000000000  0.000000000000000  0.000000000000000  1.000000000000000  0.000000000000000  0.000000000000000  0.000000000000000  0.000000000000000  0.000000000000000  0.000000000000000  0.500000000000000  1.000000000000000  1.000000000000000 
144.0    W  0.000000000000000  0.000000000000000  0.000000000000000  0.000000000000000  0.000000000000000  0.000000000000000  0.000000000000000  0.000000000000000  0.000000000000000  0.000000000000000  0.000000000000000  0.000000000000000  0.000000000000000  0.000000000000000  0.000000000000000  0.000000000000000  0.000000000000000  0.000000000000000  1.000000000000000  0.000000000000000  1.000000000000000  0.000000000000000  0.000000000000000  0.000000000000000  0.000000000000000  0.000000000000000  0.000000000000000  0.500000000000000  1.000000000000000  1.000000000000000 
145.0    L  0.000000000000000  0.000000000000000  0.000000000000000  0.000000000000000  0.000000000000000  0.000000000000000  0.000000000000000  0.000000000000000  0.000000000000000  1.000000000000000  0.000000000000000  0.000000000000000  0.000000000000000  0.000000000000000  0.000000000000000  0.000000000000000  0.000000000000000  0.000000000000000  0.000000000000000  0.000000000000000  1.000000000000000  0.000000000000000  0.000000000000000  0.000000000000000  0.000000000000000  0.000000000000000  0.000000000000000  0.500000000000000  1.000000000000000  1.000000000000000 
146.0    E  0.000000000000000  0.000000000000000  0.000000000000000  1.000000000000000  0.000000000000000  0.000000000000000  0.000000000000000  0.000000000000000  0.000000000000000  0.000000000000000  0.000000000000000  0.000000000000000  0.000000000000000  0.000000000000000  0.000000000000000  0.000000000000000  0.000000000000000  0.000000000000000  0.000000000000000  0.000000000000000  1.000000000000000  0.000000000000000  0.000000000000000  0.000000000000000  0.000000000000000  0.000000000000000  0.000000000000000  0.500000000000000  1.000000000000000  1.000000000000000 
147.0    G  0.000000000000000  0.000000000000000  0.000000000000000  0.000000000000000  0.000000000000000  1.000000000000000  0.000000000000000  0.000000000000000  0.000000000000000  0.000000000000000  0.000000000000000  0.000000000000000  0.000000000000000  0.000000000000000  0.000000000000000  0.000000000000000  0.000000000000000  0.000000000000000  0.000000000000000  0.000000000000000  1.000000000000000  0.000000000000000  0.000000000000000  0.000000000000000  0.000000000000000  0.000000000000000  0.000000000000000  0.500000000000000  1.000000000000000  1.000000000000000 
148.0    N  0.000000000000000  0.000000000000000  0.000000000000000  0.000000000000000  0.000000000000000  0.000000000000000  0.000000000000000  0.000000000000000  0.000000000000000  0.000000000000000  0.000000000000000  1.000000000000000  0.000000000000000  0.000000000000000  0.000000000000000  0.000000000000000  0.000000000000000  0.000000000000000  0.000000000000000  0.000000000000000  1.000000000000000  0.000000000000000  0.000000000000000  0.000000000000000  0.000000000000000  0.000000000000000  0.000000000000000  0.500000000000000  1.000000000000000  1.000000000000000 
149.0    N  0.000000000000000  0.000000000000000  0.000000000000000  0.000000000000000  0.000000000000000  0.000000000000000  0.000000000000000  0.000000000000000  0.000000000000000  0.000000000000000  0.000000000000000  1.000000000000000  0.000000000000000  0.000000000000000  0.000000000000000  0.000000000000000  0.000000000000000  0.000000000000000  0.000000000000000  0.000000000000000  1.000000000000000  0.000000000000000  0.000000000000000  0.000000000000000  0.000000000000000  0.000000000000000  0.000000000000000  0.500000000000000  1.000000000000000  1.000000000000000 
150.0    S  0.000000000000000  0.000000000000000  0.000000000000000  0.000000000000000  0.000000000000000  0.000000000000000  0.000000000000000  0.000000000000000  0.000000000000000  0.000000000000000  0.000000000000000  0.000000000000000  0.000000000000000  0.000000000000000  0.000000000000000  1.000000000000000  0.000000000000000  0.000000000000000  0.000000000000000  0.000000000000000  1.000000000000000  0.000000000000000  0.000000000000000  0.000000000000000  0.000000000000000  0.000000000000000  0.000000000000000  0.500000000000000  1.000000000000000  1.000000000000000 
151.0    S  0.000000000000000  0.000000000000000  0.000000000000000  0.000000000000000  0.000000000000000  0.000000000000000  0.000000000000000  0.000000000000000  0.000000000000000  0.000000000000000  0.000000000000000  0.000000000000000  0.000000000000000  0.000000000000000  0.000000000000000  1.000000000000000  0.000000000000000  0.000000000000000  0.000000000000000  0.000000000000000  1.000000000000000  0.000000000000000  0.000000000000000  1.000000000000000  0.000000000000000  0.000000000000000  0.000000000000000  0.500000000000000  1.000000000000000  1.000000000000000 
