No:  residues  hmm_col_1  hmm_col_2  hmm_col_3  hmm_col_4  hmm_col_5  hmm_col_6  hmm_col_7  hmm_col_8  hmm_col_9  hmm_col_10  hmm_col_11  hmm_col_12  hmm_col_13  hmm_col_14  hmm_col_15  hmm_col_16  hmm_col_17  hmm_col_18  hmm_col_19  hmm_col_20  hmm_col_21   hmm_col_22   hmm_col_23   hmm_col_24   hmm_col_25   hmm_col_26   hmm_col_27   hmm_col_28   hmm_col_29   hmm_col_30   
1.0    M  0.000000000000000  0.000000000000000  0.000000000000000  0.000000000000000  0.000000000000000  0.000000000000000  0.000000000000000  0.000000000000000  0.000000000000000  0.000000000000000  1.000000000000000  0.000000000000000  0.000000000000000  0.000000000000000  0.000000000000000  0.000000000000000  0.000000000000000  0.000000000000000  0.000000000000000  0.000000000000000  1.000000000000000  0.000000000000000  0.000000000000000  0.250000000000000  0.750019494642909  0.000000000000000  0.000000000000000  0.124481219136807  0.490729531926740  1.000000000000000 
2.0    R  0.000000000000000  0.000000000000000  0.000000000000000  0.000000000000000  0.000000000000000  0.000000000000000  0.000000000000000  0.000000000000000  0.385285554179204  0.000000000000000  0.000000000000000  0.000000000000000  0.000000000000000  0.000000000000000  0.614719433627290  0.000000000000000  0.000000000000000  0.000000000000000  0.000000000000000  0.000000000000000  1.000000000000000  0.000000000000000  0.000000000000000  0.000000000000000  0.000000000000000  0.000000000000000  0.000000000000000  0.122852574818156  1.000000000000000  1.000000000000000 
3.0    P  0.000000000000000  0.000000000000000  0.000000000000000  0.000000000000000  0.000000000000000  0.149892489223889  0.000000000000000  0.000000000000000  0.000000000000000  0.044102370106522  0.000000000000000  0.000000000000000  0.423666217473059  0.000000000000000  0.000000000000000  0.382359069470692  0.000000000000000  0.000000000000000  0.000000000000000  0.000000000000000  1.000000000000000  0.000000000000000  0.000000000000000  0.000000000000000  0.000000000000000  0.000000000000000  0.000000000000000  0.122852574818156  1.000000000000000  1.000000000000000 
4.0    Q  0.000000000000000  0.000000000000000  0.000000000000000  0.000000000000000  0.000000000000000  0.000000000000000  0.000000000000000  0.000000000000000  0.000000000000000  0.042600081477578  0.000000000000000  0.000000000000000  0.000000000000000  0.470739232270603  0.000000000000000  0.337041932934264  0.149892489223889  0.000000000000000  0.000000000000000  0.000000000000000  1.000000000000000  0.000000000000000  0.000000000000000  0.000000000000000  0.000000000000000  0.000000000000000  0.000000000000000  0.122852574818156  1.000000000000000  1.000000000000000 
5.0    V  0.074480160910878  0.000000000000000  0.000000000000000  0.000000000000000  0.000000000000000  0.000000000000000  0.000000000000000  0.000000000000000  0.139757731370733  0.068488235402981  0.000000000000000  0.000000000000000  0.000000000000000  0.000000000000000  0.000000000000000  0.091568804663209  0.218090676442690  0.407818746669505  0.000000000000000  0.000000000000000  0.761016690419679  0.239152039522969  0.000000000000000  1.000000000000000  0.000000000000000  0.000000000000000  0.000000000000000  0.110108671765872  0.411225034356232  1.000000000000000 
6.0    L  0.000000000000000  0.000000000000000  0.000000000000000  0.000000000000000  0.000000000000000  0.000000000000000  0.000000000000000  0.201381072762188  0.000000000000000  0.798851916449148  0.000000000000000  0.000000000000000  0.000000000000000  0.000000000000000  0.000000000000000  0.000000000000000  0.000000000000000  0.000000000000000  0.000000000000000  0.000000000000000  0.960594863953477  0.039281667953807  0.000000000000000  0.500000000000000  0.500000000000000  0.000000000000000  0.000000000000000  0.086629367853151  0.490729531926740  1.000000000000000 
7.0    L  0.125347054487635  0.000000000000000  0.000000000000000  0.000000000000000  0.113833729198997  0.000000000000000  0.000000000000000  0.110874538144019  0.000000000000000  0.649769531227720  0.000000000000000  0.000000000000000  0.000000000000000  0.000000000000000  0.000000000000000  0.000000000000000  0.000000000000000  0.000000000000000  0.000000000000000  0.000000000000000  0.869947352708651  0.130217928626028  0.000000000000000  0.647521499427212  0.352330188785505  0.000000000000000  0.000000000000000  0.086629367853151  0.445346450303340  1.000000000000000 
8.0    A  0.286379474494939  0.000000000000000  0.000000000000000  0.000000000000000  0.000000000000000  0.034054753506667  0.000000000000000  0.110874538144019  0.000000000000000  0.153148166488085  0.000000000000000  0.000000000000000  0.000000000000000  0.000000000000000  0.000000000000000  0.000000000000000  0.043676467870346  0.371903440608626  0.000000000000000  0.000000000000000  1.000000000000000  0.000000000000000  0.000000000000000  0.000000000000000  0.000000000000000  0.000000000000000  0.000000000000000  0.086629367853151  1.000000000000000  1.000000000000000 
9.0    A  0.219759890227947  0.000000000000000  0.000000000000000  0.000000000000000  0.000000000000000  0.000000000000000  0.000000000000000  0.361483073636437  0.000000000000000  0.071248329543341  0.000000000000000  0.000000000000000  0.000000000000000  0.000000000000000  0.000000000000000  0.033632503899494  0.313817997820661  0.000000000000000  0.000000000000000  0.000000000000000  1.000000000000000  0.000000000000000  0.000000000000000  0.000000000000000  0.000000000000000  0.000000000000000  0.000000000000000  0.086629367853151  1.000000000000000  1.000000000000000 
10.0    L  0.000000000000000  0.000000000000000  0.000000000000000  0.000000000000000  0.110951417158687  0.000000000000000  0.000000000000000  0.071248329543341  0.000000000000000  0.817902058557781  0.000000000000000  0.000000000000000  0.000000000000000  0.000000000000000  0.000000000000000  0.000000000000000  0.000000000000000  0.000000000000000  0.000000000000000  0.000000000000000  1.000000000000000  0.000000000000000  0.000000000000000  0.000000000000000  0.000000000000000  0.000000000000000  0.000000000000000  0.086629367853151  1.000000000000000  1.000000000000000 
11.0    A  0.496202187342909  0.059663813383732  0.000000000000000  0.000000000000000  0.000000000000000  0.075729541276890  0.000000000000000  0.173619391970639  0.000000000000000  0.000000000000000  0.000000000000000  0.000000000000000  0.000000000000000  0.000000000000000  0.000000000000000  0.000000000000000  0.000000000000000  0.194656172765415  0.000000000000000  0.000000000000000  1.000000000000000  0.000000000000000  0.000000000000000  0.000000000000000  0.000000000000000  0.000000000000000  0.000000000000000  0.086629367853151  1.000000000000000  1.000000000000000 
12.0    V  0.034196678164398  0.000000000000000  0.000000000000000  0.000000000000000  0.000000000000000  0.000000000000000  0.000000000000000  0.000000000000000  0.000000000000000  0.537747195228689  0.071248329543341  0.000000000000000  0.000000000000000  0.000000000000000  0.000000000000000  0.000000000000000  0.000000000000000  0.357000994921266  0.000000000000000  0.000000000000000  1.000000000000000  0.000000000000000  0.000000000000000  0.000000000000000  0.000000000000000  0.000000000000000  0.000000000000000  0.086629367853151  1.000000000000000  1.000000000000000 
13.0    I  0.000000000000000  0.000000000000000  0.000000000000000  0.042042725266307  0.065972107352373  0.000000000000000  0.000000000000000  0.064079202368037  0.000000000000000  0.459775023075829  0.000000000000000  0.000000000000000  0.000000000000000  0.280291519507127  0.000000000000000  0.000000000000000  0.000000000000000  0.088021514182005  0.000000000000000  0.000000000000000  1.000000000000000  0.000000000000000  0.000000000000000  0.000000000000000  0.000000000000000  0.000000000000000  0.000000000000000  0.086629367853151  1.000000000000000  1.000000000000000 
14.0    A  0.620283648857694  0.000000000000000  0.000000000000000  0.000000000000000  0.000000000000000  0.167356907122305  0.000000000000000  0.000000000000000  0.000000000000000  0.110874538144019  0.000000000000000  0.000000000000000  0.000000000000000  0.000000000000000  0.000000000000000  0.000000000000000  0.000000000000000  0.101390894447130  0.000000000000000  0.000000000000000  0.963929807740643  0.036347501298370  0.000000000000000  1.000000000000000  0.000000000000000  0.000000000000000  0.000000000000000  0.086629367853151  0.492774668469685  1.000000000000000 
15.0    V  0.170518479359919  0.000000000000000  0.000000000000000  0.000000000000000  0.000000000000000  0.000000000000000  0.000000000000000  0.065471007943737  0.000000000000000  0.088941466327162  0.000000000000000  0.000000000000000  0.000000000000000  0.000000000000000  0.000000000000000  0.000000000000000  0.000000000000000  0.675018992561373  0.000000000000000  0.000000000000000  1.000000000000000  0.000000000000000  0.000000000000000  0.000000000000000  0.000000000000000  0.000000000000000  0.000000000000000  0.086629367853151  1.000000000000000  1.000000000000000 
16.0    L  0.000000000000000  0.000000000000000  0.000000000000000  0.000000000000000  0.153466960489383  0.000000000000000  0.000000000000000  0.000000000000000  0.000000000000000  0.778085176555419  0.000000000000000  0.000000000000000  0.000000000000000  0.000000000000000  0.000000000000000  0.000000000000000  0.000000000000000  0.068393356328796  0.000000000000000  0.000000000000000  0.702222437868999  0.000000000000000  0.297920643643512  0.000000000000000  0.000000000000000  0.000000000000000  0.000000000000000  0.086629367853151  1.000000000000000  1.000000000000000 
17.0    A  0.399702915176236  0.000000000000000  0.000000000000000  0.000000000000000  0.000000000000000  0.000000000000000  0.000000000000000  0.000000000000000  0.000000000000000  0.128514228332008  0.000000000000000  0.000000000000000  0.000000000000000  0.000000000000000  0.000000000000000  0.000000000000000  0.055207190717592  0.416676603579609  0.000000000000000  0.000000000000000  0.804966137621122  0.194791144915125  0.000000000000000  0.500000000000000  0.500000000000000  1.000000000000000  0.000000000000000  0.094273754792911  0.436181352885379  0.372161313791635 
18.0    A  0.760489376620505  0.000000000000000  0.000000000000000  0.000000000000000  0.000000000000000  0.000000000000000  0.000000000000000  0.000000000000000  0.000000000000000  0.000000000000000  0.173619391970639  0.000000000000000  0.000000000000000  0.000000000000000  0.000000000000000  0.000000000000000  0.000000000000000  0.065972107352373  0.000000000000000  0.000000000000000  0.755236292781413  0.244855074396732  0.000000000000000  1.000000000000000  0.000000000000000  0.000000000000000  0.000000000000000  0.086629367853151  0.383686524000222  1.000000000000000 
19.0    A  0.801625329399394  0.000000000000000  0.000000000000000  0.000000000000000  0.000000000000000  0.000000000000000  0.000000000000000  0.087777804733625  0.000000000000000  0.040330077826618  0.000000000000000  0.000000000000000  0.000000000000000  0.000000000000000  0.000000000000000  0.000000000000000  0.031077192771038  0.039064446955788  0.000000000000000  0.000000000000000  0.966606097064973  0.000000000000000  0.033446521825832  0.000000000000000  0.000000000000000  0.000000000000000  0.000000000000000  0.082640912821411  1.000000000000000  1.000000000000000 
20.0    L  0.000000000000000  0.000000000000000  0.000000000000000  0.000000000000000  0.112656307826354  0.000000000000000  0.000000000000000  0.000000000000000  0.000000000000000  0.700278160443602  0.035946621667206  0.000000000000000  0.000000000000000  0.000000000000000  0.000000000000000  0.000000000000000  0.000000000000000  0.090810315598211  0.000000000000000  0.060162152693859  0.809442216547408  0.190254172604920  0.000000000000000  0.797745239809033  0.202080217201392  0.000000000000000  1.000000000000000  0.060706718471352  0.414659772907221  0.493116352246680 
21.0    P  0.076574083244042  0.000000000000000  0.000000000000000  0.069782060123911  0.019873640730368  0.000000000000000  0.000000000000000  0.000000000000000  0.000000000000000  0.000000000000000  0.000000000000000  0.000000000000000  0.455019412040450  0.000000000000000  0.000000000000000  0.378666578969244  0.000000000000000  0.000000000000000  0.000000000000000  0.000000000000000  1.000000000000000  0.000000000000000  0.000000000000000  0.000000000000000  0.000000000000000  1.000000000000000  0.000000000000000  0.060706718471352  1.000000000000000  0.493116352246680 
22.0    L  0.000000000000000  0.000000000000000  0.000000000000000  0.000000000000000  0.024877753086837  0.000000000000000  0.090999346812443  0.067125279476258  0.086569341756933  0.403041415746484  0.000000000000000  0.268315071598363  0.000000000000000  0.040638754579640  0.000000000000000  0.000000000000000  0.000000000000000  0.018350968300213  0.000000000000000  0.000000000000000  0.974004268543241  0.025844480263852  0.000000000000000  0.052628934600526  0.947370070599268  0.000000000000000  0.000000000000000  0.055939066932998  0.490729531926740  1.000000000000000 
23.0    A  0.382889499273596  0.000000000000000  0.000000000000000  0.000000000000000  0.000000000000000  0.375009747321455  0.000000000000000  0.000000000000000  0.000000000000000  0.054071043161562  0.000000000000000  0.000000000000000  0.000000000000000  0.000000000000000  0.000000000000000  0.056250120612095  0.043404847992660  0.088572337281764  0.000000000000000  0.000000000000000  0.967947026893737  0.000000000000000  0.032128557083002  0.000000000000000  0.000000000000000  0.000000000000000  1.000000000000000  0.053548872173036  1.000000000000000  0.490729531926740 
24.0    H  0.118750047859361  0.000000000000000  0.155178436440764  0.230525779478158  0.000000000000000  0.000000000000000  0.101884041550328  0.000000000000000  0.148444958259176  0.000000000000000  0.000000000000000  0.099511012347347  0.045975210807992  0.000000000000000  0.053363607149453  0.000000000000000  0.000000000000000  0.046423528770651  0.000000000000000  0.000000000000000  0.946713631236714  0.053363607149453  0.000000000000000  0.199990032083188  0.799960128332753  0.000000000000000  1.000000000000000  0.055016188347697  0.477310507069858  0.465870214652387 
25.0    S  0.443805668634749  0.000000000000000  0.039996012932635  0.091125586176036  0.000000000000000  0.299992845593304  0.000000000000000  0.000000000000000  0.023864335905636  0.000000000000000  0.000000000000000  0.000000000000000  0.000000000000000  0.000000000000000  0.015832139064986  0.085259239679960  0.000000000000000  0.000000000000000  0.000000000000000  0.000000000000000  0.702222437868999  0.116709993114414  0.180992271547445  0.077804639711386  0.922103117912631  1.000000000000000  0.000000000000000  0.052120690239060  0.384218795322003  0.465870214652387 
26.0    Q  0.042511589137686  0.000000000000000  0.021853376292788  0.346037429012870  0.000000000000000  0.092975860152157  0.000000000000000  0.000000000000000  0.091568804663209  0.000000000000000  0.000000000000000  0.043706752585577  0.016493026838093  0.071198961076382  0.165281825642822  0.049514675682811  0.037996227599472  0.020861692238999  0.000000000000000  0.000000000000000  0.908778116448520  0.066155274679696  0.025190088484155  0.184923438656105  0.815072332402625  0.693515484565693  0.306296332976169  0.041291825176821  0.471065636952404  0.402762145524375 
27.0    G  0.009413846210897  0.000000000000000  0.000000000000000  0.081729459283547  0.020179021098474  0.052811649025782  0.000000000000000  0.000000000000000  0.030713143704539  0.000000000000000  0.000000000000000  0.000000000000000  0.034267862143372  0.054522669110672  0.258636895379727  0.329191730514811  0.047563543151230  0.041435180009333  0.012430257558671  0.027110583973502  0.929804942613162  0.070121467533155  0.000000000000000  0.193311584363829  0.806641759222126  1.000000000000000  0.000000000000000  0.040864729641774  0.403600537252382  0.450937689191125 
28.0    A  0.086090627898946  0.028497911422493  0.022813000166477  0.028537445312875  0.066292983835514  0.000000000000000  0.000000000000000  0.019668080836013  0.047761766273911  0.010783729323411  0.000000000000000  0.017603425445270  0.319082192207238  0.022781396544009  0.022343515411901  0.227194529112130  0.076097876166437  0.000000000000000  0.004493327708401  0.000000000000000  0.980099415341871  0.000000000000000  0.019668080836013  0.199990032083188  0.799960128332753  0.000000000000000  0.000000000000000  0.036046425158126  0.500000000000000  1.000000000000000 
29.0    T  0.014467906601989  0.000000000000000  0.000000000000000  0.123279088061670  0.000000000000000  0.021094343517543  0.055939066932998  0.000000000000000  0.204050761537725  0.023147496844068  0.000000000000000  0.013212066990274  0.066661611301985  0.000000000000000  0.000000000000000  0.058801631719612  0.057312752700292  0.000000000000000  0.361984543094890  0.000000000000000  0.865136690584988  0.134997069979110  0.000000000000000  0.452189688780544  0.547526235396787  0.000000000000000  1.000000000000000  0.035847094507068  0.349654020684615  0.493116352246680 
30.0    L  0.105623298051564  0.000000000000000  0.103163176064082  0.026718818059124  0.000000000000000  0.042718357873182  0.000000000000000  0.000000000000000  0.190254172604920  0.029299096764285  0.017812082385835  0.000000000000000  0.418123199957031  0.015711884068726  0.000000000000000  0.014248955711246  0.012006837353813  0.012284645189693  0.011899130778932  0.000000000000000  1.000000000000000  0.000000000000000  0.000000000000000  0.000000000000000  0.000000000000000  1.000000000000000  0.000000000000000  0.034363004666080  1.000000000000000  0.493116352246680 
31.0    C  0.000000000000000  0.938871747315452  0.000000000000000  0.000000000000000  0.000000000000000  0.000000000000000  0.000000000000000  0.000000000000000  0.000000000000000  0.000000000000000  0.000000000000000  0.000000000000000  0.000000000000000  0.000000000000000  0.000000000000000  0.061383724703962  0.000000000000000  0.000000000000000  0.000000000000000  0.000000000000000  0.956608158091874  0.015549370653439  0.028047189083352  1.000000000000000  0.000000000000000  0.000000000000000  0.000000000000000  0.033866436463899  0.484644908467533  1.000000000000000 
32.0    C  0.047431851655439  0.952637998043937  0.000000000000000  0.000000000000000  0.000000000000000  0.000000000000000  0.000000000000000  0.000000000000000  0.000000000000000  0.000000000000000  0.000000000000000  0.000000000000000  0.000000000000000  0.000000000000000  0.000000000000000  0.000000000000000  0.000000000000000  0.000000000000000  0.000000000000000  0.000000000000000  1.000000000000000  0.000000000000000  0.000000000000000  0.000000000000000  0.000000000000000  1.000000000000000  0.000000000000000  0.034602018265134  1.000000000000000  0.477641468191219 
33.0    D  0.047202268298838  0.000000000000000  0.643494623650635  0.000000000000000  0.000000000000000  0.015549370653439  0.000000000000000  0.000000000000000  0.009800017222820  0.000000000000000  0.000000000000000  0.177021929776818  0.000000000000000  0.000000000000000  0.031928752584822  0.025952188252840  0.049070507417098  0.000000000000000  0.000000000000000  0.000000000000000  0.978741650397436  0.000000000000000  0.021065120808392  0.000000000000000  0.000000000000000  0.000000000000000  0.000000000000000  0.033866436463899  1.000000000000000  1.000000000000000 
34.0    N  0.014608987464866  0.000000000000000  0.041752314949691  0.071992977646835  0.030905341136904  0.012387252134536  0.056798632278033  0.026168952734638  0.095457343622544  0.060162152693859  0.008638520729065  0.212715932376635  0.000000000000000  0.053289680735497  0.049070507417098  0.180741536818218  0.022219959540426  0.063153215405423  0.000000000000000  0.000000000000000  0.712518807074392  0.000000000000000  0.287373712008669  0.000000000000000  0.000000000000000  1.000000000000000  0.000000000000000  0.035353576963934  1.000000000000000  0.489031736723670 
35.0    C  0.000000000000000  0.960594863953477  0.000000000000000  0.000000000000000  0.000000000000000  0.000000000000000  0.000000000000000  0.039254449410735  0.000000000000000  0.000000000000000  0.000000000000000  0.000000000000000  0.000000000000000  0.000000000000000  0.000000000000000  0.000000000000000  0.000000000000000  0.000000000000000  0.000000000000000  0.000000000000000  0.357744130005728  0.000000000000000  0.642157904494713  0.000000000000000  0.000000000000000  0.857970530428691  0.141905262768258  0.053996136712517  1.000000000000000  0.248273123859259 
36.0    G  0.165167300707283  0.000000000000000  0.107172004579271  0.000000000000000  0.000000000000000  0.462652214018926  0.000000000000000  0.000000000000000  0.025382887386132  0.000000000000000  0.000000000000000  0.000000000000000  0.102521613899591  0.048294409352999  0.000000000000000  0.000000000000000  0.066109435226152  0.022686848123498  0.000000000000000  0.000000000000000  1.000000000000000  0.000000000000000  0.000000000000000  0.000000000000000  0.000000000000000  0.642603168734686  0.357496246590423  0.063372467486877  1.000000000000000  0.148342099707066 
37.0    S  0.112500241224189  0.029177498278604  0.000000000000000  0.041521431690516  0.140048651774272  0.035747842912619  0.000000000000000  0.143090520074836  0.005663854815933  0.100970097201201  0.032486857349227  0.036196650193583  0.024315161767357  0.000000000000000  0.045816148662163  0.048060650977196  0.064212589961185  0.125260200634954  0.000000000000000  0.014957366534302  1.000000000000000  0.000000000000000  0.000000000000000  0.000000000000000  0.000000000000000  0.247242729095233  0.752623373705534  0.048428495684948  1.000000000000000  0.318861097919636 
38.0    C  0.000000000000000  0.910038824080899  0.000000000000000  0.000000000000000  0.000000000000000  0.000000000000000  0.000000000000000  0.026848773592100  0.000000000000000  0.000000000000000  0.000000000000000  0.000000000000000  0.000000000000000  0.000000000000000  0.009718841041394  0.053437636118248  0.000000000000000  0.000000000000000  0.000000000000000  0.000000000000000  0.971307495541633  0.028996046139728  0.000000000000000  0.500000000000000  0.500000000000000  0.395842932935636  0.604158921694971  0.046552420722584  0.477641468191219  0.357496246590423 
39.0    T  0.000000000000000  0.000000000000000  0.056367211148891  0.000000000000000  0.000000000000000  0.000000000000000  0.000000000000000  0.000000000000000  0.000000000000000  0.000000000000000  0.000000000000000  0.120324305387719  0.021687386234619  0.035896823593657  0.017591227908387  0.078726873746712  0.568802613936252  0.064614421015498  0.000000000000000  0.036121459579837  0.954621014139717  0.000000000000000  0.045342256494818  0.000000000000000  0.000000000000000  1.000000000000000  0.000000000000000  0.036982844429768  1.000000000000000  0.411225034356232 
40.0    R  0.014854048456716  0.000000000000000  0.004889829916617  0.016711673248207  0.049343367918785  0.035971546603993  0.000000000000000  0.012293163208649  0.331251754261302  0.083331167318200  0.000000000000000  0.000000000000000  0.017948411796829  0.000000000000000  0.433468781757343  0.000000000000000  0.000000000000000  0.000000000000000  0.000000000000000  0.000000000000000  0.976031760776225  0.024247839196089  0.000000000000000  0.500000000000000  0.500000000000000  1.000000000000000  0.000000000000000  0.034866853822655  0.488692883205403  0.450312989923965 
41.0    S  0.008734858210671  0.000000000000000  0.024281477149502  0.000000000000000  0.018376425785796  0.000000000000000  0.000000000000000  0.061128967090459  0.081277509159280  0.033889919026346  0.033307710502123  0.000000000000000  0.000000000000000  0.000000000000000  0.036676505571292  0.670821112441131  0.013820944302055  0.000000000000000  0.017762765206813  0.000000000000000  1.000000000000000  0.000000000000000  0.000000000000000  0.000000000000000  0.000000000000000  0.000000000000000  0.000000000000000  0.033866436463899  1.000000000000000  1.000000000000000 
42.0    I  0.036676505571292  0.000000000000000  0.026479138592066  0.017566858184041  0.159320078414908  0.000000000000000  0.000000000000000  0.328507906787343  0.017762765206813  0.133138525424177  0.034626010870779  0.051976381148432  0.000000000000000  0.032894723584670  0.006219438271709  0.000000000000000  0.010145614083827  0.011833330592789  0.033539383949795  0.099235491366457  1.000000000000000  0.000000000000000  0.000000000000000  0.000000000000000  0.000000000000000  0.000000000000000  0.000000000000000  0.033866436463899  1.000000000000000  1.000000000000000 
43.0    P  0.000000000000000  0.000000000000000  0.000000000000000  0.000000000000000  0.000000000000000  0.000000000000000  0.000000000000000  0.040638754579640  0.000000000000000  0.000000000000000  0.000000000000000  0.000000000000000  0.783497186949341  0.000000000000000  0.000000000000000  0.158109942794242  0.000000000000000  0.000000000000000  0.000000000000000  0.017762765206813  1.000000000000000  0.000000000000000  0.000000000000000  0.000000000000000  0.000000000000000  0.000000000000000  0.000000000000000  0.033866436463899  1.000000000000000  1.000000000000000 
44.0    P  0.010776257201774  0.000000000000000  0.030206440533280  0.000000000000000  0.000000000000000  0.138504043483116  0.000000000000000  0.000000000000000  0.000000000000000  0.013820944302055  0.000000000000000  0.000000000000000  0.724471077277439  0.000000000000000  0.034794425569646  0.000000000000000  0.047202268298838  0.000000000000000  0.000000000000000  0.000000000000000  0.942131273904809  0.057751410777926  0.000000000000000  0.538866572521835  0.461051558956316  0.000000000000000  0.000000000000000  0.033866436463899  0.432868282759829  1.000000000000000 
45.0    Q  0.048562954299003  0.000000000000000  0.027431931175297  0.059581159080510  0.010783729323411  0.000000000000000  0.000000000000000  0.090810315598211  0.087656203165150  0.077374393177340  0.019695365493484  0.031336763621909  0.000000000000000  0.255076164812114  0.080772051914843  0.000000000000000  0.077053270341488  0.086389512908036  0.037943590137345  0.009638337264137  1.000000000000000  0.000000000000000  0.000000000000000  0.000000000000000  0.000000000000000  1.000000000000000  0.000000000000000  0.034196678164398  1.000000000000000  0.500000000000000 
46.0    C  0.061682284117865  0.790589116603944  0.034722147770472  0.000000000000000  0.000000000000000  0.000000000000000  0.000000000000000  0.000000000000000  0.000000000000000  0.000000000000000  0.000000000000000  0.000000000000000  0.000000000000000  0.000000000000000  0.000000000000000  0.000000000000000  0.000000000000000  0.018376425785796  0.015549370653439  0.079054971397121  1.000000000000000  0.000000000000000  0.000000000000000  0.000000000000000  0.000000000000000  0.000000000000000  0.000000000000000  0.033866436463899  1.000000000000000  1.000000000000000 
47.0    T  0.000000000000000  0.000000000000000  0.000000000000000  0.055861572647299  0.014457881688091  0.000000000000000  0.112656307826354  0.021065120808392  0.034078366645789  0.012691443693066  0.014700407929903  0.047202268298838  0.000000000000000  0.129947429396910  0.315563008028029  0.054108535344979  0.122342706299679  0.065335006262823  0.000000000000000  0.000000000000000  0.952637998043937  0.047202268298838  0.000000000000000  1.000000000000000  0.000000000000000  0.000000000000000  0.000000000000000  0.033866436463899  0.456915725114700  1.000000000000000 
48.0    C  0.000000000000000  0.937571096457110  0.000000000000000  0.000000000000000  0.000000000000000  0.000000000000000  0.015040538173465  0.000000000000000  0.000000000000000  0.000000000000000  0.000000000000000  0.000000000000000  0.000000000000000  0.000000000000000  0.000000000000000  0.000000000000000  0.047202268298838  0.000000000000000  0.000000000000000  0.000000000000000  1.000000000000000  0.000000000000000  0.000000000000000  0.000000000000000  0.000000000000000  0.000000000000000  0.000000000000000  0.033866436463899  1.000000000000000  1.000000000000000 
49.0    M  0.158439065254303  0.000000000000000  0.129408115480172  0.037317599596081  0.013820944302055  0.093557686674543  0.005365766536834  0.000000000000000  0.016401823181610  0.074946244611945  0.090308149870220  0.086990399489444  0.000000000000000  0.027129382112533  0.040358042196948  0.062847536274904  0.111645731544095  0.051403129294529  0.000000000000000  0.000000000000000  0.989656656415207  0.000000000000000  0.010258758792376  0.000000000000000  0.000000000000000  0.000000000000000  0.000000000000000  0.033866436463899  1.000000000000000  1.000000000000000 
50.0    D  0.000000000000000  0.000000000000000  0.893165852352760  0.010934264574962  0.000000000000000  0.021108970070869  0.000000000000000  0.000000000000000  0.000000000000000  0.000000000000000  0.000000000000000  0.074531804520664  0.000000000000000  0.000000000000000  0.000000000000000  0.000000000000000  0.000000000000000  0.000000000000000  0.000000000000000  0.000000000000000  1.000000000000000  0.000000000000000  0.000000000000000  0.000000000000000  0.000000000000000  1.000000000000000  0.000000000000000  0.033749267494778  1.000000000000000  0.500000000000000 
51.0    T  0.090621677054928  0.000000000000000  0.000000000000000  0.106063487713237  0.025683755852964  0.000000000000000  0.000000000000000  0.162555018318560  0.050310383601320  0.098960733233909  0.028438713252528  0.011833330592789  0.000000000000000  0.007468322793701  0.013820944302055  0.000000000000000  0.063284675459406  0.334945900606960  0.005908468739390  0.000000000000000  0.507683050434715  0.000000000000000  0.492092011016900  0.000000000000000  0.000000000000000  0.000000000000000  0.000000000000000  0.033866436463899  1.000000000000000  1.000000000000000 
52.0    S  0.034196678164398  0.000000000000000  0.000000000000000  0.000000000000000  0.027834153143959  0.133138525424177  0.000000000000000  0.000000000000000  0.020948634243443  0.000000000000000  0.000000000000000  0.000000000000000  0.000000000000000  0.000000000000000  0.417254640577705  0.295452886733591  0.013405789537948  0.022514527325593  0.035060733766578  0.000000000000000  0.837987134667949  0.000000000000000  0.161992620679167  0.000000000000000  0.000000000000000  1.000000000000000  0.000000000000000  0.093687475109722  1.000000000000000  0.146909541052471 
53.0    P  0.000000000000000  0.000000000000000  0.000000000000000  0.054636163775648  0.014348065035952  0.019695365493484  0.035599480538191  0.000000000000000  0.032554482156507  0.310572070446110  0.013677989526473  0.000000000000000  0.084435880283477  0.045122787360078  0.000000000000000  0.000000000000000  0.029462016747445  0.359982829628671  0.000000000000000  0.000000000000000  0.982139595263391  0.000000000000000  0.017836792298856  0.000000000000000  0.000000000000000  1.000000000000000  0.000000000000000  0.035085044439800  1.000000000000000  0.432568345292494 
54.0    T  0.021567458646822  0.000000000000000  0.138120560599989  0.160539476123678  0.007355300504228  0.035451733904249  0.011808749439971  0.000000000000000  0.183646079159789  0.000000000000000  0.000000000000000  0.148033951481704  0.068203992315933  0.024912264891892  0.029852591761951  0.042570563582515  0.115984184558910  0.011957006014240  0.000000000000000  0.000000000000000  0.950659101229818  0.000000000000000  0.049549008538143  0.000000000000000  0.000000000000000  1.000000000000000  0.000000000000000  0.035304600455316  1.000000000000000  0.490049707670935 
55.0    G  0.008206598000084  0.010561803383032  0.013075410041928  0.144285677189605  0.017787406704295  0.161768206810357  0.024860515117341  0.000000000000000  0.119244943818445  0.000000000000000  0.000000000000000  0.021838233935173  0.000000000000000  0.085792776953432  0.066109435226152  0.289573201548661  0.036752851571593  0.000000000000000  0.000000000000000  0.000000000000000  1.000000000000000  0.000000000000000  0.000000000000000  0.000000000000000  0.000000000000000  1.000000000000000  0.000000000000000  0.034602018265134  1.000000000000000  0.440740078953585 
56.0    C  0.008753040735892  0.980779003988551  0.000000000000000  0.000000000000000  0.000000000000000  0.000000000000000  0.000000000000000  0.000000000000000  0.000000000000000  0.000000000000000  0.000000000000000  0.010272990314102  0.000000000000000  0.000000000000000  0.000000000000000  0.000000000000000  0.000000000000000  0.000000000000000  0.000000000000000  0.000000000000000  1.000000000000000  0.000000000000000  0.000000000000000  0.000000000000000  0.000000000000000  0.000000000000000  0.000000000000000  0.033913417871306  1.000000000000000  1.000000000000000 
57.0    N  0.170636714735646  0.000000000000000  0.064079202368037  0.000000000000000  0.000000000000000  0.013754047086924  0.383154990051946  0.007823337935245  0.000000000000000  0.000000000000000  0.000000000000000  0.034530140149997  0.237006741282161  0.000000000000000  0.018376425785796  0.052994997789572  0.000000000000000  0.000000000000000  0.000000000000000  0.017542522219900  0.989656656415207  0.000000000000000  0.010351617320666  0.000000000000000  0.000000000000000  0.000000000000000  0.000000000000000  0.033913417871306  1.000000000000000  1.000000000000000 
58.0    P  0.125260200634954  0.000000000000000  0.055437269072009  0.011335564123705  0.000000000000000  0.015409886007709  0.000000000000000  0.000000000000000  0.034149304346905  0.000000000000000  0.000000000000000  0.000000000000000  0.309926924984747  0.012940166583352  0.000000000000000  0.423666217473059  0.011890885787807  0.000000000000000  0.000000000000000  0.000000000000000  1.000000000000000  0.000000000000000  0.000000000000000  0.000000000000000  0.000000000000000  0.000000000000000  1.000000000000000  0.034794425569646  1.000000000000000  0.500000000000000 
59.0    A  0.426022047537433  0.027393928791126  0.024315161767357  0.060706718471352  0.000000000000000  0.090810315598211  0.000000000000000  0.000000000000000  0.011784219349114  0.000000000000000  0.000000000000000  0.024382671255428  0.017205337470281  0.000000000000000  0.000000000000000  0.035747842912619  0.120993378361717  0.046973796189549  0.113754853010112  0.000000000000000  1.000000000000000  0.000000000000000  0.000000000000000  0.000000000000000  0.000000000000000  1.000000000000000  0.000000000000000  0.034770316268276  1.000000000000000  0.500000000000000 
60.0    C  0.027223568504446  0.972654947412286  0.000000000000000  0.000000000000000  0.000000000000000  0.000000000000000  0.000000000000000  0.000000000000000  0.000000000000000  0.000000000000000  0.000000000000000  0.000000000000000  0.000000000000000  0.000000000000000  0.000000000000000  0.000000000000000  0.000000000000000  0.000000000000000  0.000000000000000  0.000000000000000  1.000000000000000  0.000000000000000  0.000000000000000  0.000000000000000  0.000000000000000  0.000000000000000  0.000000000000000  0.034939432842683  1.000000000000000  1.000000000000000 
61.0    K  0.014548356559847  0.000000000000000  0.025559439329931  0.115502821555853  0.000000000000000  0.016470178488918  0.000000000000000  0.000000000000000  0.574747424017338  0.000000000000000  0.006900898839699  0.104458369865232  0.000000000000000  0.020703234641331  0.051617354058483  0.039802421103953  0.011335564123705  0.018186352100033  0.000000000000000  0.000000000000000  1.000000000000000  0.000000000000000  0.000000000000000  0.000000000000000  0.000000000000000  0.000000000000000  0.000000000000000  0.034939432842683  1.000000000000000  1.000000000000000 
62.0    T  0.080884103405178  0.027223568504446  0.057352492644460  0.139660892259028  0.007747786958893  0.005115177433920  0.023732370153352  0.019290040732712  0.076680311078363  0.017039183322895  0.000000000000000  0.084260483233566  0.003698100122018  0.044378354954482  0.066109435226152  0.245705149636313  0.059539874877746  0.011025592526630  0.014548356559847  0.016008700359888  1.000000000000000  0.000000000000000  0.000000000000000  0.000000000000000  0.000000000000000  0.000000000000000  0.000000000000000  0.034939432842683  1.000000000000000  1.000000000000000 
63.0    C  0.000000000000000  0.982820598545251  0.000000000000000  0.000000000000000  0.000000000000000  0.000000000000000  0.000000000000000  0.000000000000000  0.000000000000000  0.000000000000000  0.016992006107108  0.000000000000000  0.000000000000000  0.000000000000000  0.000000000000000  0.000000000000000  0.000000000000000  0.000000000000000  0.000000000000000  0.000000000000000  1.000000000000000  0.000000000000000  0.000000000000000  0.000000000000000  0.000000000000000  0.000000000000000  0.000000000000000  0.034939432842683  1.000000000000000  1.000000000000000 
64.0    S  0.073353011142585  0.000000000000000  0.042807280623924  0.071198961076382  0.012006837353813  0.025506345192216  0.016164805961233  0.135090675254919  0.016769691974898  0.072242919159675  0.040864729641774  0.000000000000000  0.000000000000000  0.062500000000000  0.075834597515543  0.007932547663042  0.011187255790634  0.336575017319196  0.000000000000000  0.000000000000000  1.000000000000000  0.000000000000000  0.000000000000000  0.000000000000000  0.000000000000000  0.000000000000000  0.000000000000000  0.035329080222643  1.000000000000000  1.000000000000000 
65.0    R  0.025594896808120  0.286975603463751  0.029749309640548  0.126657112519886  0.014812921330135  0.000000000000000  0.000000000000000  0.000000000000000  0.113047422195136  0.017762765206813  0.017039183322895  0.000000000000000  0.109423916211783  0.035550163371016  0.053958722410901  0.027469986278493  0.011915637916065  0.113597264556065  0.000000000000000  0.016322433794754  0.657015813574686  0.261702570493644  0.081108672933699  0.525586454543853  0.474342157570227  0.000000000000000  0.000000000000000  0.035329080222643  0.277584708407160  1.000000000000000 
66.0    S  0.079164640857701  0.000000000000000  0.013975076590353  0.020249077584896  0.015229369232680  0.018224208902945  0.000000000000000  0.000000000000000  0.000000000000000  0.023633874957562  0.000000000000000  0.013285533751003  0.000000000000000  0.000000000000000  0.000000000000000  0.419284092220466  0.091125586176036  0.291385299533640  0.000000000000000  0.014407861217385  0.826450318154212  0.096054698830501  0.077643017611527  0.798851916449148  0.201381072762188  1.000000000000000  0.000000000000000  0.036221748497014  0.402762145524375  0.391477148128271 
67.0    T  0.031730190652170  0.000000000000000  0.032464346978052  0.118997238562191  0.014308338850283  0.012310216969521  0.015668381810954  0.157235621479502  0.065471007943737  0.021717472185037  0.049997508020797  0.031576607702711  0.000000000000000  0.053474689105163  0.039172906888772  0.108894274017782  0.150830489965095  0.077696854306496  0.000000000000000  0.018517074545962  0.992404374685819  0.007329853097661  0.000000000000000  1.000000000000000  0.000000000000000  0.889458993537898  0.110414381435183  0.035476315692065  0.474671060475260  0.436483795566881 
68.0    V  0.045185384204555  0.000000000000000  0.127273149970578  0.026078415036107  0.033632503899494  0.061256213458867  0.012577595900330  0.005065779510356  0.011210543239115  0.068015152604425  0.005827125104264  0.032940356977836  0.275094652341534  0.000000000000000  0.000000000000000  0.161992620679167  0.085436715746363  0.038473262917029  0.000000000000000  0.009950605275988  0.880869374126979  0.000000000000000  0.119410367047805  0.000000000000000  0.000000000000000  0.000000000000000  1.000000000000000  0.035304600455316  1.000000000000000  0.500000000000000 
69.0    G  0.241316756217939  0.000000000000000  0.099925728794059  0.000000000000000  0.000000000000000  0.210953949032504  0.010423618513108  0.000000000000000  0.030081076346930  0.068964608752622  0.000000000000000  0.021329589341956  0.105550110927973  0.000000000000000  0.016642315678022  0.155070912214424  0.000000000000000  0.000000000000000  0.012073602338250  0.027584468634083  0.859756486243006  0.081786129465938  0.058476468614463  0.603321959860381  0.396666921595571  1.000000000000000  0.000000000000000  0.039064446955788  0.444113397921202  0.390663940086159 
70.0    G  0.000000000000000  0.000000000000000  0.073760896458513  0.073914437515259  0.000000000000000  0.337041932934264  0.007089993400915  0.000000000000000  0.041206050452886  0.022530138616566  0.006638164055771  0.035822255804012  0.120074357994185  0.192375902520108  0.022608357591727  0.041752314949691  0.000000000000000  0.014915953345933  0.010251650426500  0.000000000000000  0.407253781535108  0.137452018664319  0.455334916795989  0.216734390878672  0.783497186949341  0.392292048948375  0.607518395952508  0.038553349056547  0.320634150690562  0.426613049056034 
71.0    R  0.065425642623411  0.000000000000000  0.000000000000000  0.000000000000000  0.000000000000000  0.122003970097028  0.000000000000000  0.023552107961850  0.070413701781080  0.018148573936339  0.000000000000000  0.024929538744032  0.408951029278891  0.014895289770127  0.070952631384129  0.013396500572409  0.000000000000000  0.167240944348264  0.000000000000000  0.000000000000000  0.921464186198704  0.022081775685668  0.056759276107594  0.831045861593648  0.168988854128516  0.098755163982922  0.901250462610830  0.050906722691888  0.446273485736488  0.170636714735646 
72.0    N  0.000000000000000  0.000000000000000  0.089684345912919  0.000000000000000  0.000000000000000  0.039774841727373  0.024298313621330  0.024535253708549  0.137071448573487  0.000000000000000  0.000000000000000  0.034891030061955  0.326238736922239  0.000000000000000  0.040864729641774  0.099649059567567  0.077804639711386  0.070024325887136  0.000000000000000  0.035231262879544  0.978741650397436  0.020992241026895  0.000000000000000  0.333324669272800  0.666649338545599  0.323536413620713  0.676424115525137  0.052775055463986  0.491069797631696  0.177636505397670 
73.0    S  0.070854338298651  0.000000000000000  0.000000000000000  0.016781319869064  0.028577034046872  0.011549706494327  0.000000000000000  0.019077289260455  0.089003137224817  0.062068280964815  0.035085044439800  0.000000000000000  0.000000000000000  0.120491225967580  0.324209888662752  0.035550163371016  0.131944214704746  0.054901904264898  0.000000000000000  0.000000000000000  1.000000000000000  0.000000000000000  0.000000000000000  0.000000000000000  0.000000000000000  0.905006462882905  0.094929480613408  0.046166814486955  1.000000000000000  0.245024853835468 
74.0    F  0.000000000000000  0.331481440074665  0.000000000000000  0.000000000000000  0.247585717983256  0.000000000000000  0.045216715183454  0.019196671569463  0.077428043611494  0.000000000000000  0.000000000000000  0.000000000000000  0.000000000000000  0.000000000000000  0.047728671811272  0.000000000000000  0.000000000000000  0.000000000000000  0.013202912256446  0.218241897783441  1.000000000000000  0.000000000000000  0.000000000000000  0.000000000000000  0.000000000000000  1.000000000000000  0.000000000000000  0.036752851571593  1.000000000000000  0.476318999021969 
75.0    Q  0.000000000000000  0.000000000000000  0.000000000000000  0.007562086147607  0.024518253059273  0.000000000000000  0.025790794016021  0.087292408279212  0.035747842912619  0.004465384122711  0.018224208902945  0.000000000000000  0.000000000000000  0.123193667117421  0.343885454534936  0.035036439938391  0.021492840908433  0.246046005508450  0.011195012893540  0.015538596385519  1.000000000000000  0.000000000000000  0.000000000000000  0.000000000000000  0.000000000000000  0.000000000000000  0.000000000000000  0.035206850890540  1.000000000000000  1.000000000000000 
76.0    C  0.000000000000000  0.972654947412286  0.000000000000000  0.000000000000000  0.000000000000000  0.000000000000000  0.000000000000000  0.000000000000000  0.000000000000000  0.000000000000000  0.000000000000000  0.000000000000000  0.000000000000000  0.000000000000000  0.000000000000000  0.000000000000000  0.027129382112533  0.000000000000000  0.000000000000000  0.000000000000000  1.000000000000000  0.000000000000000  0.000000000000000  0.000000000000000  0.000000000000000  0.000000000000000  0.000000000000000  0.035206850890540  1.000000000000000  1.000000000000000 
77.0    K  0.141905262768258  0.000000000000000  0.050906722691888  0.028164076956588  0.027073026762503  0.066292983835514  0.008986655416802  0.063857505169644  0.076574083244042  0.130398574191232  0.044842172956459  0.027641888604111  0.000000000000000  0.025085543397374  0.075519865211871  0.048462075396688  0.124740339874881  0.049377581991461  0.000000000000000  0.010244546986060  1.000000000000000  0.000000000000000  0.000000000000000  0.000000000000000  0.000000000000000  0.000000000000000  0.000000000000000  0.035206850890540  1.000000000000000  1.000000000000000 
78.0    D  0.000000000000000  0.000000000000000  0.903126510151822  0.000000000000000  0.000000000000000  0.000000000000000  0.000000000000000  0.000000000000000  0.018224208902945  0.011195012893540  0.052229184932616  0.015517070241204  0.000000000000000  0.000000000000000  0.000000000000000  0.000000000000000  0.000000000000000  0.000000000000000  0.000000000000000  0.000000000000000  0.735093668194520  0.010230354867840  0.254546299941155  0.333324669272800  0.666649338545599  0.000000000000000  0.000000000000000  0.035206850890540  0.500000000000000  1.000000000000000 
79.0    R  0.021418481327808  0.000000000000000  0.000000000000000  0.000000000000000  0.121666171769780  0.018723578458428  0.010223266183242  0.138024855895387  0.034220389712299  0.040526236082844  0.089995707407168  0.000000000000000  0.000000000000000  0.061213768599183  0.182883902588041  0.047828024056958  0.154427329640866  0.038022573707315  0.040893064732969  0.000000000000000  0.965267024871757  0.000000000000000  0.034602018265134  0.000000000000000  0.000000000000000  1.000000000000000  0.000000000000000  0.036651092163496  1.000000000000000  0.288971676638700 
80.0    V  0.014150530984653  0.000000000000000  0.000000000000000  0.000000000000000  0.177267504459932  0.004889829916617  0.023099412988654  0.246558176123340  0.060203868376259  0.097733705391074  0.006592310907266  0.032396909406866  0.000000000000000  0.010686994561738  0.046973796189549  0.015581738302376  0.113047422195136  0.072896835611779  0.000000000000000  0.077750728331154  0.967276329613932  0.000000000000000  0.032396909406866  0.000000000000000  0.000000000000000  1.000000000000000  0.000000000000000  0.038767728053606  1.000000000000000  0.500000000000000 
81.0    A  0.066893043651664  0.000000000000000  0.034031156729253  0.030543305200338  0.070364911633548  0.000000000000000  0.071248329543341  0.022112408755104  0.006857982793824  0.046811279200756  0.000000000000000  0.092205716067677  0.079770548051810  0.032061817041786  0.035847094507068  0.036071419297401  0.292396916012987  0.082755556899712  0.000000000000000  0.000000000000000  0.916368644675351  0.083794536973771  0.000000000000000  0.448133349784702  0.551716870020980  1.000000000000000  0.000000000000000  0.039857637239955  0.392564059336786  0.477641468191219 
82.0    N  0.000000000000000  0.000000000000000  0.191444749636798  0.029319412390646  0.000000000000000  0.323760749713606  0.026114592466308  0.000000000000000  0.042836962655616  0.000000000000000  0.000000000000000  0.258636895379727  0.000000000000000  0.010995065432230  0.069830446129514  0.000000000000000  0.010539863549529  0.036600318163088  0.000000000000000  0.000000000000000  1.000000000000000  0.000000000000000  0.000000000000000  0.000000000000000  0.000000000000000  0.000000000000000  0.000000000000000  0.038767728053606  1.000000000000000  1.000000000000000 
83.0    F  0.011094588738621  0.000000000000000  0.084260483233566  0.025880333166705  0.471719125447680  0.010547171758771  0.008350046806336  0.000000000000000  0.021868529149925  0.010941846256931  0.036727385263118  0.015570941606685  0.010605820155313  0.024046987815013  0.014288517023436  0.031950891581560  0.056995822844986  0.000000000000000  0.012994095287108  0.152090294829258  0.984184022033800  0.000000000000000  0.015700997194122  0.000000000000000  0.000000000000000  0.000000000000000  0.000000000000000  0.039747281460737  1.000000000000000  1.000000000000000 
84.0    C  0.021944451183406  0.733058378594605  0.000000000000000  0.000000000000000  0.011164016716727  0.000000000000000  0.000000000000000  0.013048248741068  0.000000000000000  0.000000000000000  0.000000000000000  0.000000000000000  0.200406332349848  0.000000000000000  0.000000000000000  0.000000000000000  0.000000000000000  0.010664794670978  0.000000000000000  0.009888723390393  1.000000000000000  0.000000000000000  0.000000000000000  0.000000000000000  0.000000000000000  1.000000000000000  0.000000000000000  0.040358042196948  1.000000000000000  0.484309094613314 
85.0    K  0.000000000000000  0.036931610841699  0.087716982877442  0.069252021741558  0.000000000000000  0.302498522304823  0.011257263662796  0.000000000000000  0.071297732241776  0.000000000000000  0.000000000000000  0.020249077584896  0.023324662239015  0.061298687749284  0.013489680602725  0.000000000000000  0.000000000000000  0.000000000000000  0.000000000000000  0.302708270987638  1.000000000000000  0.000000000000000  0.000000000000000  0.000000000000000  0.000000000000000  0.000000000000000  0.000000000000000  0.041463910643661  1.000000000000000  1.000000000000000 
86.0    T  0.006758880395195  0.000000000000000  0.010987446874321  0.132494097924660  0.000000000000000  0.040554336466849  0.008496003053554  0.000000000000000  0.255076164812114  0.000000000000000  0.000000000000000  0.033749267494778  0.302288918958340  0.029646384848139  0.130308220105140  0.011025592526630  0.038526635170744  0.000000000000000  0.000000000000000  0.000000000000000  1.000000000000000  0.000000000000000  0.000000000000000  0.000000000000000  0.000000000000000  0.000000000000000  0.000000000000000  0.041435180009333  1.000000000000000  1.000000000000000 
87.0    R  0.040666932982560  0.032803646363221  0.000000000000000  0.000000000000000  0.000000000000000  0.024433426347769  0.000000000000000  0.000000000000000  0.232612414425754  0.014457881688091  0.016164805961233  0.018658799798040  0.295248165357383  0.019804883156788  0.223446290589197  0.059210629412454  0.013640118611465  0.008759109984598  0.000000000000000  0.000000000000000  1.000000000000000  0.000000000000000  0.000000000000000  0.000000000000000  0.000000000000000  0.000000000000000  0.000000000000000  0.041435180009333  1.000000000000000  1.000000000000000 
88.0    C  0.000000000000000  0.956608158091874  0.000000000000000  0.000000000000000  0.000000000000000  0.000000000000000  0.000000000000000  0.000000000000000  0.000000000000000  0.000000000000000  0.000000000000000  0.000000000000000  0.032963197408377  0.000000000000000  0.010230354867840  0.000000000000000  0.000000000000000  0.000000000000000  0.000000000000000  0.000000000000000  1.000000000000000  0.000000000000000  0.000000000000000  0.000000000000000  0.000000000000000  0.000000000000000  0.000000000000000  0.041868237575870  1.000000000000000  1.000000000000000 
89.0    T  0.028301061969307  0.000000000000000  0.011148550825921  0.011743449047387  0.000000000000000  0.012140738574751  0.055939066932998  0.000000000000000  0.321970407377456  0.000000000000000  0.000000000000000  0.057911753868148  0.011727180449331  0.000000000000000  0.017074652173452  0.072393300387165  0.399425958224574  0.000000000000000  0.000000000000000  0.000000000000000  0.940174202509126  0.059788009880742  0.000000000000000  0.332632260270172  0.667574151647954  0.000000000000000  0.000000000000000  0.042541066140609  0.453130969133667  1.000000000000000 
90.0    N  0.085733330536912  0.000000000000000  0.040921419471361  0.093687475109722  0.000000000000000  0.000000000000000  0.054939972556987  0.000000000000000  0.157453747493425  0.000000000000000  0.000000000000000  0.030227385300435  0.341746862985452  0.000000000000000  0.000000000000000  0.169458040850000  0.025988190574216  0.000000000000000  0.000000000000000  0.000000000000000  1.000000000000000  0.000000000000000  0.000000000000000  0.000000000000000  0.000000000000000  0.000000000000000  0.000000000000000  0.048227505470592  1.000000000000000  1.000000000000000 
91.0    A  0.618137630460476  0.000000000000000  0.056719947207323  0.052958277184132  0.000000000000000  0.000000000000000  0.000000000000000  0.045060277233132  0.000000000000000  0.000000000000000  0.000000000000000  0.000000000000000  0.000000000000000  0.000000000000000  0.189333289484622  0.000000000000000  0.000000000000000  0.037864770638445  0.000000000000000  0.000000000000000  1.000000000000000  0.000000000000000  0.000000000000000  0.000000000000000  0.000000000000000  0.000000000000000  0.000000000000000  0.130398574191232  1.000000000000000  1.000000000000000 
92.0    A  1.000000000000000  0.000000000000000  0.000000000000000  0.000000000000000  0.000000000000000  0.000000000000000  0.000000000000000  0.000000000000000  0.000000000000000  0.000000000000000  0.000000000000000  0.000000000000000  0.000000000000000  0.000000000000000  0.000000000000000  0.000000000000000  0.000000000000000  0.000000000000000  0.000000000000000  0.000000000000000  1.000000000000000  0.000000000000000  0.000000000000000  1.000000000000000  0.000000000000000  0.000000000000000  0.000000000000000  0.204901151909379  1.000000000000000  1.000000000000000 
