No:  residues  hmm_col_1  hmm_col_2  hmm_col_3  hmm_col_4  hmm_col_5  hmm_col_6  hmm_col_7  hmm_col_8  hmm_col_9  hmm_col_10  hmm_col_11  hmm_col_12  hmm_col_13  hmm_col_14  hmm_col_15  hmm_col_16  hmm_col_17  hmm_col_18  hmm_col_19  hmm_col_20  hmm_col_21   hmm_col_22   hmm_col_23   hmm_col_24   hmm_col_25   hmm_col_26   hmm_col_27   hmm_col_28   hmm_col_29   hmm_col_30   
1.0    M  0.000000000000000  0.000000000000000  0.000000000000000  0.000000000000000  0.021762679385454  0.000000000000000  0.000000000000000  0.000000000000000  0.013084476367319  0.081164912670618  0.787307976569203  0.024620433939042  0.000000000000000  0.000000000000000  0.000000000000000  0.047333322371155  0.024518253059273  0.000000000000000  0.000000000000000  0.000000000000000  0.951977908497532  0.038313589376661  0.009645020366356  0.739181215636921  0.260797148382465  0.000000000000000  0.000000000000000  0.023732370153352  0.474671060475260  1.000000000000000 
2.0    T  0.159099366909493  0.000000000000000  0.007483868892365  0.009099481144285  0.000000000000000  0.080325396091836  0.000000000000000  0.000000000000000  0.000000000000000  0.000000000000000  0.021507743774855  0.000000000000000  0.040779842115280  0.000000000000000  0.018984949873516  0.579146403097322  0.059251685320540  0.024163948045479  0.000000000000000  0.000000000000000  0.898132372883934  0.089064850884299  0.012806321994336  0.539614118252214  0.460412848602520  1.000000000000000  0.000000000000000  0.022436632978491  0.427501088945986  0.500000000000000 
3.0    G  0.051118878659861  0.000000000000000  0.000000000000000  0.012140738574751  0.000000000000000  0.516915368123982  0.013322420183874  0.029728696135369  0.066384949155961  0.000000000000000  0.018010724168732  0.017229205672952  0.024298313621330  0.043555538708983  0.000000000000000  0.167125061925642  0.040107059298841  0.000000000000000  0.000000000000000  0.000000000000000  0.993092495437036  0.000000000000000  0.006628967982077  0.000000000000000  0.000000000000000  0.000000000000000  1.000000000000000  0.019695365493484  1.000000000000000  0.494485458190466 
4.0    R  0.025862400502444  0.030332327180298  0.000000000000000  0.007877753553864  0.000000000000000  0.233743799437864  0.000000000000000  0.000000000000000  0.195467410782148  0.017457611532378  0.000000000000000  0.000000000000000  0.000000000000000  0.007304493732433  0.370616752450709  0.055168937268166  0.044409126349417  0.000000000000000  0.011759740214149  0.000000000000000  0.899378312147752  0.072092850316251  0.028320685570854  0.431071772508798  0.569197014537439  1.000000000000000  0.000000000000000  0.017591227908387  0.457232544749951  0.489031736723670 
5.0    G  0.051724801004888  0.010554485035435  0.009105790610426  0.000000000000000  0.000000000000000  0.644387315242508  0.022297101651842  0.000000000000000  0.042393885232740  0.000000000000000  0.008734858210671  0.044102370106522  0.032826392000336  0.017433426911328  0.000000000000000  0.044656066866909  0.036829356494115  0.025683755852964  0.009213723377041  0.000000000000000  0.955945317593742  0.018971795068673  0.025295069267107  0.339151081861918  0.660669202829133  0.000000000000000  1.000000000000000  0.016030908520893  0.477641468191219  0.481297221550876 
6.0    K  0.009854511006494  0.000000000000000  0.000000000000000  0.019873640730368  0.008292368819920  0.027892092858531  0.036676505571292  0.000000000000000  0.608361179317034  0.000000000000000  0.000000000000000  0.015452670568452  0.019887420863687  0.041063488348418  0.060162152693859  0.025826572442319  0.086509357253217  0.040274207202657  0.000000000000000  0.000000000000000  0.913198250011992  0.042985681816867  0.043980261728919  0.703196599956560  0.296684199414133  0.846745312362527  0.153360622156726  0.012242143546083  0.421907898065009  0.449689156073876 
7.0    G  0.141905262768258  0.000000000000000  0.023584780758134  0.053400608805608  0.008132981231907  0.443498152576075  0.000000000000000  0.000000000000000  0.065335006262823  0.031664278129971  0.006578616825066  0.000000000000000  0.017039183322895  0.039912929974856  0.009820416988452  0.086629367853151  0.047006367230897  0.017373111836205  0.000000000000000  0.008200911590805  0.913198250011992  0.025862400502444  0.060664654360597  0.210953949032504  0.788946840852465  0.208627320288852  0.791685865871272  0.011438169499575  0.458819941155683  0.426908857195622 
8.0    G  0.127449710374774  0.000000000000000  0.016898043179432  0.011033237534256  0.000000000000000  0.487339815445774  0.000000000000000  0.058842404033825  0.071743900865938  0.000000000000000  0.019090517213648  0.012276133072931  0.026552656223083  0.030798416779355  0.021270533070304  0.084494427064258  0.032329611922466  0.000000000000000  0.000000000000000  0.000000000000000  0.952637998043937  0.047695600280017  0.000000000000000  0.523768063549899  0.476318999021969  0.683020128377198  0.317097849831467  0.012081974022739  0.445655247948486  0.385285554179204 
9.0    K  0.077213664820433  0.000000000000000  0.000000000000000  0.030081076346930  0.000000000000000  0.133878852898932  0.026296233821418  0.004471578752339  0.479632059662632  0.020545980628204  0.000000000000000  0.013984766733250  0.000000000000000  0.000000000000000  0.096856991369896  0.093104841445169  0.024063661694877  0.000000000000000  0.000000000000000  0.000000000000000  0.918912883479050  0.029687511964840  0.051510130309578  0.149063609041329  0.850863729506541  0.142299253634360  0.857376036634172  0.010394758133443  0.455019412040450  0.456282744271726 
10.0    G  0.133693385985656  0.000000000000000  0.064793818813733  0.013907433332070  0.000000000000000  0.330792859977030  0.000000000000000  0.026479138592066  0.079604842207906  0.004186615088032  0.000000000000000  0.024552266145862  0.015635834179103  0.015744590006414  0.040358042196948  0.056995822844986  0.039554893561571  0.129947429396910  0.023798261557863  0.000000000000000  0.919550046151658  0.022828818414776  0.057352492644460  0.233905874457850  0.765778998547191  0.218696191226455  0.781327880172317  0.010209103546040  0.473028823362798  0.413798408039103 
11.0    L  0.062934721878545  0.011800567074710  0.000000000000000  0.004736378199460  0.016187230680625  0.082870360018666  0.019343598294335  0.000000000000000  0.248789930455021  0.159762420400381  0.077912574642194  0.040079268836320  0.018453010334836  0.056484545421943  0.063416409161305  0.111259466656562  0.010387555532670  0.015646675870490  0.000000000000000  0.000000000000000  0.954621014139717  0.000000000000000  0.045060277233132  0.093752436830364  0.906261938267334  0.189464570813800  0.810565119885309  0.009665097489744  0.476649272644080  0.380244688310252 
12.0    G  0.130398574191232  0.000000000000000  0.019970302550048  0.080604265665993  0.000000000000000  0.341273429471292  0.008269409334962  0.018697640050480  0.059622471909222  0.022781396544009  0.007452808988653  0.033077637339848  0.038128140946007  0.016550286479436  0.022127741222102  0.104024841838941  0.074531804520664  0.010995065432230  0.011485838565539  0.000000000000000  0.917639882311365  0.025898278265250  0.056211144509235  0.461371246326899  0.538493188096524  0.525950889601936  0.474013482564323  0.007525483547032  0.432568345292494  0.351842093831349 
13.0    K  0.059581159080510  0.000000000000000  0.004910208494226  0.035133716368082  0.000000000000000  0.140145759753564  0.024791682599723  0.013120804577252  0.388503634392025  0.009957504900932  0.011040887842834  0.000000000000000  0.031906628928350  0.068488235402981  0.063284675459406  0.085436715746363  0.029728696135369  0.034078366645789  0.000000000000000  0.000000000000000  0.872967591133763  0.000000000000000  0.126920762608679  0.000000000000000  0.000000000000000  0.397492625474487  0.602486157497393  0.008644510571033  1.000000000000000  0.376833727389595 
14.0    G  0.180866860733816  0.000000000000000  0.015953314464175  0.008656502717695  0.009005362084366  0.354289349127054  0.009061716050824  0.012140738574751  0.070805242830987  0.014619117153616  0.000000000000000  0.020025748815003  0.041492661199451  0.010230354867840  0.010438078737423  0.135653671485226  0.074531804520664  0.025772923394065  0.000000000000000  0.006542238183660  0.867538687152068  0.041234622211653  0.091315273659105  0.656560562712076  0.343647173893007  0.150621539374348  0.849096246446840  0.007943552135093  0.456282744271726  0.291587342447117 
15.0    G  0.119079749755492  0.000000000000000  0.030948214747907  0.009847682746742  0.006824788249349  0.401090583176243  0.000000000000000  0.009131072254385  0.134064577102243  0.006015915423719  0.000000000000000  0.041063488348418  0.034007576302213  0.019928818619977  0.022797192878753  0.108517528450130  0.038154578520910  0.018607138271328  0.000000000000000  0.000000000000000  0.997231251352069  0.000000000000000  0.002985110392119  0.000000000000000  0.000000000000000  0.020818356642063  0.979420297586927  0.007179006902180  1.000000000000000  0.261340025051291 
16.0    A  0.194926210652831  0.000000000000000  0.044286168640882  0.011890885787807  0.000000000000000  0.055360469943898  0.024214247842474  0.084318908396231  0.191843262000111  0.044378354954482  0.011694710834318  0.019777446780786  0.089498046325071  0.032464346978052  0.045784402331604  0.074531804520664  0.042423280621250  0.032509383328812  0.000000000000000  0.000000000000000  0.903126510151822  0.040246300922182  0.056602123938614  0.333324669272800  0.666649338545599  0.200128702664076  0.799960128332753  0.005900283537355  0.434973676354325  0.259714775824416 
17.0    K  0.023292349793733  0.007094909513449  0.000000000000000  0.010308655552913  0.000000000000000  0.019196671569463  0.025365299405540  0.006049367405103  0.505926600513464  0.021182255106250  0.000000000000000  0.000000000000000  0.042276507220321  0.070121467533155  0.194521294138855  0.035427169149326  0.039254449410735  0.000000000000000  0.000000000000000  0.000000000000000  0.951318276331799  0.007715631730042  0.041035035169505  1.000000000000000  0.000000000000000  0.143289023216047  0.856781954768570  0.004971855215922  0.488015880388112  0.253314225039771 
18.0    R  0.057992092279455  0.000000000000000  0.021403640311962  0.246216610723888  0.000000000000000  0.012430257558671  0.016980232226970  0.009929935072701  0.186080656895817  0.005539609514373  0.006332539999104  0.000000000000000  0.024013674707625  0.038154578520910  0.300200856871302  0.050415109951383  0.017074652173452  0.007324774191071  0.000000000000000  0.000000000000000  0.974004268543241  0.006886563733650  0.019156794688331  0.123964591342287  0.875998315067126  0.259894858793820  0.740206649000025  0.004759415092481  0.462331639056850  0.230685623163450 
19.0    H  0.048428495684948  0.000000000000000  0.019464647118273  0.017948411796829  0.003212695580908  0.032871930600121  0.162104944331376  0.326464946772229  0.091823039579894  0.020446532366485  0.004792519442398  0.019117000642685  0.009348820025240  0.030819772015417  0.054636163775648  0.049411819787746  0.046166814486955  0.049617745683228  0.000000000000000  0.013340901787363  0.970634469769547  0.008698606392412  0.020934118787935  0.427501088945986  0.572362080299342  0.251913440102626  0.747942879181195  0.005168638437141  0.475000191437443  0.264988195849320 
20.0    R  0.027776333786455  0.020919613390288  0.015887104270187  0.013744516811288  0.000000000000000  0.023195680791079  0.031185084968720  0.023947186878247  0.149477474597016  0.026369243629063  0.018788582014034  0.020603025226443  0.040302132832996  0.028379638053797  0.480630464194381  0.031336763621909  0.027950153180706  0.011654250208527  0.000000000000000  0.007971130150379  0.974004268543241  0.004449935067274  0.021507743774855  0.608361179317034  0.391477148128271  0.790041311863377  0.209932873236035  0.004674410012620  0.476649272644080  0.277969789379277 
21.0    K  0.052665426843947  0.005190178961314  0.006262697885933  0.019236631458514  0.012665079998208  0.010401965728409  0.037838533873455  0.005974360460480  0.394200087028139  0.021898866391887  0.007572576694805  0.031642337729703  0.040808118346529  0.020731955321831  0.221749076288037  0.064569649230258  0.018224208902945  0.017493951385222  0.000000000000000  0.010896434893363  0.991029563264079  0.001822330061595  0.007269137950805  0.500000000000000  0.500000000000000  0.767373048000443  0.232612414425754  0.004151936227963  0.496546247718518  0.406689599066063 
22.0    I  0.028676246322230  0.008099227351717  0.010251650426500  0.016968466505036  0.045122787360078  0.018287478773040  0.022797192878753  0.080492601844364  0.095061172077563  0.087777804733625  0.036322315859941  0.009049162548396  0.036171569280941  0.029319412390646  0.049997508020797  0.057392260143808  0.037786114869793  0.091315273659105  0.000000000000000  0.238986329398436  0.981459063853479  0.005215423059750  0.013039207518053  0.286975603463751  0.713012858682070  0.299784978447778  0.700278160443602  0.003911668967622  0.470413053756894  0.467811748915700 
23.0    L  0.033913417871306  0.000000000000000  0.008899870134548  0.042807280623924  0.013715965587649  0.009175484150107  0.015581738302376  0.036625696364829  0.043737058299850  0.101250434204006  0.006583178355493  0.021537580515244  0.027148193285957  0.299369676154732  0.040358042196948  0.212568540016049  0.061554152680972  0.020319377289820  0.000000000000000  0.004766017618251  0.986916545885842  0.010452559021767  0.002446610231688  1.000000000000000  0.000000000000000  0.351842093831349  0.647970482716667  0.003692977018558  0.484980955170867  0.447822835045425 
24.0    R  0.032284824615129  0.006363340336486  0.027469986278493  0.062760471452436  0.000000000000000  0.017506081471784  0.035402621415494  0.005908468739390  0.315563008028029  0.022235366581791  0.010365977660915  0.015942260300757  0.012682649702770  0.027185854772145  0.309926924984747  0.064212589961185  0.019117000642685  0.009902441578394  0.000000000000000  0.005269931774764  0.986916545885842  0.004726539411013  0.008490116113485  0.067078767899591  0.933032991536807  0.000000000000000  1.000000000000000  0.003372420150681  0.489710148793463  0.461691155364697 
25.0    D  0.039472726932681  0.003525393466650  0.168988854128516  0.089746531913965  0.012327294388320  0.042452696392155  0.025862400502444  0.010152648925433  0.018453010334836  0.024826075003003  0.006310631075075  0.035599480538191  0.006515086279883  0.014397877909355  0.020890632740705  0.381300413314071  0.081503170953660  0.003111875376116  0.003153129197284  0.011565728890625  0.987600861445373  0.010026764824710  0.002387969292367  0.217788548035564  0.782411781736511  0.391477148128271  0.608361179317034  0.003131348942966  0.485990493990676  0.443805668634749 
26.0    N  0.070072879876782  0.015092755139451  0.065380308737033  0.034770316268276  0.012310216969521  0.078508898821470  0.002260723080059  0.012115518849172  0.050695447223565  0.009551877169469  0.004700402445311  0.069975805540890  0.015409886007709  0.071893243334413  0.035723072981689  0.137547326170767  0.252088113723649  0.028755864082027  0.008326927625531  0.024860515117341  0.979420297586927  0.012525395771866  0.008043281901828  0.104966436618018  0.895025070927972  0.309926924984747  0.690158676698315  0.002929763650949  0.473685035299634  0.454389058224260 
27.0    I  0.017836792298856  0.004716721060494  0.179991414814336  0.201660439805532  0.006236706143411  0.019357010902874  0.008060024838292  0.085082132281217  0.091062444618626  0.060496689180859  0.017445515030978  0.073658712988230  0.010858736092518  0.025382887386132  0.121245238792717  0.029873291174804  0.017157700215423  0.022127741222102  0.003109719135855  0.004726539411013  0.964598184584138  0.019777446780786  0.015920174947136  0.442576882289773  0.557483109363849  0.465870214652387  0.534032704023926  0.003007957711860  0.430773079856009  0.439824537961218 
28.0    Q  0.126481650128366  0.007551610133320  0.022066475068512  0.027110583973502  0.037369368649254  0.027073026762503  0.046327094056339  0.031906628928350  0.024603374267788  0.300825756499876  0.022051185053261  0.026552656223083  0.028775803037658  0.045752677998301  0.079219532627152  0.047398985792951  0.040978187944239  0.042042725266307  0.000000000000000  0.015854102290326  0.944747040997206  0.053031743856619  0.002238890987751  0.433468781757343  0.566441942647899  0.829319545814442  0.170755032094299  0.002820174210005  0.346757742282846  0.385018587118036 
29.0    G  0.046391361582158  0.003936147501604  0.024569290379385  0.073965688859536  0.031206708315657  0.147624082678691  0.014467906601989  0.053734780390188  0.030081076346930  0.237829569082950  0.014150530984653  0.028164076956588  0.007114608074937  0.080828058242968  0.023389421668636  0.070267432736164  0.028676246322230  0.035304600455316  0.003030979899511  0.045248067886861  0.886996305152150  0.112890813768978  0.000000000000000  0.471719125447680  0.528142812675929  0.903126510151822  0.096856991369896  0.002777494942553  0.143587294374629  0.466516495768404 
30.0    I  0.010828670981644  0.003144398975083  0.000000000000000  0.000000000000000  0.214492632607173  0.000000000000000  0.003644660123191  0.297920643643512  0.000000000000000  0.339151081861918  0.020277168233425  0.006412043818832  0.010503398391817  0.006049367405103  0.002463627751624  0.011990203875007  0.009049162548396  0.050977343333688  0.003775805066660  0.009485897534336  0.978063473447339  0.000811005882901  0.021167577773209  0.041607862913637  0.958599438492977  0.697371833175203  0.302918165107561  0.002731672036599  0.492774668469685  0.492433221447775 
31.0    T  0.028261855548784  0.004792519442398  0.001812252883733  0.003582047043768  0.013706461698950  0.011343424061749  0.005589752031340  0.003033081542973  0.018555619782397  0.015625000000000  0.000000000000000  0.020746330599726  0.585605090609405  0.010635266535152  0.083388948104861  0.087413505171154  0.077160162930846  0.011808749439971  0.003271119091830  0.013630667277668  0.993781093322555  0.005168638437141  0.001326646762255  0.301870147871624  0.698339266233699  0.142595464483553  0.857376036634172  0.002756398131658  0.466193243218416  0.394200087028139 
32.0    K  0.025120343460723  0.002859542374894  0.003949812815825  0.007710285514733  0.008240799352094  0.005332397335489  0.012447501504462  0.063284675459406  0.333093706273005  0.086809695985319  0.014199658069508  0.022452190258501  0.020992241026895  0.031620412532092  0.125695072549809  0.026132699997314  0.028676246322230  0.174827010342308  0.003214923223745  0.003464829317001  0.995159721820083  0.001302952314138  0.003419497381618  1.000000000000000  0.000000000000000  0.000000000000000  1.000000000000000  0.002618579280430  0.499307333050514  0.401646998378517 
33.0    P  0.271872097713721  0.003682752093431  0.064034801439550  0.039445376003504  0.004856053394156  0.113991645689971  0.004437614315573  0.024998754010399  0.020588749245846  0.109120948891720  0.011743449047387  0.015019702006074  0.055745532463756  0.011948720920959  0.025862400502444  0.159320078414908  0.049070507417098  0.008716713455664  0.002335585540578  0.003235041645838  0.984866442895551  0.015134659206666  0.000000000000000  0.382094130191292  0.618137630460476  0.000000000000000  1.000000000000000  0.002618579280430  0.452816991508911  0.383154990051946 
34.0    A  0.132677901118724  0.019437682082789  0.012931200251222  0.010430846119499  0.007710285514733  0.005727018582770  0.010768790257622  0.034915223064757  0.040978187944239  0.018568486016515  0.007473501235093  0.049377581991461  0.165625877130651  0.011874412940637  0.206326352128164  0.085318357367823  0.095061172077563  0.047366142703450  0.001634426255241  0.035747842912619  0.973329374158238  0.023732370153352  0.002710923279327  0.472373520498603  0.527776858818983  0.000000000000000  1.000000000000000  0.002559362116911  0.394746943350277  0.383154990051946 
35.0    I  0.008638520729065  0.001808488325249  0.000000000000000  0.000000000000000  0.186726682139043  0.001999700977399  0.000000000000000  0.339857060476685  0.000000000000000  0.083504629899381  0.041984482053791  0.000000000000000  0.000000000000000  0.000000000000000  0.002760221960708  0.004477781975501  0.016619260513956  0.307146745111412  0.003253030355002  0.001373430859290  0.994470168673214  0.000000000000000  0.005388128600887  0.000000000000000  0.000000000000000  0.718470088272032  0.281264621172202  0.002479044699257  1.000000000000000  0.376311686852767 
36.0    R  0.076362068854594  0.012225184089633  0.031884520601514  0.053105312446166  0.005388128600887  0.033539383949795  0.083042863381032  0.011800567074710  0.202360554136852  0.012233660879008  0.012931200251222  0.032195436050627  0.007976657232087  0.132402291835485  0.126044056861824  0.068393356328796  0.041839226780576  0.025120343460723  0.002135811440400  0.028996046139728  0.995849753094458  0.001936946739723  0.001990021868392  0.109956134490304  0.890075733252496  0.306296332976169  0.693515484565693  0.002470467856160  0.471719125447680  0.447512535463986 
37.0    R  0.041984482053791  0.006095667813857  0.031554728049896  0.034172983046395  0.000000000000000  0.010308655552913  0.026960667016958  0.003812624065532  0.155178436440764  0.019956464987428  0.005295563776563  0.013946046429265  0.000000000000000  0.046649324478030  0.500346693731290  0.053363607149453  0.019545766876770  0.027508094173848  0.000000000000000  0.003498615898792  0.983502074026248  0.001702652811596  0.014608987464866  1.000000000000000  0.000000000000000  0.656105627295980  0.343647173893007  0.002306626291855  0.498961359499525  0.455650640318571 
38.0    L  0.015452670568452  0.004645340292979  0.000000000000000  0.007801677078914  0.044194173824159  0.002057345773349  0.016345077184258  0.258816230960344  0.010746420454217  0.404160434402784  0.053474689105163  0.002968603235159  0.000000000000000  0.008820034412548  0.003540085696357  0.013039207518053  0.010061575230546  0.113676031475092  0.003022587878012  0.027185854772145  0.996540262827868  0.002584319218571  0.000626238575568  0.317537745634697  0.682546858942583  0.721464343430814  0.278548412704833  0.002358360530247  0.454389058224260  0.440129506781575 
39.0    A  0.206040521238310  0.030926770512975  0.000000000000000  0.000000000000000  0.010474317121721  0.010459806695144  0.003871209231500  0.115342811581725  0.002475610394598  0.258636895379727  0.122173220801351  0.002917604408423  0.007334935525902  0.002889428729002  0.006381007743047  0.011735311929226  0.003572129255859  0.204759174464957  0.000000000000000  0.000000000000000  0.993092495437036  0.006560402288626  0.000488958620953  0.216584214100022  0.783497186949341  0.349654020684615  0.650220073274240  0.002292281598206  0.466839972457657  0.481964903870322 
40.0    R  0.017349044275447  0.008862933476062  0.007345110957103  0.077589218220382  0.003609463173620  0.003170662425692  0.022297101651842  0.002828004242929  0.366021423986406  0.017373111836205  0.008801712722635  0.016243428674614  0.003325991045894  0.072695002596741  0.321524370857651  0.021211640310625  0.017738157846032  0.006066163085946  0.006083005398919  0.000000000000000  0.985549336939371  0.007437327410137  0.007006938747359  0.309712174445977  0.690158676698315  0.593368398828266  0.406407800992160  0.002287519885193  0.464258426153364  0.486327473706143 
41.0    R  0.051976381148432  0.009793226722193  0.057074890625749  0.293005570918628  0.002828004242929  0.021108970070869  0.010351617320666  0.004524581274198  0.094469995519764  0.024080347136200  0.009854511006494  0.040079268836320  0.002645947221651  0.076839929203411  0.096722812096399  0.155070912214424  0.040779842115280  0.007489058113226  0.000000000000000  0.001382025547194  0.961927454664775  0.037265902260332  0.000579461326981  0.201241534405280  0.798851916449148  0.143090520074836  0.856781954768570  0.002156638373365  0.379981214100379  0.469110598250336 
42.0    G  0.101601950248040  0.019600034445641  0.078291527414008  0.009459633468364  0.013878543685038  0.146909541052471  0.018568486016515  0.179368691825838  0.017787406704295  0.057831526752366  0.042541066140609  0.029894004940371  0.004762715211236  0.013706461698950  0.029016151634585  0.053697547184199  0.022436632978491  0.153466960489383  0.001770042848178  0.005373210227108  0.816768991110023  0.178006274449634  0.005474716597972  0.278548412704833  0.721464343430814  0.432868282759829  0.567227742467977  0.002150667183785  0.122852574818156  0.459456441739525 
43.0    G  0.063460381304339  0.006896117158521  0.090684512989636  0.023897441841918  0.005325010184697  0.354289349127054  0.042217940141739  0.021717472185037  0.023373214974412  0.085733330536912  0.007041019239147  0.070024325887136  0.029584800976147  0.009074286968170  0.023930593704600  0.056602123938614  0.062673527243817  0.016607744911852  0.000000000000000  0.006915263785778  0.835087919428369  0.156041318612701  0.008644510571033  0.302079460847486  0.697855382061083  0.682546858942583  0.317537745634697  0.002188260183973  0.136219014026666  0.432268615653933 
44.0    V  0.080660155653236  0.014023594541676  0.069782060123911  0.019518689463334  0.063990431276778  0.027242444985533  0.027261334555336  0.095656048113917  0.021388809579560  0.038075320739850  0.011048543456040  0.049070507417098  0.135184345435452  0.015997607819194  0.018504243935213  0.036524289017539  0.010525262319263  0.184667257947820  0.001338655082988  0.079549683454746  0.601234624449089  0.383420664918273  0.015388538170243  0.609205131837596  0.390934821564297  0.588861394797491  0.411225034356232  0.002167127875133  0.024315161767357  0.426022047537433 
45.0    K  0.050800975124020  0.009698652277548  0.035847094507068  0.105916554368265  0.034054753506667  0.059788009880742  0.025988190574216  0.042423280621250  0.116790918360398  0.111723145294598  0.041492661199451  0.041349107497129  0.015733680469636  0.050136322897030  0.036423162441705  0.054033576956742  0.088941466327162  0.048160694272400  0.002121058313129  0.028636520146105  0.937571096457110  0.019942637012952  0.042393885232740  0.733566672083662  0.266646445207941  0.758383772687221  0.241651524266243  0.002159630182266  0.376572616658453  0.389042588277709 
46.0    R  0.013267128850732  0.017193415771346  0.021537580515244  0.036829356494115  0.003153129197284  0.040386025957422  0.023535788541153  0.017015578364627  0.102521613899591  0.030248344590429  0.036221748497014  0.050450067156548  0.017074652173452  0.040274207202657  0.414085330667273  0.078508898821470  0.035500914524584  0.011102281587354  0.004126115724031  0.006948898387015  0.988970916380931  0.004055231525559  0.006768256690626  0.210515738402104  0.789493886700555  0.832198734711525  0.167821562847533  0.002198903488548  0.481964903870322  0.341746862985452 
47.0    I  0.054221167947004  0.031840349894273  0.002444914958309  0.000000000000000  0.126394010106413  0.003488929110753  0.001740840812299  0.294839148065304  0.000000000000000  0.130760617474066  0.034650020112596  0.000000000000000  0.004069310269563  0.001934263421744  0.001421864793944  0.005900283537355  0.018814646581741  0.208916739730463  0.036778335538086  0.041665583659100  1.000000000000000  0.000000000000000  0.000000000000000  0.000000000000000  0.000000000000000  0.422786143688758  0.577142708758419  0.002146199643705  1.000000000000000  0.436483795566881 
48.0    S  0.080269738061839  0.002330733873109  0.042718357873182  0.063328556259943  0.003549914517377  0.103163176064082  0.009678505451437  0.003941607944706  0.010873799936180  0.003584530790279  0.000000000000000  0.049893649147291  0.021642335439233  0.133600748901376  0.026132699997314  0.362235538638720  0.076680311078363  0.002153650709119  0.001928907932510  0.002338825594959  0.991716730738293  0.001476093679996  0.006958538285990  1.000000000000000  0.000000000000000  0.000000000000000  1.000000000000000  0.002129897915362  0.491410299272626  0.463936738235641 
49.0    A  0.158000387306601  0.006336930902946  0.077696854306496  0.066523136403335  0.002274870286071  0.052120690239060  0.011296346051139  0.003153129197284  0.160985203688728  0.007468322793701  0.007427024228358  0.040218413978165  0.095061172077563  0.047366142703450  0.042688758023575  0.164367845025634  0.025737219289612  0.024399577893981  0.001465897556166  0.005470923128466  0.997231251352069  0.001396469713244  0.001419895036446  0.125000000000000  0.874784764905822  0.255784367433608  0.744322627583270  0.002143226440584  0.498961359499525  0.442270217665770 
50.0    M  0.064257114166004  0.002769804757186  0.223911417522712  0.215685336135664  0.005090418552200  0.074894313833714  0.011549706494327  0.006258358418669  0.046294993688135  0.026700304402804  0.010131559020711  0.029400815859806  0.021403640311962  0.050520054300348  0.041263213781719  0.104313660144426  0.052665426843947  0.010244546986060  0.000000000000000  0.002743056397926  0.988970916380931  0.003908958544776  0.006791754375703  0.241651524266243  0.758383772687221  0.214492632607173  0.785672516667580  0.002152158429447  0.475000191437443  0.446273485736488 
51.0    I  0.527411158534031  0.029914733068603  0.003562238927812  0.002383008809125  0.025242524300300  0.013773127467300  0.002847674568001  0.057591511637419  0.000000000000000  0.015356571852270  0.009598335784732  0.000000000000000  0.003262062185267  0.000000000000000  0.002008034817688  0.067311648512066  0.073353011142585  0.163572258931876  0.000000000000000  0.002798753223385  0.998614666101029  0.001059794308478  0.000000000000000  0.066661611301985  0.933032991536807  0.162893393670412  0.836826242683391  0.002153650709119  0.500000000000000  0.431669779287206 
52.0    Y  0.090873282332519  0.007667648936355  0.005867655964613  0.031950891581560  0.015887104270187  0.005350910077990  0.003557304037469  0.120491225967580  0.062456693311903  0.175921046915675  0.054522669110672  0.003298440966499  0.118175264593843  0.006768256690626  0.050485048600601  0.040779842115280  0.014457881688091  0.111259466656562  0.000000000000000  0.080269738061839  0.994470168673214  0.002937897951931  0.002554045602611  0.673616788432845  0.326464946772229  0.000000000000000  1.000000000000000  0.002150667183785  0.489710148793463  0.442576882289773 
53.0    E  0.069108165832517  0.006398724202030  0.106063487713237  0.179493063827929  0.023568438698228  0.037265902260332  0.016187230680625  0.062111318332660  0.048934643516034  0.078945453865362  0.020531744174209  0.042452696392155  0.011702819800189  0.036676505571292  0.016142412307565  0.040864729641774  0.030290306779221  0.162104944331376  0.005928981456930  0.005168638437141  0.996540262827868  0.000000000000000  0.003214923223745  0.000000000000000  0.000000000000000  0.214047071136614  0.785672516667580  0.002158133759375  1.000000000000000  0.433468781757343 
54.0    E  0.268873597614345  0.031511014215456  0.011343424061749  0.072846324883410  0.030628106729433  0.006483551449922  0.010620533139896  0.062240609568404  0.005613047564625  0.134250558952516  0.023163547028169  0.005251699195909  0.009137403625406  0.044718016250716  0.006241030597259  0.042423280621250  0.061639544030835  0.061939347704005  0.000000000000000  0.111105335145821  0.996540262827868  0.002701544197287  0.000532843689968  0.062500000000000  0.937571096457110  0.000000000000000  1.000000000000000  0.002168630534431  0.493800430722686  0.437695664847132 
55.0    T  0.015646675870490  0.007154169425142  0.000000000000000  0.000000000000000  0.058638824781292  0.003629533883793  0.000000000000000  0.130217928626028  0.000000000000000  0.514056913328033  0.109727724701190  0.000000000000000  0.003955292216213  0.006057759424586  0.003474449193507  0.029543816148461  0.029852591761951  0.083968964107581  0.000000000000000  0.004268663043363  0.999307092990453  0.000706021628196  0.000000000000000  0.099995016041594  0.900001929793512  0.000000000000000  1.000000000000000  0.002168630534431  0.500000000000000  0.430773079856009 
56.0    R  0.229728220869763  0.013602352551502  0.020460709735681  0.016401823181610  0.001755381106662  0.015166163590149  0.015506318354466  0.015942260300757  0.010843693117309  0.071495685825238  0.025418099941629  0.036829356494115  0.000000000000000  0.193982713568714  0.082870360018666  0.102237757319723  0.106505511884358  0.039500096826650  0.000000000000000  0.001776187991798  1.000000000000000  0.000000000000000  0.000000000000000  0.000000000000000  0.000000000000000  0.000000000000000  1.000000000000000  0.002168630534431  1.000000000000000  0.430773079856009 
57.0    G  0.152512563784028  0.005516618767128  0.098550021757035  0.291385299533640  0.004982204654994  0.057591511637419  0.006241030597259  0.002557588716960  0.115903818304433  0.011390698272005  0.007457976672967  0.028458432299749  0.007411596212035  0.035085044439800  0.071545260037418  0.056916864599499  0.026515871928309  0.014741222670240  0.000000000000000  0.005262631159632  0.982139595263391  0.003262062185267  0.014874654820274  0.333324669272800  0.666649338545599  0.142200653484063  0.857970530428691  0.002168630534431  0.490049707670935  0.430773079856009 
58.0    V  0.257385020858499  0.077966598244628  0.042747978246953  0.017998244411709  0.074068298183849  0.009407323290870  0.003863167642113  0.102096123888753  0.003448058579260  0.066477042055824  0.055168937268166  0.003980043736784  0.003250776307467  0.007026393063654  0.000000000000000  0.053142135004012  0.023732370153352  0.184923438656105  0.000000000000000  0.013303964183577  0.998614666101029  0.001452747814877  0.000000000000000  0.250000000000000  0.750019494642909  0.157890907730725  0.842062953608416  0.002189777496149  0.500000000000000  0.386891248385597 
59.0    L  0.211686328090632  0.071001829049168  0.000000000000000  0.001799734738669  0.011249463425896  0.009005362084366  0.003472041723307  0.072997962163320  0.000000000000000  0.241986756723434  0.031336763621909  0.003069033268233  0.013129902378645  0.003280201144313  0.006172197748933  0.086569341756933  0.090496135773722  0.135559676105383  0.004060857168653  0.003003790686075  0.997922718999051  0.000601144733079  0.001584232725736  0.500000000000000  0.500000000000000  0.000000000000000  1.000000000000000  0.002171638979526  0.500000000000000  0.403320879611063 
60.0    K  0.015145153389610  0.007314626933082  0.047530586038782  0.456282744271726  0.016746460352130  0.004852688600720  0.019236631458514  0.012015162744299  0.080604265665993  0.010459806695144  0.008127345832203  0.038580081465423  0.002350201222655  0.048832992510770  0.036448417805890  0.056562903930182  0.061511501377113  0.031401994388243  0.005582008358364  0.040498155169792  0.997231251352069  0.000000000000000  0.002543445682752  0.000000000000000  0.000000000000000  0.111491064927512  0.888226795842405  0.002171638979526  1.000000000000000  0.386355274823994 
61.0    T  0.104169150894902  0.008303872455926  0.100411749594629  0.111568371434122  0.028915763376183  0.009638337264137  0.009011606289531  0.040107059298841  0.023864335905636  0.073658712988230  0.037447156916857  0.021990130864459  0.006929658634001  0.022624033943431  0.063460381304339  0.051012690384431  0.013452331067795  0.070121467533155  0.012551468699329  0.190782401120070  0.997922718999051  0.000000000000000  0.001803481075643  0.000000000000000  0.000000000000000  0.483638164806966  0.516199267741621  0.002179178363916  1.000000000000000  0.389582289830250 
62.0    F  0.005354620331952  0.005531935305526  0.002141741383961  0.012182888165802  0.373712312158735  0.000000000000000  0.016008700359888  0.049411819787746  0.014111351721122  0.148136596367698  0.019586453444386  0.002438145603323  0.007345110957103  0.022219959540426  0.072846324883410  0.002602294580258  0.016758072137780  0.028537445312875  0.005065779510356  0.196010113518935  0.995849753094458  0.001132714506353  0.002861525145725  0.069733707645310  0.930449657703015  0.465870214652387  0.534032704023926  0.002167127875133  0.488015880388112  0.435879119768531 
63.0    L  0.062456693311903  0.013424386796050  0.000000000000000  0.001787303062750  0.057114465639338  0.013480333508479  0.000000000000000  0.231807636608866  0.003405305623192  0.275858435010490  0.025648175275328  0.000000000000000  0.002725997586176  0.006206518750751  0.007238969233519  0.017554685984869  0.095656048113917  0.170991912987811  0.009112104451472  0.005493723437161  0.999307092990453  0.000000000000000  0.000525872254001  1.000000000000000  0.000000000000000  0.206899204019551  0.793333843191143  0.002164125679424  0.494828328207603  0.457232544749951 
64.0    E  0.119244943818445  0.016232173489026  0.035747842912619  0.150100428435651  0.010394758133443  0.044780051574159  0.046584699587466  0.033446521825832  0.050485048600601  0.054221167947004  0.014447863720527  0.023568438698228  0.002727887758725  0.038499939795180  0.067265007798987  0.085673925311231  0.077966598244628  0.120074357994185  0.004337261068862  0.004274584770550  0.990342871933025  0.002337205006310  0.007309558576808  1.000000000000000  0.000000000000000  0.000000000000000  1.000000000000000  0.002153650709119  0.496546247718518  0.461051558956316 
65.0    S  0.035182455816774  0.009342342162313  0.060917476930722  0.242154547306657  0.031489180012828  0.054296386571914  0.040695130924032  0.020011872833278  0.054447137008891  0.028895727441053  0.019249969897590  0.068156733291579  0.006301888743923  0.082985322398902  0.063592480756418  0.077160162930846  0.034963659407366  0.011776053980925  0.001493590115120  0.056877426505056  0.991716730738293  0.005774853247163  0.002647781888281  0.832198734711525  0.168054374269078  0.316000774613202  0.683967651951245  0.002167127875133  0.475659138165900  0.435879119768531 
66.0    V  0.020905118043533  0.006651982091789  0.001984511998035  0.009840859218339  0.035747842912619  0.003731573970244  0.002470467856160  0.265171935342054  0.000000000000000  0.331251754261302  0.031098741306878  0.000000000000000  0.000000000000000  0.002303430844260  0.008765183441644  0.000000000000000  0.017265070074999  0.259354984141403  0.000000000000000  0.003476858333018  0.998614666101029  0.001060529156565  0.000000000000000  0.591315500122071  0.408384495555011  0.165970644797805  0.833931043824964  0.002176159474257  0.490049707670935  0.446273485736488 
67.0    I  0.148753962038334  0.017960857000542  0.000000000000000  0.000000000000000  0.121077273653328  0.064435519924674  0.000000000000000  0.089808761034004  0.007463147940488  0.232773704957557  0.025808677029241  0.003300728064111  0.003467231786209  0.002629492322806  0.007289320246381  0.088327102742671  0.108592773143828  0.071248329543341  0.000000000000000  0.006963363249195  0.995849753094458  0.000526601773288  0.003898135621090  0.500000000000000  0.500000000000000  0.394473420426233  0.605416541975277  0.002167127875133  0.498961359499525  0.455650640318571 
68.0    R  0.047136877396456  0.006707542472170  0.050310383601320  0.303338390062173  0.005512796263315  0.047006367230897  0.023115429832013  0.005182988830458  0.101601950248040  0.028164076956588  0.010503398391817  0.029177498278604  0.001774957258689  0.083794536973771  0.076999879590360  0.112656307826354  0.047464740306704  0.015581738302376  0.000000000000000  0.003993861447695  0.992404374685819  0.001320225422879  0.006420938963241  0.060833085884890  0.938871747315452  0.294634851952921  0.705148980242195  0.002176159474257  0.494485458190466  0.462331639056850 
69.0    D  0.045029054651185  0.029197729590099  0.267386771971311  0.175921046915675  0.022671128247409  0.019011286853657  0.023633874957562  0.017373111836205  0.043314683926575  0.132677901118724  0.016862941195382  0.028835702895431  0.000000000000000  0.033400187225344  0.041234622211653  0.038048938083218  0.036221748497014  0.017277041458129  0.000000000000000  0.011973593439123  0.991029563264079  0.008004350179944  0.001210652050722  0.096388176587996  0.903752726751086  0.434070113800521  0.566049451055337  0.002173144766767  0.468136123717246  0.452189688780544 
70.0    A  0.574747424017338  0.023470623858452  0.004310288047039  0.000000000000000  0.002644113826274  0.020489093972119  0.000000000000000  0.011195012893540  0.000000000000000  0.068869069742288  0.001968073750802  0.001554859567927  0.009671799147168  0.011670417633690  0.002024806837929  0.187895184758195  0.058598193528569  0.021006796783635  0.000000000000000  0.000000000000000  0.983502074026248  0.008924580053504  0.007525483547032  0.513700719689482  0.486327473706143  0.000000000000000  1.000000000000000  0.002155144023519  0.471392267959120  0.469435873657726 
71.0    V  0.069588851139293  0.035599480538191  0.013754047086924  0.041349107497129  0.017409275794052  0.118585539392557  0.022987605403996  0.063680699788545  0.031489180012828  0.044966674375338  0.015452670568452  0.156474557331749  0.007238969233519  0.036171569280941  0.052884912287518  0.076627178753322  0.028203147733201  0.099856489556144  0.028008334361544  0.039719740290802  0.990342871933025  0.004403907859943  0.005280901691516  0.241651524266243  0.758383772687221  0.127008767874213  0.872967591133763  0.002180689378872  0.476649272644080  0.443498152576075 
72.0    T  0.083910781423766  0.010322956294205  0.058354996557207  0.103306289769276  0.010964622859680  0.011367036590897  0.009538644630228  0.048027349415250  0.112656307826354  0.138792354203580  0.031995215638389  0.110874538144019  0.008999122205854  0.052483218309009  0.059705183523902  0.041006601705999  0.064034801439550  0.037864770638445  0.001529207609876  0.004218658436847  0.990342871933025  0.005924873224119  0.003966273831521  0.339386244970002  0.660669202829133  0.512989072668570  0.487002134271620  0.002191295860411  0.475988954248766  0.431669779287206 
73.0    Y  0.107172004579271  0.096722812096399  0.006104124063846  0.029873291174804  0.124050546835727  0.008235089244459  0.030926770512975  0.079770548051810  0.016176014435022  0.123707082051901  0.014751444049223  0.019290040732712  0.002613139755442  0.011477879947487  0.035060733766578  0.020361674208801  0.017861536490844  0.089064850884299  0.003323686443385  0.163572258931876  0.995159721820083  0.000000000000000  0.004697145503509  1.000000000000000  0.000000000000000  0.095193046231454  0.905006462882905  0.002162626141571  0.498961359499525  0.452503231441453 
74.0    T  0.432568345292494  0.112969090843886  0.000000000000000  0.000000000000000  0.003908958544776  0.006939271842519  0.007264101114165  0.012031830847439  0.009080578964985  0.020137103601328  0.082126976696836  0.004606861688520  0.016187230680625  0.014140725982545  0.012208248127692  0.114943755768957  0.119658932274412  0.026042287723726  0.000000000000000  0.005129379396188  0.993781093322555  0.003930694623038  0.002351830822718  0.359982829628671  0.639936206922154  0.230525779478158  0.769503610080431  0.002170134235654  0.483303048532487  0.438606774366411 
75.0    E  0.031708204580653  0.011257263662796  0.029956232452906  0.170046356550744  0.004629268636491  0.013221228071880  0.056602123938614  0.079604842207906  0.149892489223889  0.045879707376066  0.021182255106250  0.048260945818237  0.015124172295215  0.071545260037418  0.144886993988057  0.029666941279704  0.032940356977836  0.032758202359904  0.000000000000000  0.010716666317114  0.986916545885842  0.008252231448061  0.004499561102927  0.188939991039528  0.811127155577043  0.243332343539560  0.756808396484790  0.002179178363916  0.460732093099352  0.445655247948486 
76.0    H  0.055016188347697  0.005079844322455  0.092333628973910  0.051688960527704  0.004126115724031  0.018517074545962  0.396392068305142  0.015377875344278  0.054296386571914  0.054221167947004  0.009691932013401  0.035231262879544  0.008460742543171  0.040330077826618  0.040723348417603  0.043314683926575  0.027776333786455  0.007099829034754  0.000000000000000  0.040470093714201  0.993092495437036  0.003131348942966  0.003675101982476  0.448755025333631  0.551334581534456  0.213750544472993  0.786217292140332  0.002167127875133  0.493458272942921  0.423372656181264 
77.0    A  0.312082637225403  0.014978116226453  0.037343475151774  0.061767853218796  0.009999003233159  0.069975805540890  0.020305297850866  0.009239304689407  0.031576607702711  0.025648175275328  0.000000000000000  0.103163176064082  0.019209982300853  0.034078366645789  0.077858588473092  0.125869443757090  0.023914012028479  0.014588749139302  0.004742948767168  0.003739341633575  0.993092495437036  0.006973023214633  0.000000000000000  0.427501088945986  0.572362080299342  0.554784736033923  0.445037866626248  0.002177668395953  0.442576882289773  0.427797512841301 
78.0    K  0.023131457781251  0.010995065432230  0.021373989123476  0.021974893748642  0.000000000000000  0.203485796267609  0.028379638053797  0.000000000000000  0.421907898065009  0.011923900070004  0.003235041645838  0.076150641479699  0.005175808660333  0.026941985781800  0.088695209762524  0.045784402331604  0.011002689272751  0.000000000000000  0.000000000000000  0.000000000000000  0.990342871933025  0.004710186826917  0.005122273493030  0.431969093700139  0.568014632393343  0.231326107009463  0.768437590644006  0.002173144766767  0.477972658796871  0.448444079831007 
79.0    R  0.029278795214763  0.014288517023436  0.003135692924672  0.022955759894974  0.002201953929972  0.018645870984871  0.020688889224928  0.004268663043363  0.164140140678019  0.008856792287331  0.006066163085946  0.004622855553721  0.008862933476062  0.006228066222973  0.611744020565933  0.041926319527571  0.006301888743923  0.023260082111977  0.000000000000000  0.002515393807636  0.987600861445373  0.009348820025240  0.003217152411201  0.095061172077563  0.905006462882905  0.317757922326417  0.682546858942583  0.002183714552668  0.445037866626248  0.437392382452911 
80.0    K  0.029319412390646  0.009394291007017  0.019915009801863  0.013564691056266  0.008110463051118  0.006112592044816  0.016898043179432  0.024348893114391  0.351842093831349  0.030585676574920  0.006982696580912  0.026848773592100  0.020333466491280  0.034458411345904  0.096588818705998  0.083158065067543  0.103449602009776  0.116548310804604  0.000000000000000  0.001650364032056  0.976031760776225  0.021182255106250  0.002731672036599  0.349169633116849  0.650670927720967  0.504875648798343  0.495171435966512  0.002192815277488  0.430474594169452  0.444729496768949 
81.0    T  0.014140725982545  0.007119541254978  0.011565728890625  0.027622735345740  0.006546774489593  0.009505643426829  0.016333751565706  0.026150820083856  0.046359216682535  0.028281451965091  0.011079219028746  0.013248749447393  0.024130472909118  0.022051185053261  0.129228842030996  0.021747599872361  0.552865326660134  0.029728696135369  0.000000000000000  0.002363269705506  0.983502074026248  0.013517760790390  0.003206021909416  0.730522189272838  0.269246594048262  0.558643569036110  0.441045682598588  0.002224967533637  0.450312989923965  0.456599125005996 
82.0    V  0.005403088394574  0.013840117485974  0.000000000000000  0.000000000000000  0.006992383366625  0.005620834296917  0.009604991150426  0.406407800992160  0.004842608202887  0.248445273330639  0.019722688001752  0.002605904628277  0.027073026762503  0.000000000000000  0.000000000000000  0.018023212579063  0.002192815277488  0.229409970577841  0.000000000000000  0.000000000000000  0.997922718999051  0.000000000000000  0.002158133759375  0.000000000000000  0.000000000000000  0.299577255334855  0.700763724540373  0.002218807157786  1.000000000000000  0.468785548228555 
83.0    T  0.047333322371155  0.012473412286823  0.052084575447451  0.047861187409199  0.008765183441644  0.018376425785796  0.011304178795863  0.037603219562484  0.069012427947693  0.031995215638389  0.088695209762524  0.102521613899591  0.002636792939693  0.074738737298508  0.025898278265250  0.089126607335259  0.253665636645220  0.019505164826588  0.000000000000000  0.006465600125611  1.000000000000000  0.000000000000000  0.000000000000000  0.250000000000000  0.750019494642909  0.553632292242143  0.446582926176380  0.002214198071833  0.498270131413934  0.465870214652387 
84.0    S  0.161880374856803  0.011257263662796  0.013583508751407  0.027892092858531  0.011422323815625  0.040498155169792  0.005373210227108  0.034291623049351  0.041435180009333  0.040498155169792  0.009310020113860  0.006116830439504  0.275858435010490  0.021732530807969  0.038821508805764  0.057035343033966  0.074946244611945  0.103664943226805  0.001570021466295  0.022813000166477  0.995159721820083  0.002378058630201  0.002634965887382  0.100203166174924  0.900001929793512  0.000000000000000  1.000000000000000  0.002221885210688  0.495171435966512  0.487002134271620 
85.0    L  0.027489033622576  0.005237158560861  0.111955708761356  0.161656116485936  0.017217267435572  0.034101996157967  0.013075410041928  0.009957504900932  0.149892489223889  0.013212066990274  0.016356410655853  0.034626010870779  0.005459558483793  0.062934721878545  0.200962747685788  0.066201145917742  0.034291623049351  0.012700243781005  0.012166010797838  0.010503398391817  0.997231251352069  0.001339583289639  0.001587530472626  0.166662334636400  0.833353207159218  0.000000000000000  1.000000000000000  0.002235789376169  0.500000000000000  0.476979775273779 
86.0    D  0.001979017383123  0.000000000000000  0.688725023191569  0.040526236082844  0.002991324213075  0.005467132287481  0.179866697501352  0.002284350906351  0.009137403625406  0.013048248741068  0.002518883302062  0.006948898387015  0.003356096699012  0.006973023214633  0.003804704173997  0.008513688376667  0.020235046857100  0.000000000000000  0.000000000000000  0.003644660123191  0.999307092990453  0.000000000000000  0.000921965253076  0.000000000000000  0.000000000000000  0.356259403537196  0.643940814754913  0.002147687791630  1.000000000000000  0.471719125447680 
87.0    V  0.011800567074710  0.005023818294651  0.000000000000000  0.004236239878293  0.032128557083002  0.000000000000000  0.000000000000000  0.320634150690562  0.007411596212035  0.161096828810627  0.071743900865938  0.000000000000000  0.002792939426488  0.004018854327709  0.000000000000000  0.012551468699329  0.009271381231692  0.354289349127054  0.000000000000000  0.003056296022408  0.995159721820083  0.003291589177747  0.001643514613839  0.192642777089602  0.807201074504765  0.000000000000000  1.000000000000000  0.002212663838468  0.492774668469685  0.480297431976738 
88.0    V  0.053548872173036  0.014751444049223  0.057911753868148  0.048630323534714  0.023421868777430  0.003452841918217  0.018762553554456  0.083620472174132  0.100551046367739  0.119327626767465  0.025880333166705  0.036931610841699  0.006624374723696  0.203909373334752  0.056956330039821  0.041723384477997  0.022020636799094  0.074068298183849  0.001508154556820  0.006403160997168  1.000000000000000  0.000000000000000  0.000000000000000  0.000000000000000  0.000000000000000  0.634635443009902  0.365261094636419  0.002229599037357  1.000000000000000  0.475000191437443 
89.0    Y  0.051118878659861  0.008121714337307  0.013003105229868  0.038794609110191  0.041377778449856  0.015474107373954  0.028775803037658  0.017241152188156  0.051904376505681  0.377095019171645  0.039527485698561  0.048428495684948  0.000000000000000  0.037577164028068  0.039719740290802  0.053697547184199  0.056641371141708  0.018529914053296  0.024981432198515  0.037996227599472  0.997231251352069  0.001203957349086  0.001461838854290  0.500000000000000  0.500000000000000  1.000000000000000  0.000000000000000  0.002203480737220  0.500000000000000  0.493800430722686 
90.0    A  0.645728675151168  0.017361073885236  0.005667782061852  0.007619964543185  0.004382591720822  0.025312608551001  0.021717472185037  0.014659706195323  0.000000000000000  0.049138580758771  0.007360400577381  0.001945019049013  0.009888723390393  0.000000000000000  0.004671171081157  0.063504383937106  0.025400487562010  0.083968964107581  0.002397921257647  0.009459633468364  0.999307092990453  0.000719359221590  0.000000000000000  0.199990032083188  0.799960128332753  0.000000000000000  1.000000000000000  0.002205008603137  0.500000000000000  0.500000000000000 
91.0    L  0.060203868376259  0.009407323290870  0.005222658185176  0.004024429506328  0.026187097958373  0.004236239878293  0.003879267560301  0.158989125842947  0.008286622979439  0.355765865308649  0.065244495463857  0.003314483991039  0.006336930902946  0.008286622979439  0.077696854306496  0.015755507107728  0.022545760732213  0.154856087222989  0.001683874111362  0.008032139270751  0.996540262827868  0.000000000000000  0.003726404494326  0.000000000000000  0.000000000000000  0.000000000000000  1.000000000000000  0.002195857273005  1.000000000000000  0.500000000000000 
92.0    K  0.036372704200067  0.017911127902006  0.056289123740496  0.132494097924660  0.004655010056930  0.033261568201667  0.037421209519342  0.021359178936591  0.150204506190856  0.008632535037499  0.007823337935245  0.033702513490452  0.006772949714958  0.065698306817982  0.307572836187786  0.039390730986968  0.017973310833603  0.011249463425896  0.000000000000000  0.011296346051139  0.961927454664775  0.003577084712571  0.034722147770472  1.000000000000000  0.000000000000000  0.000000000000000  1.000000000000000  0.002206537528457  0.489370825198718  0.485990493990676 
93.0    R  0.036829356494115  0.006661210091937  0.057471877884479  0.075519865211871  0.009024107691825  0.027776333786455  0.016424576704495  0.097058609375130  0.053511767784154  0.114943755768957  0.023340835267380  0.136597217387619  0.002559362116911  0.030628106729433  0.189202099121197  0.045436641166260  0.032644867589507  0.027757087370075  0.009226505167418  0.007350203964951  0.990342871933025  0.007785470803343  0.001739634571497  0.381564802240140  0.618566239343586  0.149581120403839  0.850274160064196  0.002209598560246  0.467487598875728  0.354043859553636 
94.0    Q  0.025172634095273  0.012922240131926  0.072142838594802  0.008280881120291  0.016816251949747  0.027129382112533  0.021021362633154  0.049036506118547  0.045657636829552  0.209496783666987  0.068678388598555  0.096455010941183  0.006787048321489  0.071001829049168  0.131123665946868  0.041206050452886  0.031708204580653  0.054636163775648  0.000000000000000  0.010635266535152  0.771105412703970  0.197921466467818  0.031034140482407  0.664803554090857  0.335178147895084  0.930449657703015  0.069300040225192  0.002041718945713  0.139660892259028  0.368822864270710 
95.0    G  0.028164076956588  0.006293158523818  0.050555084272609  0.078890752007007  0.002443220859596  0.468460723436213  0.010896434893363  0.031380235726218  0.020688889224928  0.044378354954482  0.005168638437141  0.057312752700292  0.014199658069508  0.008753040735892  0.043465061615937  0.022608357591727  0.016053147490296  0.058032303269171  0.025312608551001  0.006829520471956  0.970634469769547  0.024569290379385  0.004521446160118  0.854409740889733  0.145390005193481  0.296067902963408  0.704172113456040  0.002421304101443  0.442883759551180  0.418123199957031 
96.0    R  0.023357019509921  0.008116086744513  0.050205874797315  0.236678407809178  0.178748123295211  0.001850332169139  0.027129382112533  0.069060280299994  0.035698320214017  0.047006367230897  0.026042287723726  0.041063488348418  0.014229216149875  0.023389421668636  0.103808753011362  0.047728671811272  0.040051497630006  0.014518135535171  0.000000000000000  0.011430243911753  0.921464186198704  0.047104215923699  0.031185084968720  0.642157904494713  0.357992185300286  0.849684999138650  0.150517172653927  0.002767885540055  0.431669779287206  0.427501088945986 
97.0    T  0.022127741222102  0.000000000000000  0.118093380124651  0.083331167318200  0.007099829034754  0.053252755942179  0.019170077769591  0.018224208902945  0.029625842660270  0.021065120808392  0.004996037426865  0.047828024056958  0.222827623974243  0.031532863557646  0.076946525834057  0.071694189014135  0.097125908598006  0.054711958105891  0.017579038823263  0.002710923279327  0.971307495541633  0.006280085865181  0.022452190258501  1.000000000000000  0.000000000000000  0.670821112441131  0.329419987933535  0.002889428729002  0.496546247718518  0.427501088945986 
98.0    L  0.052665426843947  0.000000000000000  0.072997962163320  0.073505703143185  0.021522656974737  0.016758072137780  0.010828670981644  0.142595464483553  0.006429846447490  0.280291519507127  0.019915009801863  0.048495678392179  0.014947002470186  0.036046425158126  0.011195012893540  0.031752191968553  0.015218816695988  0.114546080584419  0.005140056738395  0.025120343460723  0.997231251352069  0.002960383918966  0.000000000000000  1.000000000000000  0.000000000000000  0.856781954768570  0.143487801731875  0.002917604408423  0.500000000000000  0.441351498145327 
99.0    Y  0.017301009132567  0.007998803909597  0.005924873224119  0.011241668593835  0.205612517178116  0.011063870611051  0.014338123161115  0.007641120886307  0.000000000000000  0.022328033433455  0.022390025787080  0.004021640950914  0.084435880283477  0.035378090690959  0.008172538592129  0.013820944302055  0.002203480737220  0.002779420822724  0.007562086147607  0.515841589650680  0.993092495437036  0.000000000000000  0.007134361328219  0.000000000000000  0.000000000000000  0.000000000000000  1.000000000000000  0.003275656970472  1.000000000000000  0.495171435966512 
100.0    G  0.046617000834108  0.007694269085121  0.093428078039684  0.038902319855693  0.000000000000000  0.595841287287023  0.004658237782542  0.000000000000000  0.017762765206813  0.000000000000000  0.000000000000000  0.022592692102277  0.009840859218339  0.051976381148432  0.019654452684938  0.051510130309578  0.005711161907813  0.028815722434770  0.000000000000000  0.004852688600720  0.997231251352069  0.000000000000000  0.003094667230176  0.500000000000000  0.500000000000000  0.459138081150462  0.540737381741809  0.004236239878293  0.496890546661277  0.483973513446869 
101.0    F  0.012770864507629  0.000000000000000  0.005175808660333  0.014895289770127  0.652477473844479  0.000000000000000  0.026607928367155  0.017361073885236  0.000000000000000  0.038606832410217  0.000000000000000  0.008478354467827  0.006569503244170  0.013175486097658  0.000000000000000  0.007468322793701  0.020179021098474  0.007688937672139  0.000000000000000  0.168404197108211  0.973329374158238  0.015843116871719  0.011010318399547  0.528142812675929  0.471719125447680  1.000000000000000  0.000000000000000  0.004989116246857  0.467487598875728  0.486327473706143 
102.0    G  0.123450107680672  0.000000000000000  0.113204247877228  0.071297732241776  0.005855467194358  0.224222039915504  0.043224707156593  0.008178205327926  0.006801176275751  0.017301009132567  0.000000000000000  0.066661611301985  0.023373214974412  0.025033433674676  0.000000000000000  0.150517172653927  0.085852264589351  0.035085044439800  0.000000000000000  0.000000000000000  0.975355461527642  0.024826075003003  0.000000000000000  0.500000000000000  0.500000000000000  1.000000000000000  0.000000000000000  0.010452559021767  0.493458272942921  0.498270131413934 
103.0    G  0.070707153927869  0.000000000000000  0.021329589341956  0.000000000000000  0.000000000000000  0.378929141627600  0.000000000000000  0.014417851447716  0.000000000000000  0.000000000000000  0.000000000000000  0.047366142703450  0.019130256131253  0.000000000000000  0.000000000000000  0.428094142273228  0.000000000000000  0.020151066416498  0.000000000000000  0.000000000000000  1.000000000000000  0.000000000000000  0.000000000000000  1.000000000000000  0.000000000000000  0.000000000000000  0.000000000000000  0.018749552849581  1.000000000000000  1.000000000000000 
