No:  residues  hmm_col_1  hmm_col_2  hmm_col_3  hmm_col_4  hmm_col_5  hmm_col_6  hmm_col_7  hmm_col_8  hmm_col_9  hmm_col_10  hmm_col_11  hmm_col_12  hmm_col_13  hmm_col_14  hmm_col_15  hmm_col_16  hmm_col_17  hmm_col_18  hmm_col_19  hmm_col_20  hmm_col_21   hmm_col_22   hmm_col_23   hmm_col_24   hmm_col_25   hmm_col_26   hmm_col_27   hmm_col_28   hmm_col_29   hmm_col_30   
1.0    M  0.000000000000000  0.000000000000000  0.000000000000000  0.000000000000000  0.000000000000000  0.000000000000000  0.000000000000000  0.000000000000000  0.000000000000000  0.000000000000000  1.000000000000000  0.000000000000000  0.000000000000000  0.000000000000000  0.000000000000000  0.000000000000000  0.000000000000000  0.000000000000000  0.000000000000000  0.000000000000000  1.000000000000000  0.000000000000000  0.000000000000000  0.000000000000000  0.000000000000000  0.000000000000000  0.000000000000000  0.062803988776487  1.000000000000000  1.000000000000000 
2.0    G  0.511923450214221  0.000000000000000  0.012630013575087  0.008992886650998  0.023051429016919  0.184155960727060  0.000000000000000  0.000000000000000  0.032577055026285  0.000000000000000  0.023131457781251  0.000000000000000  0.000000000000000  0.000000000000000  0.028935813203979  0.000000000000000  0.009739071830274  0.164938488846612  0.000000000000000  0.000000000000000  1.000000000000000  0.000000000000000  0.000000000000000  0.000000000000000  0.000000000000000  0.000000000000000  0.000000000000000  0.062803988776487  1.000000000000000  1.000000000000000 
3.0    L  0.103664943226805  0.000000000000000  0.022219959540426  0.000000000000000  0.000000000000000  0.000000000000000  0.000000000000000  0.065561832973434  0.010373165299863  0.340328529124868  0.211833108736530  0.000000000000000  0.012065236454559  0.151564102382717  0.000000000000000  0.000000000000000  0.031840349894273  0.028047189083352  0.022328033433455  0.000000000000000  0.623732785957023  0.044563303667629  0.331711285149290  1.000000000000000  0.000000000000000  0.000000000000000  0.000000000000000  0.062934721878545  0.479964630519454  1.000000000000000 
4.0    E  0.000000000000000  0.000000000000000  0.077267203807559  0.445346450303340  0.140242935066311  0.036297147872679  0.000000000000000  0.054183597719668  0.054749894691695  0.054749894691695  0.000000000000000  0.000000000000000  0.019209982300853  0.085971363633734  0.000000000000000  0.032039601184019  0.000000000000000  0.000000000000000  0.000000000000000  0.000000000000000  0.891928519420093  0.039363436873356  0.068869069742288  1.000000000000000  0.000000000000000  0.292396916012987  0.707597080163328  0.101390894447130  0.499307333050514  0.340092713101489 
5.0    K  0.000000000000000  0.000000000000000  0.000000000000000  0.043888902366812  0.000000000000000  0.056602123938614  0.000000000000000  0.000000000000000  0.511923450214221  0.000000000000000  0.000000000000000  0.017873921456309  0.000000000000000  0.027584468634083  0.265908168223296  0.000000000000000  0.076309157041821  0.000000000000000  0.000000000000000  0.000000000000000  1.000000000000000  0.000000000000000  0.000000000000000  0.000000000000000  0.000000000000000  1.000000000000000  0.000000000000000  0.082698214994258  1.000000000000000  0.358737383651676 
6.0    S  0.042482132559586  0.000000000000000  0.000000000000000  0.000000000000000  0.105916554368265  0.232935107326193  0.035304600455316  0.033842970172685  0.045029054651185  0.009745824780578  0.000000000000000  0.000000000000000  0.031034140482407  0.000000000000000  0.021285281791258  0.326238736922239  0.079329430376238  0.036727385263118  0.000000000000000  0.000000000000000  0.908778116448520  0.056406295466402  0.034530140149997  0.166200888522714  0.833931043824964  0.000000000000000  0.000000000000000  0.061468879626641  0.197373471675139  1.000000000000000 
7.0    L  0.012673861805891  0.050765774772265  0.019970302550048  0.142003658098336  0.091125586176036  0.000000000000000  0.048428495684948  0.000000000000000  0.015635834179103  0.238159499510984  0.007411596212035  0.000000000000000  0.135559676105383  0.026332713421973  0.039010329653175  0.044997853703584  0.067826835742613  0.025382887386132  0.019478143660548  0.015303442149796  0.993781093322555  0.000000000000000  0.005945442893904  0.000000000000000  0.000000000000000  0.724973416439426  0.274904037328638  0.042393885232740  1.000000000000000  0.491069797631696 
8.0    M  0.016458766186794  0.203344799533031  0.006992383366625  0.000000000000000  0.079219532627152  0.079549683454746  0.013659040943912  0.093622558401511  0.000000000000000  0.047398985792951  0.039500096826650  0.000000000000000  0.000000000000000  0.011438169499575  0.009329399899020  0.288771446138396  0.016909760070714  0.076362068854594  0.005448217446681  0.012015162744299  0.519429551648832  0.470087101254563  0.010496120513448  1.000000000000000  0.000000000000000  0.524131237758464  0.475988954248766  0.040079268836320  0.180616299740441  0.498615625676035 
9.0    L  0.000000000000000  0.000000000000000  0.000000000000000  0.000000000000000  0.041063488348418  0.000000000000000  0.011164016716727  0.052120690239060  0.000000000000000  0.614293490222825  0.008088007217511  0.011825131195075  0.127184961512836  0.000000000000000  0.000000000000000  0.016277241078253  0.016390458243359  0.080996310339583  0.007971130150379  0.012586317047637  0.950659101229818  0.000000000000000  0.049446081324091  1.000000000000000  0.000000000000000  0.000000000000000  1.000000000000000  0.040190546357206  0.492092011016900  0.494828328207603 
10.0    F  0.016120049676584  0.234717936828863  0.000000000000000  0.000000000000000  0.224377512666815  0.000000000000000  0.000000000000000  0.008088007217511  0.000000000000000  0.434070113800521  0.000000000000000  0.000000000000000  0.000000000000000  0.022892201165802  0.016688522000748  0.000000000000000  0.000000000000000  0.042955896736626  0.000000000000000  0.000000000000000  1.000000000000000  0.000000000000000  0.000000000000000  1.000000000000000  0.000000000000000  0.848507901705896  0.151249261152412  0.039527485698561  0.435879119768531  0.424253950852948 
11.0    P  0.000000000000000  0.000000000000000  0.000000000000000  0.000000000000000  0.052374195916747  0.000000000000000  0.000000000000000  0.000000000000000  0.034554082916258  0.503477775028359  0.018840747307668  0.000000000000000  0.139081265073104  0.000000000000000  0.000000000000000  0.080940187428402  0.000000000000000  0.065789447169340  0.104966436618018  0.000000000000000  0.995159721820083  0.000000000000000  0.005143620789294  0.000000000000000  0.000000000000000  0.645281245225889  0.354780839050096  0.036982844429768  1.000000000000000  0.494828328207603 
12.0    L  0.000000000000000  0.000000000000000  0.000000000000000  0.000000000000000  0.029605314706227  0.053142135004012  0.000000000000000  0.029769937438873  0.000000000000000  0.821310700752066  0.013811367672870  0.000000000000000  0.013602352551502  0.000000000000000  0.000000000000000  0.000000000000000  0.000000000000000  0.030185510278901  0.008396477912934  0.000000000000000  1.000000000000000  0.000000000000000  0.000000000000000  0.000000000000000  0.000000000000000  0.000000000000000  1.000000000000000  0.036778335538086  1.000000000000000  0.495171435966512 
13.0    L  0.032106294980593  0.000000000000000  0.000000000000000  0.000000000000000  0.066430979647410  0.000000000000000  0.000000000000000  0.009361789229214  0.000000000000000  0.715488260011456  0.011890885787807  0.000000000000000  0.000000000000000  0.000000000000000  0.000000000000000  0.011430243911753  0.000000000000000  0.153148166488085  0.000000000000000  0.000000000000000  1.000000000000000  0.000000000000000  0.000000000000000  0.000000000000000  0.000000000000000  0.635956503371787  0.363997387249772  0.036778335538086  1.000000000000000  0.495171435966512 
14.0    V  0.015166163590149  0.000000000000000  0.000000000000000  0.000000000000000  0.167705278110283  0.042013593567270  0.000000000000000  0.003259801879513  0.000000000000000  0.549046406893525  0.021255794568843  0.000000000000000  0.004385630554975  0.000000000000000  0.000000000000000  0.004512053845912  0.000000000000000  0.173980798978888  0.018814646581741  0.000000000000000  0.699308041369231  0.190386092462908  0.110490941382959  1.000000000000000  0.000000000000000  0.000000000000000  1.000000000000000  0.036829356494115  0.315344352207812  0.500000000000000 
15.0    L  0.039830019603727  0.000000000000000  0.000000000000000  0.000000000000000  0.012542771698687  0.000000000000000  0.000000000000000  0.000000000000000  0.000000000000000  0.856188284546457  0.011907381487029  0.000000000000000  0.036651092163496  0.000000000000000  0.000000000000000  0.016413196000168  0.000000000000000  0.026223426159579  0.000000000000000  0.000000000000000  0.750539548757186  0.239317864548824  0.010294374622923  0.426613049056034  0.573553512113083  0.965267024871757  0.034674046002120  0.039010329653175  0.295248165357383  0.384485207817567 
16.0    V  0.037085524926767  0.013276328111541  0.008155561932982  0.023083407243478  0.033772668813730  0.482299092292069  0.000000000000000  0.017074652173452  0.000000000000000  0.101110168545217  0.009374776424791  0.000000000000000  0.000000000000000  0.005455775517451  0.000000000000000  0.061426287409078  0.010510681316577  0.178748123295211  0.018465805420849  0.000000000000000  1.000000000000000  0.000000000000000  0.000000000000000  0.000000000000000  0.000000000000000  0.000000000000000  1.000000000000000  0.034963659407366  1.000000000000000  0.488015880388112 
17.0    L  0.077804639711386  0.014690221914205  0.000000000000000  0.000000000000000  0.072543994648983  0.000000000000000  0.004480886813383  0.008638520729065  0.000000000000000  0.665725806618185  0.007971130150379  0.000000000000000  0.017110194856150  0.005578140545645  0.018465805420849  0.028008334361544  0.033772668813730  0.045310838527464  0.000000000000000  0.000000000000000  0.982139595263391  0.010510681316577  0.007583081795075  0.225468844595562  0.774855930959171  1.000000000000000  0.000000000000000  0.034963659407366  0.474342157570227  0.488015880388112 
18.0    G  0.069492447344819  0.057352492644460  0.011109979770213  0.007254037908646  0.005115177433920  0.231165819528425  0.000000000000000  0.000000000000000  0.000000000000000  0.107469560780376  0.022702578899553  0.000000000000000  0.000000000000000  0.003522950696806  0.018840747307668  0.099856489556144  0.007198938954677  0.165052855126875  0.193982713568714  0.000000000000000  0.967276329613932  0.000000000000000  0.032419373017675  0.000000000000000  0.000000000000000  0.000000000000000  1.000000000000000  0.034506213973847  1.000000000000000  0.497235084336607 
19.0    L  0.030926770512975  0.048934643516034  0.000000000000000  0.024416496255385  0.040610595701733  0.095788747512986  0.018736561152986  0.044718016250716  0.005957818958032  0.325561047392257  0.040893064732969  0.000000000000000  0.000000000000000  0.000000000000000  0.000000000000000  0.020818356642063  0.000000000000000  0.190914687245088  0.106727214298906  0.005013382412355  0.916368644675351  0.018723578458428  0.064883704408941  0.806082831492968  0.194117218750260  0.230685623163450  0.769503610080431  0.035673584597712  0.482299092292069  0.460093825312437 
20.0    V  0.110797712399358  0.011654250208527  0.026150820083856  0.005395603313062  0.008344261000374  0.000000000000000  0.000000000000000  0.038128140946007  0.009665097489744  0.081672828368323  0.135747732040287  0.000000000000000  0.048900736358532  0.005451995172352  0.000000000000000  0.103664943226805  0.117684808067651  0.296684199414133  0.000000000000000  0.000000000000000  0.875391329694264  0.115582909764212  0.008753040735892  0.211246596103128  0.788946840852465  0.339151081861918  0.660669202829133  0.032849153408991  0.348444309671867  0.386623168727659 
21.0    Q  0.032509383328812  0.000000000000000  0.003892735401671  0.189202099121197  0.005211809256554  0.008555097428075  0.006420938963241  0.005802941096331  0.008838394240984  0.126832818322610  0.060037178997092  0.000000000000000  0.174948233199399  0.211393071844379  0.000000000000000  0.012015162744299  0.004471578752339  0.149892489223889  0.000000000000000  0.000000000000000  1.000000000000000  0.000000000000000  0.000000000000000  0.000000000000000  0.000000000000000  0.107097744346071  0.893165852352760  0.024895003008924  1.000000000000000  0.400812664699697 
22.0    P  0.101601950248040  0.025347723611783  0.016299821773904  0.000000000000000  0.000000000000000  0.045029054651185  0.043767385027725  0.076362068854594  0.022718320583130  0.019130256131253  0.007055675860561  0.068203992315933  0.355519352646819  0.017579038823263  0.063022028430912  0.061044283060139  0.000000000000000  0.057471877884479  0.000000000000000  0.019736363466341  1.000000000000000  0.000000000000000  0.000000000000000  0.000000000000000  0.000000000000000  0.000000000000000  1.000000000000000  0.023666661185578  1.000000000000000  0.410940093647425 
23.0    S  0.066201145917742  0.004044003608755  0.011751591807724  0.098345305669196  0.000000000000000  0.034842694335241  0.019263317585372  0.000000000000000  0.003232800062805  0.028399316139016  0.000000000000000  0.015679246070461  0.105623298051564  0.000000000000000  0.000000000000000  0.468785548228555  0.109651693591603  0.034220389712299  0.000000000000000  0.000000000000000  0.986232704493359  0.004431466738031  0.009271381231692  0.185565446328631  0.814507563070215  0.343885454534936  0.656105627295980  0.023666661185578  0.420739741142690  0.410940093647425 
24.0    L  0.050101583087462  0.088572337281764  0.046230859664026  0.024113752735296  0.074583483939483  0.022467758325734  0.010280113476789  0.007050786933300  0.000000000000000  0.421615555125056  0.008390659934532  0.008698606392412  0.019196671569463  0.000000000000000  0.005150756306611  0.038875364165577  0.005593627895317  0.139467415290621  0.000000000000000  0.029605314706227  0.875391329694264  0.040190546357206  0.084670311092835  0.404721108273704  0.595015848153338  0.169928530238342  0.829894585589983  0.021344379011787  0.434973676354325  0.431071772508798 
25.0    G  0.113991645689971  0.042013593567270  0.050450067156548  0.015920174947136  0.006693609021629  0.180241108932528  0.062154385542076  0.000000000000000  0.009800017222820  0.031554728049896  0.000000000000000  0.049721030234682  0.011841535675862  0.090621677054928  0.012438876543418  0.245194750997138  0.063813257856700  0.004805825565434  0.000000000000000  0.008644510571033  0.917004043204671  0.064301669243348  0.018453010334836  0.468785548228555  0.531079593247686  0.600401713742604  0.399425958224574  0.014751444049223  0.378666578969244  0.329876977693224 
26.0    R  0.183391668020915  0.000000000000000  0.017738157846032  0.059995578814932  0.000000000000000  0.047431851655439  0.010394758133443  0.030060232958274  0.155717176946184  0.083158065067543  0.000000000000000  0.032667503131411  0.021035938582450  0.163119368461120  0.057352492644460  0.057352492644460  0.004074955443476  0.060875266783953  0.000000000000000  0.015635834179103  0.894404901782606  0.055784185717061  0.049962864397030  0.343885454534936  0.656105627295980  0.000000000000000  1.000000000000000  0.015071846634127  0.420739741142690  0.409234590795402 
27.0    E  0.036600318163088  0.058964890680960  0.166546853136503  0.273763117698394  0.012040173568100  0.000000000000000  0.000000000000000  0.007129417879246  0.085495956493906  0.055130710324824  0.006049367405103  0.088756709908964  0.035698320214017  0.057114465639338  0.030018589498546  0.065607292726442  0.000000000000000  0.005620834296917  0.015484836926001  0.000000000000000  1.000000000000000  0.000000000000000  0.000000000000000  0.042659178683911  0.957271458195298  0.594603557501361  0.405282559942655  0.016232173489026  0.459775023075829  0.348685916587601 
28.0    S  0.039664715188119  0.000000000000000  0.047006367230897  0.019383864026803  0.006702894768974  0.042042725266307  0.028105572254617  0.010995065432230  0.029462016747445  0.023897441841918  0.009005362084366  0.019613624863791  0.180116218604740  0.106210624892331  0.036171569280941  0.147931377719071  0.211539649150072  0.042247213532129  0.000000000000000  0.000000000000000  0.906890328933143  0.093040328447909  0.000000000000000  0.946713631236714  0.053068515402927  1.000000000000000  0.000000000000000  0.014140725982545  0.311434353892368  0.435275281648062 
29.0    S  0.075834597515543  0.000000000000000  0.064480198706335  0.035036439938391  0.000000000000000  0.044501568612408  0.000000000000000  0.000000000000000  0.076893209046947  0.008602668735140  0.039554893561571  0.056016668723088  0.116467553663097  0.042452696392155  0.203063099089059  0.141610485661975  0.034698088550895  0.037188490509584  0.007396200244037  0.016108879981169  0.865136690584988  0.120491225967580  0.014619117153616  0.250000000000000  0.750019494642909  0.000000000000000  0.000000000000000  0.011841535675862  0.300200856871302  1.000000000000000 
30.0    A  0.255076164812114  0.000000000000000  0.001895770448769  0.003226084628655  0.045216715183454  0.008116086744513  0.027950153180706  0.050520054300348  0.016992006107108  0.018098325096791  0.005524271728020  0.000000000000000  0.005738939973743  0.000000000000000  0.012985091587401  0.128692510429250  0.013527133836245  0.025225033578274  0.149996422796652  0.231165819528425  0.997922718999051  0.000000000000000  0.002144712526928  0.000000000000000  0.000000000000000  0.000000000000000  1.000000000000000  0.011218316489246  1.000000000000000  0.472046209575125 
31.0    M  0.046359216682535  0.002458510104502  0.018414678247058  0.156800275565124  0.005016858628865  0.000000000000000  0.009691932013401  0.025471010387582  0.113912660079643  0.082013203411998  0.029462016747445  0.049549008538143  0.008466609115975  0.257028456664017  0.105989995579143  0.042130241616783  0.030819772015417  0.011430243911753  0.005034275900332  0.000000000000000  0.960594863953477  0.000000000000000  0.039582320428851  0.000000000000000  0.000000000000000  0.681601303641254  0.318419368831625  0.008338479203437  1.000000000000000  0.465547409915115 
32.0    K  0.016550286479436  0.000000000000000  0.050765774772265  0.051296350550656  0.000000000000000  0.003192716126907  0.056328153913177  0.000000000000000  0.211246596103128  0.007055675860561  0.002913562552132  0.046007089442756  0.007452808988653  0.021792869786725  0.071297732241776  0.040554336466849  0.201241534405280  0.023115429832013  0.175921046915675  0.013129902378645  1.000000000000000  0.000000000000000  0.000000000000000  1.000000000000000  0.000000000000000  0.901250462610830  0.098618355106558  0.008149910886952  0.393926943024673  0.383154990051946 
33.0    F  0.000000000000000  0.000000000000000  0.000000000000000  0.000000000000000  0.863938187400277  0.000000000000000  0.000000000000000  0.025085543397374  0.000000000000000  0.048765342510856  0.009188212892898  0.000000000000000  0.012551468699329  0.000000000000000  0.007002083590386  0.013592927386073  0.000000000000000  0.019640833976904  0.000000000000000  0.000000000000000  1.000000000000000  0.000000000000000  0.000000000000000  0.000000000000000  0.000000000000000  0.000000000000000  1.000000000000000  0.008321157839011  1.000000000000000  0.494828328207603 
34.0    E  0.041665583659100  0.000000000000000  0.006915263785778  0.159320078414908  0.000000000000000  0.009175484150107  0.000000000000000  0.047267749915124  0.086090627898946  0.232935107326193  0.062456693311903  0.006953716666035  0.000000000000000  0.169458040850000  0.124136561929630  0.013461658745500  0.005332397335489  0.007753159177233  0.009036626436760  0.018110874248507  0.961260928388761  0.000000000000000  0.038929294236546  0.000000000000000  0.000000000000000  0.000000000000000  1.000000000000000  0.008332701412748  1.000000000000000  0.494828328207603 
35.0    R  0.013508394239185  0.000000000000000  0.006049367405103  0.075050214217826  0.000000000000000  0.000000000000000  0.037214276542655  0.141218401821265  0.152090294829258  0.020977695355942  0.006474569566312  0.040864729641774  0.000000000000000  0.044132950137024  0.301660979930191  0.013039207518053  0.138408073060536  0.000000000000000  0.004233304557987  0.005097480264410  1.000000000000000  0.000000000000000  0.000000000000000  0.669891801213920  0.330334601414566  1.000000000000000  0.000000000000000  0.008155561932982  0.383154990051946  0.383154990051946 
36.0    Q  0.000000000000000  0.000000000000000  0.000000000000000  0.016447361792335  0.008974205898414  0.000000000000000  0.036727385263118  0.007657026682358  0.128425179922370  0.180491149440312  0.026626377971090  0.000000000000000  0.000000000000000  0.503826880205252  0.078508898821470  0.000000000000000  0.012225184089633  0.000000000000000  0.000000000000000  0.000000000000000  0.956608158091874  0.038794609110191  0.004845966006701  1.000000000000000  0.000000000000000  0.000000000000000  0.000000000000000  0.008332701412748  0.393926943024673  1.000000000000000 
37.0    H  0.000000000000000  0.000000000000000  0.004262749519746  0.000000000000000  0.000000000000000  0.000000000000000  0.848507901705896  0.026479138592066  0.000000000000000  0.000000000000000  0.000000000000000  0.007365504186861  0.000000000000000  0.024450368179266  0.011140825916907  0.046876218415182  0.006241030597259  0.024620433939042  0.000000000000000  0.000000000000000  0.925304428037852  0.069396177101790  0.005321320447814  1.000000000000000  0.000000000000000  0.901250462610830  0.098618355106558  0.008155561932982  0.361232599480881  0.383154990051946 
38.0    M  0.006730829372750  0.000000000000000  0.000000000000000  0.000000000000000  0.031950891581560  0.000000000000000  0.031034140482407  0.281459646534191  0.000000000000000  0.057951909152216  0.119908014915658  0.000000000000000  0.000000000000000  0.000000000000000  0.017923547253534  0.003041502699460  0.022312562182579  0.279903222163560  0.000000000000000  0.147726443366796  0.759962428200758  0.074531804520664  0.165625877130651  0.700278160443602  0.299784978447778  0.520510798842056  0.479632059662632  0.008379036068890  0.361232599480881  0.481964903870322 
39.0    D  0.007699604194839  0.000000000000000  0.532923368033971  0.016164805961233  0.020603025226443  0.033842970172685  0.003634568975402  0.044041273598188  0.011874412940637  0.084143754329799  0.000000000000000  0.041234622211653  0.025033433674676  0.024620433939042  0.012387252134536  0.011808749439971  0.056211144509235  0.030755750688556  0.000000000000000  0.042807280623924  0.835666958921854  0.017110194856150  0.147521792917025  0.330334601414566  0.669427628489221  0.028047189083352  0.971980987981352  0.009042892320235  0.479299719246488  0.212274061611710 
40.0    S  0.081164912670618  0.000000000000000  0.034554082916258  0.013763583970734  0.061810682273808  0.017615631439772  0.000000000000000  0.000000000000000  0.025312608551001  0.016596237288990  0.022671128247409  0.072242919159675  0.250867937127376  0.009316475565083  0.023880883136956  0.197510327965844  0.038553349056547  0.007329853097661  0.000000000000000  0.126832818322610  0.911301280637141  0.024826075003003  0.063946091858402  1.000000000000000  0.000000000000000  0.114784520287615  0.885153764579545  0.009786440926751  0.467811748915700  0.130127699710514 
41.0    A  0.015452670568452  0.000000000000000  0.100411749594629  0.087534770055450  0.000000000000000  0.094012734461793  0.008189550589976  0.002096211496862  0.159873197659679  0.000000000000000  0.007370611335120  0.034458411345904  0.307359716813645  0.010903990344704  0.016886334406865  0.074738737298508  0.078726873746712  0.000000000000000  0.000000000000000  0.002009427163855  0.842646829503152  0.087595465567547  0.069878865685366  0.551334581534456  0.448444079831007  0.016851256745226  0.982820598545251  0.009725579963923  0.354289349127054  0.127184961512836 
42.0    G  0.014338123161115  0.000000000000000  0.002384661157557  0.024603374267788  0.004883055869473  0.133323222603971  0.000000000000000  0.000000000000000  0.114943755768957  0.010423618513108  0.047300524780299  0.089250248730317  0.099511012347347  0.060287386536509  0.130398574191232  0.121581868426536  0.076627178753322  0.060371020557803  0.000000000000000  0.009909307807233  0.578745108495061  0.384751805040216  0.036524289017539  0.502431910211893  0.497235084336607  0.054978067245152  0.944747040997206  0.010503398391817  0.153254357506645  0.114943755768957 
43.0    T  0.070072879876782  0.000000000000000  0.009538644630228  0.037395280100960  0.017133931071686  0.050240686921447  0.000000000000000  0.000000000000000  0.051260806949795  0.036625696364829  0.017787406704295  0.012577595900330  0.257206676973394  0.015082297263621  0.043134917293645  0.204617295397701  0.088510964888409  0.045784402331604  0.038419964601706  0.004468480364077  0.940826107513788  0.000000000000000  0.058883204619051  0.000000000000000  0.000000000000000  0.621574834451970  0.378404198242395  0.011117683290895  1.000000000000000  0.106063487713237 
44.0    G  0.037240080455439  0.000000000000000  0.037291741969741  0.090183042928852  0.015452670568452  0.178253214670518  0.000000000000000  0.005879870107074  0.078291527414008  0.077589218220382  0.005875795903862  0.152512563784028  0.024929538744032  0.091125586176036  0.046746429948825  0.120574773073017  0.009420373653834  0.008065613558463  0.017518219969195  0.002989251503560  0.955282936382437  0.011597840395539  0.033330805650993  0.323088207659373  0.676893139526230  0.167125061925642  0.832775770880549  0.009303569135664  0.470087101254563  0.211686328090632 
45.0    S  0.039692218204337  0.000000000000000  0.029790579540255  0.000000000000000  0.080381092714413  0.111413811987121  0.003677650252114  0.034410674940561  0.021050524638526  0.012788580962356  0.063901783163120  0.158000387306601  0.072997962163320  0.014043048853297  0.072745408400134  0.155178436440764  0.071297732241776  0.046908721797324  0.005172222306232  0.006560402288626  0.984866442895551  0.002282768063596  0.012647534633553  0.427204870444866  0.572758948989878  0.494142825750366  0.505926600513464  0.009335868787944  0.299992845593304  0.213602435222433 
46.0    S  0.056523711097568  0.000000000000000  0.184667257947820  0.000000000000000  0.041810236087066  0.088572337281764  0.021300040738789  0.007672965587995  0.037188490509584  0.010012874407502  0.014639397607382  0.123364568235730  0.056289123740496  0.007026393063654  0.036727385263118  0.199160024071396  0.081390261848064  0.013508394239185  0.020053529649420  0.000000000000000  1.000000000000000  0.000000000000000  0.000000000000000  0.000000000000000  0.000000000000000  0.679243142274472  0.320634150690562  0.008460742543171  1.000000000000000  0.299577255334855 
47.0    P  0.034267862143372  0.002933827982307  0.161096828810627  0.034007576302213  0.000000000000000  0.022066475068512  0.044132950137024  0.028855697210294  0.088879838161705  0.014111351721122  0.000000000000000  0.088449635020416  0.153042049050026  0.018998113799736  0.074842419038683  0.099995016041594  0.051545846788130  0.037629293163482  0.000000000000000  0.045122787360078  0.985549336939371  0.014649548382142  0.000000000000000  0.500000000000000  0.500000000000000  0.650670927720967  0.349411742962767  0.008722757515489  0.459456441739525  0.427204870444866 
48.0    T  0.019627224705368  0.007345110957103  0.060917476930722  0.067639040282857  0.012877532577394  0.051617354058483  0.024501264189867  0.069108165832517  0.026755883892077  0.065516404719808  0.000000000000000  0.063901783163120  0.054183597719668  0.105550110927973  0.157672176103906  0.021853376292788  0.078836088051953  0.045468146363586  0.000000000000000  0.066615421004246  1.000000000000000  0.000000000000000  0.000000000000000  0.000000000000000  0.000000000000000  0.000000000000000  1.000000000000000  0.008519591661447  1.000000000000000  0.478635729097649 
49.0    Y  0.024332021595677  0.052048485680034  0.039637231228933  0.022939853688033  0.006176477473468  0.009698652277548  0.004192422993724  0.002107867649423  0.080548414405313  0.005013382412355  0.000000000000000  0.080828058242968  0.011086901220315  0.090496135773722  0.053809324271181  0.009374776424791  0.013687473672924  0.003412394124675  0.000000000000000  0.490729531926740  0.995159721820083  0.004889829916617  0.000000000000000  0.500000000000000  0.500000000000000  0.820741608810498  0.179120206296638  0.008519591661447  0.497579860910041  0.478635729097649 
50.0    C  0.015668381810954  0.938871747315452  0.000000000000000  0.000000000000000  0.000000000000000  0.000000000000000  0.000000000000000  0.000000000000000  0.000000000000000  0.007119541254978  0.000000000000000  0.000000000000000  0.000000000000000  0.000000000000000  0.012123919598045  0.000000000000000  0.000000000000000  0.026259804757290  0.000000000000000  0.000000000000000  1.000000000000000  0.000000000000000  0.000000000000000  0.000000000000000  0.000000000000000  0.000000000000000  1.000000000000000  0.008472479756586  1.000000000000000  0.500000000000000 
51.0    N  0.004937512103331  0.000000000000000  0.158989125842947  0.042159454198116  0.002881428627115  0.007385954037115  0.007233953300995  0.000000000000000  0.022127741222102  0.000000000000000  0.000000000000000  0.629378586752429  0.000000000000000  0.006381007743047  0.012735505193791  0.018060729789919  0.064928693956104  0.000000000000000  0.015668381810954  0.007203930608692  1.000000000000000  0.000000000000000  0.000000000000000  0.000000000000000  0.000000000000000  0.000000000000000  1.000000000000000  0.008472479756586  1.000000000000000  0.500000000000000 
52.0    Q  0.056759276107594  0.000000000000000  0.112111019957752  0.071893243334413  0.000000000000000  0.045847917005229  0.032017400719775  0.018010724168732  0.037059828106592  0.061810682273808  0.012735505193791  0.050450067156548  0.005444442338623  0.091441951294020  0.047398985792951  0.120574773073017  0.090936292727172  0.129228842030996  0.000000000000000  0.016356410655853  0.993092495437036  0.000000000000000  0.007119541254978  0.000000000000000  0.000000000000000  0.000000000000000  1.000000000000000  0.008472479756586  1.000000000000000  0.500000000000000 
53.0    M  0.181117769319360  0.004248001526777  0.000000000000000  0.114546080584419  0.000000000000000  0.000000000000000  0.000000000000000  0.065789447169340  0.010237448467643  0.150412878249938  0.357000994921266  0.000000000000000  0.014004167180772  0.011094588738621  0.000000000000000  0.003938876776932  0.032486857349227  0.055168937268166  0.000000000000000  0.000000000000000  1.000000000000000  0.000000000000000  0.000000000000000  0.000000000000000  0.000000000000000  0.000000000000000  1.000000000000000  0.008490116113485  1.000000000000000  0.477641468191219 
54.0    M  0.000000000000000  0.000000000000000  0.000000000000000  0.000000000000000  0.016142412307565  0.000000000000000  0.000000000000000  0.096388176587996  0.000000000000000  0.059251685320540  0.721464343430814  0.000000000000000  0.000000000000000  0.000000000000000  0.020277168233425  0.014004167180772  0.045468146363586  0.026737344552581  0.000000000000000  0.000000000000000  0.995849753094458  0.004221583601716  0.000000000000000  0.500000000000000  0.500000000000000  0.825305408512657  0.174705871481383  0.008490116113485  0.498961359499525  0.477641468191219 
55.0    M  0.074998211398326  0.001821067356322  0.019249969897590  0.017664540111322  0.005493723437161  0.026941985781800  0.006515086279883  0.028379638053797  0.167356907122305  0.068583246098703  0.026387527731993  0.027546254934599  0.007710285514733  0.078400137782562  0.244007940194056  0.078836088051953  0.012225184089633  0.095061172077563  0.000000000000000  0.012735505193791  0.995159721820083  0.005175808660333  0.000000000000000  1.000000000000000  0.000000000000000  1.000000000000000  0.000000000000000  0.008490116113485  0.496546247718518  0.500000000000000 
56.0    R  0.047828024056958  0.012886461697033  0.025260027150174  0.070952631384129  0.000000000000000  0.061128967090459  0.019613624863791  0.019383864026803  0.087899574994570  0.018866884241977  0.018671737575887  0.048866852695537  0.020235046857100  0.065607292726442  0.255607132652481  0.022781396544009  0.017445515030978  0.058354996557207  0.075467536967906  0.053142135004012  0.959929261038908  0.000000000000000  0.039830019603727  0.000000000000000  0.000000000000000  0.000000000000000  0.000000000000000  0.008490116113485  1.000000000000000  1.000000000000000 
57.0    R  0.024264652343782  0.003900838539457  0.004642121504129  0.000000000000000  0.000000000000000  0.000000000000000  0.000000000000000  0.107172004579271  0.113361291116643  0.019491649561157  0.013859317268002  0.026259804757290  0.018236845340914  0.013517760790390  0.522680050102582  0.011210543239115  0.000000000000000  0.121329308721193  0.000000000000000  0.000000000000000  0.927230546435463  0.034674046002120  0.038313589376661  1.000000000000000  0.000000000000000  0.715984370600572  0.284204243309004  0.008466609115975  0.441351498145327  0.420739741142690 
58.0    E  0.018098325096791  0.017873921456309  0.016413196000168  0.063813257856700  0.000000000000000  0.145188591490715  0.013917076571979  0.039802421103953  0.136030305208850  0.056562903930182  0.000000000000000  0.332862903309093  0.000000000000000  0.044194173824159  0.038022573707315  0.018840747307668  0.026774436086518  0.024929538744032  0.006834255975827  0.000000000000000  0.995159721820083  0.005147187311461  0.000000000000000  0.687294347786015  0.312732270028317  0.826450318154212  0.173619391970639  0.008390659934532  0.381300413314071  0.373712312158735 
59.0    M  0.050066867349351  0.000000000000000  0.019064070473003  0.000000000000000  0.045373696246997  0.011702819800189  0.003168465451473  0.173499089876949  0.097598311575924  0.123964591342287  0.197647279150986  0.074068298183849  0.004388671496217  0.005831165559754  0.053846634982001  0.006099894473495  0.000000000000000  0.103163176064082  0.000000000000000  0.030606884299591  0.947370070599268  0.000000000000000  0.052701944390632  0.000000000000000  0.000000000000000  0.620713745763056  0.379191886343611  0.008602668735140  1.000000000000000  0.466193243218416 
60.0    T  0.013322420183874  0.000000000000000  0.005867655964613  0.000000000000000  0.023715925827720  0.000000000000000  0.061171353149840  0.039363436873356  0.057591511637419  0.053734780390188  0.006688970973019  0.050345268190547  0.027969533466499  0.023486898094774  0.034987902770445  0.071694189014135  0.316000774613202  0.034746223672410  0.009169126392823  0.170164264562434  0.692074858025740  0.291991848653279  0.015953314464175  0.584388624280623  0.415522930796824  0.279128240495643  0.720964435730112  0.009169126392823  0.146706022285169  0.379717922453632 
61.0    N  0.024603374267788  0.016176014435022  0.043254678626609  0.072142838594802  0.006805892126111  0.011565728890625  0.018414678247058  0.009030364894959  0.171823586946504  0.019942637012952  0.002587904330166  0.146198458006493  0.006944083446614  0.084202098554106  0.102948877158447  0.098277161517541  0.123792858991628  0.041406469282663  0.000000000000000  0.000000000000000  0.847919964633148  0.148136596367698  0.004077780966491  0.475329550614909  0.524494663787473  0.528875481809214  0.471065636952404  0.009080578964985  0.239152039522969  0.360232437209480 
62.0    G  0.019709022012988  0.000000000000000  0.044194173824159  0.040302132832996  0.028915763376183  0.306084098100051  0.044656066866909  0.000000000000000  0.044780051574159  0.034410674940561  0.004123256709523  0.077320779917948  0.102663837594008  0.058679484207216  0.089250248730317  0.030948214747907  0.016142412307565  0.007183984735560  0.031708204580653  0.018840747307668  0.840896415253715  0.000000000000000  0.158878961163208  0.000000000000000  0.000000000000000  0.902500727462430  0.097733705391074  0.008783429092020  1.000000000000000  0.424548123223420 
63.0    S  0.004766017618251  0.005273585879386  0.038660389958974  0.013574096642978  0.017579038823263  0.005433132701992  0.065561832973434  0.004622855553721  0.052628934600526  0.008850655353873  0.000000000000000  0.085200162955157  0.029462016747445  0.085614561247848  0.248962438273615  0.156041318612701  0.061939347704005  0.032986053676186  0.042452696392155  0.040386025957422  0.972654947412286  0.027261334555336  0.000000000000000  0.491069797631696  0.508739846051343  0.437392382452911  0.562529242344405  0.010964622859680  0.436483795566881  0.223291463088190 
64.0    C  0.000000000000000  0.952637998043937  0.000000000000000  0.000000000000000  0.008783429092020  0.007646419143730  0.000000000000000  0.000000000000000  0.000000000000000  0.000000000000000  0.000000000000000  0.000000000000000  0.000000000000000  0.000000000000000  0.009459633468364  0.007380836257791  0.000000000000000  0.000000000000000  0.007203930608692  0.007041019239147  0.993092495437036  0.007041019239147  0.000000000000000  1.000000000000000  0.000000000000000  0.754712984260280  0.245364765963370  0.011179504062679  0.493116352246680  0.315781815461450 
65.0    K  0.000000000000000  0.000000000000000  0.006606033495137  0.004175023403168  0.000000000000000  0.000000000000000  0.000000000000000  0.030691862351981  0.743806881217253  0.000000000000000  0.003999401954799  0.000000000000000  0.040023745666555  0.038902319855693  0.061086610400675  0.000000000000000  0.008906041192918  0.042393885232740  0.000000000000000  0.019613624863791  1.000000000000000  0.000000000000000  0.000000000000000  0.000000000000000  0.000000000000000  1.000000000000000  0.000000000000000  0.008930768245422  1.000000000000000  0.451250363731215 
66.0    P  0.027680234971949  0.000000000000000  0.126131454230585  0.079329430376238  0.020992241026895  0.016804599850897  0.005982648426150  0.000000000000000  0.112033337446176  0.076097876166437  0.006372167916711  0.086210057614191  0.213306524528017  0.030585676574920  0.070072879876782  0.058233776831548  0.027680234971949  0.018478609378815  0.012788580962356  0.011109979770213  1.000000000000000  0.000000000000000  0.000000000000000  0.000000000000000  0.000000000000000  0.000000000000000  0.000000000000000  0.008513688376667  1.000000000000000  1.000000000000000 
67.0    V  0.011973593439123  0.000000000000000  0.003662387095536  0.099511012347347  0.043344717785356  0.029646384848139  0.013021143861863  0.100064351332038  0.073709787016326  0.101884041550328  0.013659040943912  0.013849714049920  0.005193777766335  0.075572229739585  0.049962864397030  0.089622203000989  0.055900306361413  0.186468003336433  0.012482061194518  0.020460709735681  1.000000000000000  0.000000000000000  0.000000000000000  0.000000000000000  0.000000000000000  0.000000000000000  0.000000000000000  0.008513688376667  1.000000000000000  1.000000000000000 
68.0    N  0.000000000000000  0.000000000000000  0.004706923105448  0.005924873224119  0.000000000000000  0.000000000000000  0.189202099121197  0.000000000000000  0.013377941946038  0.000000000000000  0.000000000000000  0.704172113456040  0.000000000000000  0.021035938582450  0.010344444612464  0.000000000000000  0.012482061194518  0.000000000000000  0.000000000000000  0.038767728053606  1.000000000000000  0.000000000000000  0.000000000000000  0.000000000000000  0.000000000000000  0.000000000000000  0.000000000000000  0.008513688376667  1.000000000000000  1.000000000000000 
69.0    T  0.003662387095536  0.000000000000000  0.025120343460723  0.000000000000000  0.028855697210294  0.000000000000000  0.000000000000000  0.042926132294676  0.005924873224119  0.008590751166520  0.014367969471120  0.055360469943898  0.005154327776457  0.000000000000000  0.000000000000000  0.039830019603727  0.653382626946587  0.035747842912619  0.000000000000000  0.081052472165688  0.995159721820083  0.000000000000000  0.004762715211236  0.000000000000000  0.000000000000000  0.000000000000000  0.000000000000000  0.008513688376667  1.000000000000000  1.000000000000000 
70.0    F  0.000000000000000  0.000000000000000  0.007164094087536  0.000000000000000  0.895645670090849  0.000000000000000  0.000000000000000  0.031315050158739  0.000000000000000  0.012762015486094  0.006488047063210  0.000000000000000  0.000000000000000  0.000000000000000  0.000000000000000  0.000000000000000  0.006053561960619  0.027016788478371  0.000000000000000  0.013734993139247  0.993781093322555  0.000000000000000  0.005933092538338  0.000000000000000  0.000000000000000  0.000000000000000  1.000000000000000  0.008519591661447  1.000000000000000  0.494828328207603 
71.0    V  0.010481579881893  0.000000000000000  0.000000000000000  0.000000000000000  0.014751444049223  0.003503469373680  0.000000000000000  0.504875648798343  0.000000000000000  0.248445273330639  0.000000000000000  0.000000000000000  0.000000000000000  0.000000000000000  0.004856053394156  0.000000000000000  0.021807980689409  0.191312096227833  0.000000000000000  0.000000000000000  1.000000000000000  0.000000000000000  0.000000000000000  0.000000000000000  0.000000000000000  0.000000000000000  1.000000000000000  0.008566965535843  1.000000000000000  0.479299719246488 
72.0    H  0.003974530047276  0.012797448404060  0.000000000000000  0.000000000000000  0.013801797679398  0.018971795068673  0.666187412546011  0.026405824512891  0.011990203875007  0.052446852319159  0.000000000000000  0.005589752031340  0.000000000000000  0.033913417871306  0.036906020669673  0.000000000000000  0.000000000000000  0.020503300852999  0.000000000000000  0.096655792181915  0.978741650397436  0.021418481327808  0.000000000000000  0.397768241877459  0.602068690615708  0.000000000000000  1.000000000000000  0.008566965535843  0.456282744271726  0.479299719246488 
73.0    E  0.170755032094299  0.000000000000000  0.062068280964815  0.287174588749259  0.000000000000000  0.100970097201201  0.000000000000000  0.016053147490296  0.004571869693260  0.000000000000000  0.043767385027725  0.004575039770386  0.000000000000000  0.003572129255859  0.004114691546699  0.105039219029160  0.178624267467637  0.014568538850576  0.000000000000000  0.004204062987437  1.000000000000000  0.000000000000000  0.000000000000000  0.000000000000000  0.000000000000000  0.000000000000000  1.000000000000000  0.008566965535843  1.000000000000000  0.479299719246488 
74.0    P  0.006091444082901  0.000000000000000  0.060875266783953  0.034866853822655  0.014043048853297  0.004622855553721  0.002816267327071  0.005027301747271  0.003271119091830  0.047104215923699  0.008200911590805  0.080269738061839  0.173018714506435  0.016921485086343  0.064883704408941  0.299784978447778  0.165396429988515  0.012753172596108  0.000000000000000  0.000000000000000  1.000000000000000  0.000000000000000  0.000000000000000  0.000000000000000  0.000000000000000  0.000000000000000  1.000000000000000  0.008566965535843  1.000000000000000  0.479299719246488 
75.0    L  0.051688960527704  0.000000000000000  0.025772923394065  0.029769937438873  0.193311584363829  0.015229369232680  0.004140440560146  0.035797434311867  0.078945453865362  0.148650889375340  0.047794883683837  0.008466609115975  0.131487722400484  0.008303872455926  0.004626060983803  0.021050524638526  0.019545766876770  0.010642640895629  0.095921631000055  0.068773663085384  0.976031760776225  0.019654452684938  0.004622855553721  0.734584316639154  0.265355802237449  0.000000000000000  1.000000000000000  0.008566965535843  0.460093825312437  0.479299719246488 
76.0    A  0.187764990867616  0.000000000000000  0.087413505171154  0.134157535799182  0.013129902378645  0.076203443379769  0.025790794016021  0.004802495575213  0.056995822844986  0.000000000000000  0.000000000000000  0.039118639332937  0.049893649147291  0.073149915092162  0.068678388598555  0.063636574985289  0.047695600280017  0.022081775685668  0.020603025226443  0.028975954576108  1.000000000000000  0.000000000000000  0.000000000000000  0.000000000000000  0.000000000000000  0.265171935342054  0.734584316639154  0.008602668735140  1.000000000000000  0.469110598250336 
77.0    H  0.043314683926575  0.000000000000000  0.184539300710354  0.073812041339346  0.003235041645838  0.029769937438873  0.014498023069864  0.002568247578526  0.111723145294598  0.004277548714037  0.000000000000000  0.171823586946504  0.023083407243478  0.045911519789947  0.042159454198116  0.083562530962821  0.071594868623735  0.079881210200191  0.000000000000000  0.014229216149875  1.000000000000000  0.000000000000000  0.000000000000000  0.125000000000000  0.874784764905822  0.475988954248766  0.523768063549899  0.008566965535843  0.494828328207603  0.479299719246488 
78.0    V  0.013706461698950  0.000000000000000  0.000000000000000  0.000000000000000  0.000000000000000  0.000000000000000  0.000000000000000  0.304602565918798  0.000000000000000  0.104893704638318  0.012806321994336  0.000000000000000  0.000000000000000  0.000000000000000  0.007345110957103  0.026006210459735  0.009558500321343  0.521232880420561  0.000000000000000  0.000000000000000  0.995159721820083  0.000000000000000  0.004849326138774  0.000000000000000  0.000000000000000  0.000000000000000  1.000000000000000  0.008555097428075  1.000000000000000  0.493116352246680 
79.0    H  0.081390261848064  0.000000000000000  0.019572881853502  0.078400137782562  0.000000000000000  0.003698100122018  0.037577164028068  0.010753871887427  0.202360554136852  0.038714021805747  0.010187896369208  0.055168937268166  0.006768256690626  0.174463845515271  0.112890813768978  0.010657404959995  0.029502888098445  0.122767449407924  0.005175808660333  0.000000000000000  1.000000000000000  0.000000000000000  0.000000000000000  0.000000000000000  0.000000000000000  0.420156876116641  0.579949827252717  0.008543245761599  1.000000000000000  0.482299092292069 
80.0    A  0.369334515895640  0.004849326138774  0.045975210807992  0.015810206266046  0.000000000000000  0.105184935285673  0.056445406884489  0.005328702479997  0.082870360018666  0.008525499039492  0.000000000000000  0.063065727115293  0.018594245254792  0.006973023214633  0.090370768409109  0.061939347704005  0.055322110286222  0.009252121967607  0.000000000000000  0.000000000000000  1.000000000000000  0.000000000000000  0.000000000000000  0.000000000000000  0.000000000000000  0.000000000000000  1.000000000000000  0.008555097428075  1.000000000000000  0.493116352246680 
81.0    A  0.046617000834108  0.000000000000000  0.000000000000000  0.006810611246383  0.039692218204337  0.000000000000000  0.000000000000000  0.309712174445977  0.000000000000000  0.085141127165031  0.016909760070714  0.000000000000000  0.000000000000000  0.000000000000000  0.000000000000000  0.010635266535152  0.088143622530274  0.396392068305142  0.000000000000000  0.000000000000000  1.000000000000000  0.000000000000000  0.000000000000000  0.000000000000000  0.000000000000000  0.000000000000000  1.000000000000000  0.008555097428075  1.000000000000000  0.493116352246680 
82.0    C  0.000000000000000  0.922742492653798  0.000000000000000  0.000000000000000  0.000000000000000  0.000000000000000  0.012985091587401  0.000000000000000  0.000000000000000  0.000000000000000  0.000000000000000  0.000000000000000  0.051048061944376  0.012967102899843  0.000000000000000  0.000000000000000  0.000000000000000  0.000000000000000  0.000000000000000  0.000000000000000  0.992404374685819  0.002651455038828  0.005006437203751  0.333324669272800  0.666649338545599  0.000000000000000  1.000000000000000  0.008578850107711  0.500000000000000  0.493116352246680 
83.0    S  0.019668080836013  0.000000000000000  0.024180703024100  0.025400487562010  0.036196650193583  0.170282254330061  0.009426905622818  0.053474689105163  0.146706022285169  0.032871930600121  0.009512234520805  0.059251685320540  0.000000000000000  0.035946621667206  0.074171049853533  0.136313466583157  0.098686735837569  0.012985091587401  0.004779250160671  0.050101583087462  0.934327346883180  0.000000000000000  0.065380308737033  0.000000000000000  0.000000000000000  0.189990607050190  0.810003473632046  0.008596707885673  1.000000000000000  0.470087101254563 
84.0    Q  0.077428043611494  0.000000000000000  0.040470093714201  0.016944959513173  0.002508429314432  0.143289023216047  0.023340835267380  0.000000000000000  0.032195436050627  0.026998068356259  0.020674553748564  0.193311584363829  0.003395877187852  0.120993378361717  0.053511767784154  0.086449414313185  0.106505511884358  0.013368672276291  0.007641120886307  0.030926770512975  0.902500727462430  0.030883926609398  0.066707833627497  1.000000000000000  0.000000000000000  0.250867937127376  0.748980467212091  0.008949358577967  0.435577096071128  0.315781815461450 
85.0    K  0.043555538708983  0.000000000000000  0.045657636829552  0.066292983835514  0.000000000000000  0.084553014440642  0.003064781632409  0.060622619396358  0.125260200634954  0.024877753086837  0.000000000000000  0.018098325096791  0.276624338273068  0.023947186878247  0.059416193826864  0.069156084568267  0.072042896674929  0.026960667016958  0.000000000000000  0.000000000000000  0.957935218222696  0.000000000000000  0.042247213532129  0.000000000000000  0.000000000000000  0.161880374856803  0.837987134667949  0.009036626436760  1.000000000000000  0.259714775824416 
86.0    N  0.026737344552581  0.007577827424545  0.042393885232740  0.025155191800660  0.039857637239955  0.095988141856381  0.017566858184041  0.030841142058933  0.121329308721193  0.012630013575087  0.000000000000000  0.284204243309004  0.005358333158557  0.016862941195382  0.053883971563600  0.155178436440764  0.034434534871144  0.023179608341268  0.000000000000000  0.006749517089065  0.859160754947185  0.105330853687894  0.035451733904249  0.520510798842056  0.479299719246488  0.208049683677881  0.791685865871272  0.009049162548396  0.285784583853509  0.247414164103802 
87.0    V  0.013868927144836  0.054598305994793  0.015197733553317  0.003919811517615  0.000000000000000  0.119410367047805  0.000000000000000  0.153999759180720  0.050520054300348  0.000000000000000  0.034626010870779  0.048529304687565  0.000000000000000  0.006412043818832  0.032039601184019  0.049790006017849  0.058801631719612  0.286776756056541  0.057911753868148  0.013706461698950  0.757333157938488  0.009067999331123  0.233581836720795  1.000000000000000  0.000000000000000  0.107023535568307  0.893165852352760  0.009252121967607  0.485653747770817  0.242826873885408 
88.0    T  0.152724137709188  0.000000000000000  0.018023212579063  0.008240799352094  0.061682284117865  0.000000000000000  0.006877023543462  0.041955390711883  0.107097744346071  0.042393885232740  0.002484205091296  0.051189793616239  0.140242935066311  0.047828024056958  0.042305821220389  0.011109979770213  0.257563488405019  0.008384845987449  0.000000000000000  0.000000000000000  0.939522749214012  0.000000000000000  0.060329189054485  0.000000000000000  0.000000000000000  0.035085044439800  0.964598184584138  0.013744516811288  1.000000000000000  0.105769824575036 
89.0    C  0.010776257201774  0.856781954768570  0.007699604194839  0.000000000000000  0.012976094126420  0.024097044146999  0.000000000000000  0.007704943003854  0.000000000000000  0.010438078737423  0.000000000000000  0.003157503393772  0.020674553748564  0.017554685984869  0.000000000000000  0.000000000000000  0.008644510571033  0.000000000000000  0.000000000000000  0.019464647118273  0.976031760776225  0.000000000000000  0.024097044146999  0.500000000000000  0.500000000000000  0.655651007107824  0.344362511595784  0.014833470639852  0.393926943024673  0.098277161517541 
90.0    K  0.009049162548396  0.000000000000000  0.053178983094159  0.115903818304433  0.000000000000000  0.067826835742613  0.004334255750265  0.000000000000000  0.412652704256329  0.005240789940946  0.013734993139247  0.028359973603661  0.066985841408518  0.038419964601706  0.113754853010112  0.040864729641774  0.017640068825096  0.012225184089633  0.000000000000000  0.000000000000000  0.980099415341871  0.020137103601328  0.000000000000000  0.452503231441453  0.547526235396787  0.086749544938474  0.913198250011992  0.010173782731008  0.469761374607006  0.254722799154181 
91.0    N  0.014437852694482  0.000000000000000  0.129049816935405  0.023732370153352  0.012886461697033  0.032871930600121  0.018555619782397  0.000000000000000  0.026387527731993  0.061086610400675  0.000000000000000  0.492092011016900  0.000000000000000  0.056055509978876  0.046038990181765  0.045720975647010  0.032084048303750  0.009055437124254  0.000000000000000  0.000000000000000  0.937571096457110  0.000000000000000  0.062500000000000  0.000000000000000  0.000000000000000  0.022173802440631  0.978063473447339  0.010216182410443  1.000000000000000  0.269620107923613 
92.0    G  0.009759344731667  0.000000000000000  0.020193012978711  0.016504462896123  0.007726335284226  0.414372452243996  0.030458738465361  0.000000000000000  0.043164826504496  0.026941985781800  0.013499034178129  0.142991371650476  0.026755883892077  0.000000000000000  0.112656307826354  0.027280237222930  0.055398856199679  0.004578212045604  0.000000000000000  0.047794883683837  0.778624691061662  0.216134307826966  0.005451995172352  0.494485458190466  0.505576040425652  0.332632260270172  0.667574151647954  0.011218316489246  0.205327675188016  0.200128702664076 
93.0    K  0.042688758023575  0.005652089397932  0.029687511964840  0.015356571852270  0.011735311929226  0.148136596367698  0.030798416779355  0.044904380517002  0.093817443594648  0.006275734349664  0.000000000000000  0.079715274479909  0.007055675860561  0.116225617826645  0.124136561929630  0.070952631384129  0.045154074935110  0.078945453865362  0.002897451042658  0.045879707376066  0.958599438492977  0.038340155539181  0.002889428729002  0.693515484565693  0.306721244313451  0.262429170905767  0.737645728541420  0.009992074853730  0.432868282759829  0.229251010801168 
94.0    G  0.013994463595170  0.000000000000000  0.014588749139302  0.075050214217826  0.015061403245948  0.098686735837569  0.017277041458129  0.048093975630027  0.136124626917013  0.070121467533155  0.020277168233425  0.057711394420587  0.041723384477997  0.012551468699329  0.116145084281364  0.113204247877228  0.114784520287615  0.015603354157829  0.000000000000000  0.018919266936727  0.874784764905822  0.110032376695394  0.015345931175990  0.724973416439426  0.274904037328638  0.849684999138650  0.150100428435651  0.009368280576493  0.302079460847486  0.276049711790773 
95.0    N  0.003060535886521  0.006877023543462  0.022530138616566  0.003716087016921  0.045029054651185  0.025541729015259  0.015603354157829  0.004337261068862  0.089003137224817  0.016311123865964  0.000000000000000  0.532554101696709  0.000000000000000  0.000000000000000  0.037188490509584  0.069588851139293  0.027527167941468  0.056759276107594  0.004590923157890  0.039830019603727  0.990342871933025  0.005072807041914  0.004590923157890  0.500000000000000  0.500000000000000  0.141316320890574  0.858565436437754  0.008813922948879  0.492092011016900  0.439215234119181 
96.0    C  0.046487930076078  0.602068690615708  0.000000000000000  0.014936645587402  0.028855697210294  0.000000000000000  0.000000000000000  0.011265069308283  0.003253030355002  0.149166967878965  0.029258507732328  0.000000000000000  0.000000000000000  0.011156281091290  0.000000000000000  0.024569290379385  0.016108879981169  0.037059828106592  0.000000000000000  0.025808677029241  1.000000000000000  0.000000000000000  0.000000000000000  0.000000000000000  0.000000000000000  0.525222272005377  0.475000191437443  0.008789519411631  1.000000000000000  0.440129506781575 
97.0    Y  0.000000000000000  0.055900306361413  0.000000000000000  0.000000000000000  0.051403129294529  0.000000000000000  0.361232599480881  0.007279222103944  0.006707542472170  0.007089993400915  0.007998803909597  0.020039634418160  0.003037289202666  0.000000000000000  0.104675810938553  0.113047422195136  0.068869069742288  0.020963159763785  0.000000000000000  0.171704529178703  0.987600861445373  0.000000000000000  0.012421644546078  0.000000000000000  0.000000000000000  0.730522189272838  0.269620107923613  0.008656502717695  1.000000000000000  0.475000191437443 
98.0    K  0.003744529056613  0.000000000000000  0.065335006262823  0.060496689180859  0.000000000000000  0.027431931175297  0.026607928367155  0.094273754792911  0.104458369865232  0.066247048962330  0.009971318506476  0.073607674349686  0.003346804510815  0.187504873660727  0.143886186415970  0.022545760732213  0.059788009880742  0.045689295262501  0.000000000000000  0.005048253244678  0.893165852352760  0.098960733233909  0.008060024838292  1.000000000000000  0.000000000000000  0.869344560090022  0.130851285246822  0.008692579067069  0.295657750061036  0.467811748915700 
99.0    S  0.044470733163581  0.002716566350996  0.016187230680625  0.000000000000000  0.000000000000000  0.030143693268254  0.000000000000000  0.010613174098039  0.005459558483793  0.000000000000000  0.000000000000000  0.031950891581560  0.000000000000000  0.012023493907507  0.030143693268254  0.716977624007914  0.093687475109722  0.005543450610158  0.000000000000000  0.000000000000000  0.787307976569203  0.000000000000000  0.212421249784663  0.000000000000000  0.000000000000000  0.964598184584138  0.035525530413625  0.008484233252518  1.000000000000000  0.375009747321455 
100.0    S  0.019064070473003  0.016596237288990  0.014427848605147  0.057352492644460  0.000000000000000  0.043676467870346  0.047761766273911  0.009499056899868  0.130942015887475  0.021883692513863  0.028497911422493  0.085259239679960  0.073403873200853  0.077481731246187  0.085436715746363  0.198884120938730  0.080716084393896  0.002812365856474  0.000000000000000  0.006385432253815  1.000000000000000  0.000000000000000  0.000000000000000  0.000000000000000  0.000000000000000  0.350139080221801  0.649769531227720  0.012157580883678  1.000000000000000  0.202922395244320 
101.0    S  0.058112808913323  0.002254463706088  0.057871626407958  0.057992092279455  0.009011606289531  0.055437269072009  0.016097718025314  0.004307301418238  0.065561832973434  0.043045313949473  0.014639397607382  0.055514174740150  0.024964122389036  0.062630100317477  0.049549008538143  0.279709275258928  0.071793647187315  0.041349107497129  0.000000000000000  0.030101934188130  0.994470168673214  0.005229903347572  0.000000000000000  1.000000000000000  0.000000000000000  0.982820598545251  0.017205337470281  0.009806812431896  0.488015880388112  0.275476278969153 
102.0    A  0.057751410777926  0.000000000000000  0.006619784648017  0.077535456107212  0.000000000000000  0.031708204580653  0.013012121420009  0.018389167769043  0.107693269964002  0.054108535344979  0.000000000000000  0.009820416988452  0.252262908461170  0.093492859897649  0.090810315598211  0.091632297324326  0.061213768599183  0.029935475569459  0.000000000000000  0.004134704667481  0.997231251352069  0.002655133284974  0.000000000000000  1.000000000000000  0.000000000000000  0.000000000000000  1.000000000000000  0.008602668735140  0.500000000000000  0.500000000000000 
103.0    L  0.000000000000000  0.000000000000000  0.000000000000000  0.000000000000000  0.382624192455667  0.000000000000000  0.000000000000000  0.086030975099419  0.000000000000000  0.172779025816073  0.105623298051564  0.000000000000000  0.012841877926482  0.000000000000000  0.000000000000000  0.000000000000000  0.010517969291225  0.229409970577841  0.000000000000000  0.000000000000000  1.000000000000000  0.000000000000000  0.000000000000000  0.000000000000000  0.000000000000000  1.000000000000000  0.000000000000000  0.008602668735140  1.000000000000000  0.500000000000000 
104.0    H  0.009658400475945  0.000000000000000  0.070560275300383  0.108743419088581  0.003734161396851  0.007249011534932  0.075050214217826  0.000000000000000  0.147317425976460  0.007828762539685  0.000000000000000  0.036071419297401  0.194791144915125  0.080436827956329  0.088265900274047  0.126044056861824  0.018274807250812  0.000000000000000  0.000000000000000  0.025916235806701  1.000000000000000  0.000000000000000  0.000000000000000  0.000000000000000  0.000000000000000  0.000000000000000  0.000000000000000  0.008602668735140  1.000000000000000  1.000000000000000 
105.0    I  0.006078790441839  0.013811367672870  0.000000000000000  0.000000000000000  0.020165038913309  0.054978067245152  0.000000000000000  0.226094844390272  0.018211581220852  0.257206676973394  0.069878865685366  0.013012121420009  0.000000000000000  0.008166875782853  0.012709049970814  0.000000000000000  0.045943354262158  0.250346813927834  0.000000000000000  0.003476858333018  1.000000000000000  0.000000000000000  0.000000000000000  0.000000000000000  0.000000000000000  0.000000000000000  0.000000000000000  0.008602668735140  1.000000000000000  1.000000000000000 
106.0    T  0.023568438698228  0.000000000000000  0.007715631730042  0.000000000000000  0.004157696025208  0.000000000000000  0.000000000000000  0.051688960527704  0.000000000000000  0.072997962163320  0.007577827424545  0.013285533751003  0.016573245958878  0.000000000000000  0.000000000000000  0.020789516266886  0.679243142274472  0.102379587232478  0.000000000000000  0.000000000000000  0.962594443101751  0.000000000000000  0.037265902260332  0.000000000000000  0.000000000000000  0.000000000000000  0.000000000000000  0.008626553493462  1.000000000000000  1.000000000000000 
107.0    D  0.007758535120602  0.000000000000000  0.203344799533031  0.045436641166260  0.028935813203979  0.000000000000000  0.029016151634585  0.081616236693057  0.037629293163482  0.030926770512975  0.060875266783953  0.012630013575087  0.000000000000000  0.042335155546418  0.034482304376311  0.012709049970814  0.193311584363829  0.101110168545217  0.000000000000000  0.077912574642194  1.000000000000000  0.000000000000000  0.000000000000000  0.000000000000000  0.000000000000000  0.000000000000000  1.000000000000000  0.008449021589716  1.000000000000000  0.393926943024673 
108.0    C  0.000000000000000  0.965936328924846  0.000000000000000  0.000000000000000  0.005659930291230  0.005444442338623  0.000000000000000  0.000000000000000  0.000000000000000  0.000000000000000  0.000000000000000  0.000000000000000  0.000000000000000  0.000000000000000  0.000000000000000  0.000000000000000  0.000000000000000  0.015711884068726  0.000000000000000  0.007203930608692  0.976708528962227  0.016299821773904  0.006872258405644  0.487339815445774  0.512633618944297  1.000000000000000  0.000000000000000  0.008449021589716  0.363241262392842  0.393926943024673 
109.0    R  0.009840859218339  0.006416489849626  0.023438109207591  0.035698320214017  0.006638164055771  0.004268663043363  0.039802421103953  0.031034140482407  0.159320078414908  0.028399316139016  0.000000000000000  0.167472950303480  0.000000000000000  0.097869287032068  0.202220337090435  0.059870951138919  0.066109435226152  0.031642337729703  0.000000000000000  0.030018589498546  0.933679944915313  0.005601387687562  0.060748811748835  0.500000000000000  0.500000000000000  0.000000000000000  1.000000000000000  0.008656502717695  0.494142825750366  0.482968164462423 
110.0    L  0.010547171758771  0.000000000000000  0.003496191683312  0.041091961256408  0.027872766231878  0.000000000000000  0.093622558401511  0.031055659166330  0.013267128850732  0.574349177498517  0.006228066222973  0.005336094752947  0.000000000000000  0.028915763376183  0.079054971397121  0.000000000000000  0.002913562552132  0.057631444869539  0.024705909893873  0.000000000000000  0.971980987981352  0.000000000000000  0.027853452996780  0.784040454075739  0.216134307826966  0.605836330215122  0.394200087028139  0.008869078923016  0.388234437500520  0.320411981040048 
111.0    K  0.025988190574216  0.000000000000000  0.026042287723726  0.069396177101790  0.000000000000000  0.000000000000000  0.011767894270577  0.092461719328052  0.128603338486697  0.031336763621909  0.021567458646822  0.016120049676584  0.013175486097658  0.025312608551001  0.057831526752366  0.051976381148432  0.387427965479586  0.025260027150174  0.000000000000000  0.015679246070461  0.989656656415207  0.005229903347572  0.005002968208319  1.000000000000000  0.000000000000000  0.047169561516268  0.952637998043937  0.009387781636929  0.492092011016900  0.371130892657262 
112.0    G  0.049893649147291  0.007119541254978  0.007888682012474  0.053326631132004  0.009239304689407  0.277969789379277  0.017217267435572  0.000000000000000  0.081729459283547  0.000000000000000  0.008303872455926  0.059251685320540  0.032577055026285  0.005226279510883  0.053734780390188  0.208338301789805  0.102948877158447  0.018035709648701  0.000000000000000  0.007213924302573  0.856781954768570  0.054146053525005  0.089312133733818  1.000000000000000  0.000000000000000  0.000000000000000  1.000000000000000  0.009420373653834  0.399149193178325  0.369078601420708 
113.0    N  0.033423346496414  0.000000000000000  0.006661210091937  0.021226348196077  0.014947002470186  0.530343870684108  0.003611965930132  0.000000000000000  0.024247839196089  0.013640118611465  0.000000000000000  0.049652150006007  0.064079202368037  0.023880883136956  0.057711394420587  0.112266546610492  0.013744516811288  0.000000000000000  0.015463385256488  0.015113692650218  0.885767519102361  0.009387781636929  0.104675810938553  0.437089310205187  0.562919293068381  0.110261420649647  0.889458993537898  0.011010318399547  0.489031736723670  0.256672386430000 
114.0    S  0.073403873200853  0.000000000000000  0.009854511006494  0.061256213458867  0.006796463693036  0.062370169937441  0.036146505747040  0.007468322793701  0.086569341756933  0.015071846634127  0.000000000000000  0.009194583884522  0.016198454703433  0.089250248730317  0.053697547184199  0.376050937847172  0.089312133733818  0.007391075365044  0.000000000000000  0.000000000000000  0.866336856400087  0.040695130924032  0.093104841445169  0.649319301364942  0.350867931509769  0.400812664699697  0.599154510669709  0.013984766733250  0.379191886343611  0.183264594648651 
115.0    K  0.033984012214215  0.000000000000000  0.001865786985122  0.018788582014034  0.000000000000000  0.000000000000000  0.000000000000000  0.012551468699329  0.180241108932528  0.008936960728155  0.008110463051118  0.036297147872679  0.100481373842894  0.176165094392752  0.181998693624886  0.053958722410901  0.125956720051313  0.047366142703450  0.004192422993724  0.009131072254385  0.870550563296124  0.129408115480172  0.000000000000000  0.980779003988551  0.019343598294335  0.597909898388062  0.401925495371576  0.011841535675862  0.301243078748697  0.186338798349865 
116.0    Y  0.017898717155934  0.037111239564794  0.007938047992138  0.016322433794754  0.059457392270737  0.004815829396343  0.064346255214625  0.058801631719612  0.032986053676186  0.013574096642978  0.034220389712299  0.023163547028169  0.123450107680672  0.000000000000000  0.083042863381032  0.023438109207591  0.033936933010072  0.013878543685038  0.010202029586632  0.341273429471292  1.000000000000000  0.000000000000000  0.000000000000000  0.000000000000000  0.000000000000000  0.000000000000000  1.000000000000000  0.010409178321031  1.000000000000000  0.332632260270172 
117.0    P  0.005949565389466  0.000000000000000  0.000000000000000  0.000000000000000  0.000000000000000  0.032780916486717  0.000000000000000  0.009665097489744  0.015155654849090  0.035772630018709  0.000000000000000  0.014792400488074  0.650220073274240  0.000000000000000  0.043404847992660  0.071051060827251  0.095259051896236  0.025701564647265  0.000000000000000  0.000000000000000  0.995159721820083  0.004726539411013  0.000000000000000  0.337041932934264  0.662962880149329  0.933679944915313  0.066155274679696  0.010409178321031  0.474342157570227  0.332632260270172 
118.0    N  0.057871626407958  0.000000000000000  0.105623298051564  0.005350910077990  0.000000000000000  0.021747599872361  0.041234622211653  0.000000000000000  0.062586703481958  0.003244023531605  0.005961950035002  0.278548412704833  0.158219574246285  0.071594868623735  0.088572337281764  0.054071043161562  0.027950153180706  0.006537705020964  0.000000000000000  0.010903990344704  1.000000000000000  0.000000000000000  0.000000000000000  0.000000000000000  0.000000000000000  0.618566239343586  0.381564802240140  0.008614602836476  1.000000000000000  0.494485458190466 
119.0    C  0.000000000000000  0.885153764579545  0.000000000000000  0.000000000000000  0.003219383144349  0.004842608202887  0.000000000000000  0.000000000000000  0.007249011534932  0.000000000000000  0.000000000000000  0.029564301460175  0.000000000000000  0.004795842515293  0.012568880795967  0.025934205799687  0.000000000000000  0.000000000000000  0.000000000000000  0.026479138592066  0.995159721820083  0.000000000000000  0.004856053394156  0.000000000000000  0.000000000000000  0.000000000000000  1.000000000000000  0.008596707885673  1.000000000000000  0.500000000000000 
120.0    D  0.076786686277853  0.000000000000000  0.051796556530500  0.042305821220389  0.000000000000000  0.027641888604111  0.073200636326176  0.020717590004667  0.094732285406900  0.004137571619859  0.016886334406865  0.064435519924674  0.038526635170744  0.083158065067543  0.281069730944654  0.053846634982001  0.013734993139247  0.033469713224733  0.000000000000000  0.023552107961850  1.000000000000000  0.000000000000000  0.000000000000000  0.000000000000000  0.000000000000000  0.000000000000000  1.000000000000000  0.008602668735140  1.000000000000000  0.489370825198718 
121.0    Y  0.000000000000000  0.005605271619557  0.000000000000000  0.026534257701464  0.020560226953578  0.000000000000000  0.007866840234818  0.015679246070461  0.000000000000000  0.000000000000000  0.000000000000000  0.000000000000000  0.000000000000000  0.000000000000000  0.000000000000000  0.000000000000000  0.000000000000000  0.000000000000000  0.000000000000000  0.924022572446823  0.994470168673214  0.005671712030875  0.000000000000000  0.500000000000000  0.500000000000000  0.000000000000000  1.000000000000000  0.008602668735140  0.483973513446869  0.489370825198718 
122.0    Q  0.024946824573645  0.000000000000000  0.027527167941468  0.056838015737546  0.000000000000000  0.004169239601719  0.116386852478779  0.004697145503509  0.211539649150072  0.024705909893873  0.000000000000000  0.076256281892014  0.000000000000000  0.101884041550328  0.197647279150986  0.069588851139293  0.066754088002991  0.017122058850745  0.000000000000000  0.000000000000000  1.000000000000000  0.000000000000000  0.000000000000000  0.333324669272800  0.666649338545599  0.720464874418961  0.279515462741465  0.008602668735140  0.494828328207603  0.489370825198718 
123.0    T  0.089684345912919  0.000000000000000  0.051403129294529  0.102166916061035  0.000000000000000  0.128336193215000  0.010373165299863  0.024063661694877  0.014052786127309  0.039281667953807  0.017015578364627  0.005317633267576  0.006003418676906  0.047530586038782  0.016769691974898  0.188155843426383  0.242322454233766  0.007807086663988  0.000000000000000  0.009800017222820  1.000000000000000  0.000000000000000  0.000000000000000  0.000000000000000  0.000000000000000  0.000000000000000  1.000000000000000  0.008596707885673  1.000000000000000  0.500000000000000 
124.0    S  0.019804883156788  0.000000000000000  0.040836414184162  0.026979361205450  0.062630100317477  0.003153129197284  0.017689045345479  0.073607674349686  0.109803808529795  0.011759740214149  0.021627339313304  0.033913417871306  0.000000000000000  0.010987446874321  0.056798632278033  0.165281825642822  0.257563488405019  0.067218399403586  0.000000000000000  0.020319377289820  0.971980987981352  0.027988927190339  0.000000000000000  1.000000000000000  0.000000000000000  0.000000000000000  1.000000000000000  0.008596707885673  0.443498152576075  0.500000000000000 
125.0    N  0.067685940345370  0.000000000000000  0.019196671569463  0.024046987815013  0.000000000000000  0.034291623049351  0.031708204580653  0.023864335905636  0.085852264589351  0.051403129294529  0.005648173025569  0.057392260143808  0.103593113060999  0.115743252815915  0.097463105326415  0.072896835611779  0.129497845445002  0.026848773592100  0.000000000000000  0.052958277184132  0.993781093322555  0.006542238183660  0.000000000000000  0.689202576487815  0.310787417225985  0.751580739032781  0.248617542168304  0.008620576094078  0.478967609111348  0.487002134271620 
126.0    Y  0.077374393177340  0.000000000000000  0.035797434311867  0.060371020557803  0.034506213973847  0.056995822844986  0.000000000000000  0.010598471308185  0.073812041339346  0.089808761034004  0.027016788478371  0.011446100582901  0.011156281091290  0.072192861534599  0.062326953209504  0.276624338273068  0.086629367853151  0.006721504926652  0.000000000000000  0.006633564425366  1.000000000000000  0.000000000000000  0.000000000000000  0.000000000000000  0.000000000000000  0.000000000000000  1.000000000000000  0.008596707885673  1.000000000000000  0.500000000000000 
127.0    Q  0.000000000000000  0.000000000000000  0.010344444612464  0.114228931278675  0.066109435226152  0.000000000000000  0.015549370653439  0.023683071351725  0.034939432842683  0.083388948104861  0.022860487823505  0.135371880690741  0.028183605574445  0.083678453561153  0.030101934188130  0.050032175666019  0.190914687245088  0.035304600455316  0.004180815228229  0.071051060827251  1.000000000000000  0.000000000000000  0.000000000000000  0.000000000000000  0.000000000000000  0.000000000000000  1.000000000000000  0.008596707885673  1.000000000000000  0.500000000000000 
128.0    K  0.023748825881274  0.000000000000000  0.006323767316777  0.034291623049351  0.000000000000000  0.138024855895387  0.025577161924713  0.000000000000000  0.334018519597525  0.000000000000000  0.030101934188130  0.085971363633734  0.002513650873635  0.049721030234682  0.197510327965844  0.059663813383732  0.012638771068152  0.000000000000000  0.000000000000000  0.000000000000000  0.974004268543241  0.000000000000000  0.026006210459735  0.000000000000000  0.000000000000000  0.000000000000000  1.000000000000000  0.008596707885673  1.000000000000000  0.500000000000000 
129.0    R  0.008275143239718  0.004719991575742  0.015527829583165  0.000000000000000  0.170282254330061  0.003919811517615  0.131487722400484  0.026314467300263  0.125782227937223  0.016176014435022  0.000000000000000  0.024705909893873  0.023147496844068  0.013725476066224  0.109727724701190  0.057432055217441  0.031862427593693  0.037733768483953  0.000000000000000  0.199160024071396  1.000000000000000  0.000000000000000  0.000000000000000  0.000000000000000  0.000000000000000  0.000000000000000  1.000000000000000  0.008413956064008  1.000000000000000  0.421907898065009 
130.0    I  0.006801176275751  0.000000000000000  0.000000000000000  0.000000000000000  0.059870951138919  0.000000000000000  0.000000000000000  0.498961359499525  0.000000000000000  0.050032175666019  0.000000000000000  0.008015454260446  0.019545766876770  0.000000000000000  0.000000000000000  0.005990947889348  0.007340021478234  0.173018714506435  0.000000000000000  0.170518479359919  1.000000000000000  0.000000000000000  0.000000000000000  0.000000000000000  0.000000000000000  0.000000000000000  1.000000000000000  0.008413956064008  1.000000000000000  0.421907898065009 
131.0    I  0.014598864795050  0.090308149870220  0.004556052225736  0.062543336716411  0.007129417879246  0.000000000000000  0.000000000000000  0.234717936828863  0.017433426911328  0.150100428435651  0.005455775517451  0.014004167180772  0.000000000000000  0.020731955321831  0.078945453865362  0.008350046806336  0.069348092004240  0.180866860733816  0.006619784648017  0.034458411345904  1.000000000000000  0.000000000000000  0.000000000000000  0.000000000000000  0.000000000000000  0.000000000000000  1.000000000000000  0.008402299925448  1.000000000000000  0.421907898065009 
132.0    V  0.021732530807969  0.000000000000000  0.000000000000000  0.000000000000000  0.070560275300383  0.000000000000000  0.000000000000000  0.258099633870810  0.000000000000000  0.096789878481653  0.007269137950805  0.000000000000000  0.000000000000000  0.000000000000000  0.000000000000000  0.000000000000000  0.050906722691888  0.494485458190466  0.000000000000000  0.000000000000000  1.000000000000000  0.000000000000000  0.000000000000000  0.000000000000000  0.000000000000000  0.000000000000000  1.000000000000000  0.008413956064008  1.000000000000000  0.421907898065009 
133.0    A  0.498615625676035  0.000000000000000  0.000000000000000  0.006185045827119  0.000000000000000  0.040666932982560  0.070121467533155  0.000000000000000  0.043164826504496  0.062413416631314  0.000000000000000  0.000000000000000  0.000000000000000  0.014033318326311  0.014926295880976  0.041492661199451  0.193311584363829  0.014988501864457  0.000000000000000  0.000000000000000  1.000000000000000  0.000000000000000  0.000000000000000  0.000000000000000  0.000000000000000  0.000000000000000  1.000000000000000  0.010230354867840  1.000000000000000  0.421907898065009 
134.0    C  0.000000000000000  1.000000000000000  0.000000000000000  0.000000000000000  0.000000000000000  0.000000000000000  0.000000000000000  0.000000000000000  0.000000000000000  0.000000000000000  0.000000000000000  0.000000000000000  0.000000000000000  0.000000000000000  0.000000000000000  0.000000000000000  0.000000000000000  0.000000000000000  0.000000000000000  0.000000000000000  1.000000000000000  0.000000000000000  0.000000000000000  0.000000000000000  0.000000000000000  0.000000000000000  1.000000000000000  0.010216182410443  1.000000000000000  0.421907898065009 
135.0    E  0.010911551034902  0.000000000000000  0.201102092735479  0.356753626429470  0.000000000000000  0.033562639738129  0.008638520729065  0.007139308204917  0.029238234307231  0.008138620539127  0.003647187284825  0.108743419088581  0.003762741773516  0.032396909406866  0.052665426843947  0.080102995260012  0.015690117863109  0.042159454198116  0.005459558483793  0.000000000000000  0.729004689408289  0.270931491711195  0.000000000000000  0.146909541052471  0.853226098112067  0.000000000000000  1.000000000000000  0.010230354867840  0.128514228332008  0.421907898065009 
136.0    G  0.019223302261737  0.000000000000000  0.135936048856860  0.024163948045479  0.000000000000000  0.250694108975269  0.011406500083238  0.052229184932616  0.042335155546418  0.007011797270838  0.029728696135369  0.145894762727308  0.136881558849197  0.024860515117341  0.064524908467703  0.025988190574216  0.013202912256446  0.012040173568100  0.003762741773516  0.000000000000000  0.765248384911334  0.234555299125168  0.000000000000000  0.455966582759885  0.544121220835402  0.000000000000000  1.000000000000000  0.010315803445430  0.216734390878672  0.421907898065009 
137.0    N  0.005794902085317  0.000000000000000  0.053326631132004  0.050695447223565  0.020137103601328  0.176531800548094  0.011398596439376  0.000000000000000  0.066661611301985  0.051154323849425  0.014978116226453  0.171347850622463  0.000000000000000  0.087960523457837  0.030018589498546  0.011890885787807  0.014700407929903  0.000000000000000  0.021314809919990  0.211979991158287  0.538493188096524  0.006275734349664  0.455334916795989  0.246558176123340  0.753145233316906  0.857970530428691  0.142003658098336  0.015431263460084  0.483303048532487  0.410086455598363 
138.0    P  0.006258358418669  0.021196942616370  0.017301009132567  0.054978067245152  0.000000000000000  0.000000000000000  0.034315400430845  0.052958277184132  0.098141014834197  0.007406460665068  0.000000000000000  0.000000000000000  0.617281303446769  0.030522141530070  0.004903406215948  0.012301687133894  0.000000000000000  0.042305821220389  0.000000000000000  0.000000000000000  0.984866442895551  0.000000000000000  0.014874654820274  0.000000000000000  0.000000000000000  0.009207339123529  0.991029563264079  0.039363436873356  1.000000000000000  0.098618355106558 
139.0    Y  0.000000000000000  0.039363436873356  0.000000000000000  0.022734073181793  0.089684345912919  0.000000000000000  0.004944361695196  0.049309177553279  0.003026780980309  0.301451956922690  0.000000000000000  0.000000000000000  0.016607744911852  0.025172634095273  0.023963791557392  0.036625696364829  0.000000000000000  0.237664775307455  0.000000000000000  0.149477474597016  1.000000000000000  0.000000000000000  0.000000000000000  0.000000000000000  0.000000000000000  0.976031760776225  0.024130472909118  0.040134869030920  1.000000000000000  0.097530685021713 
140.0    V  0.024552266145862  0.000000000000000  0.000000000000000  0.000000000000000  0.021226348196077  0.041377778449856  0.000000000000000  0.082354996983384  0.028379638053797  0.178996092650143  0.002285934846630  0.000000000000000  0.007208925723858  0.037499105699163  0.029956232452906  0.000000000000000  0.000000000000000  0.420739741142690  0.065972107352373  0.059416193826864  1.000000000000000  0.000000000000000  0.000000000000000  0.000000000000000  0.000000000000000  0.297301778750680  0.702709350103360  0.015711884068726  1.000000000000000  0.485990493990676 
141.0    P  0.000000000000000  0.000000000000000  0.000000000000000  0.000000000000000  0.000000000000000  0.000000000000000  0.000000000000000  0.000000000000000  0.000000000000000  0.008155561932982  0.000000000000000  0.000000000000000  0.976708528962227  0.000000000000000  0.000000000000000  0.007274178279924  0.000000000000000  0.008161216897377  0.000000000000000  0.000000000000000  1.000000000000000  0.000000000000000  0.000000000000000  0.000000000000000  0.000000000000000  1.000000000000000  0.000000000000000  0.015603354157829  1.000000000000000  0.492774668469685 
142.0    V  0.021211640310625  0.018607138271328  0.035182455816774  0.000000000000000  0.000000000000000  0.000000000000000  0.016209686508838  0.044041273598188  0.000000000000000  0.000000000000000  0.000000000000000  0.023503183615448  0.000000000000000  0.000000000000000  0.000000000000000  0.000000000000000  0.020095273178603  0.812252396356236  0.000000000000000  0.008899870134548  1.000000000000000  0.000000000000000  0.000000000000000  0.000000000000000  0.000000000000000  0.000000000000000  0.000000000000000  0.015581738302376  1.000000000000000  1.000000000000000 
143.0    H  0.014771908074230  0.000000000000000  0.007154169425142  0.006665828891501  0.000000000000000  0.000000000000000  0.824162084953241  0.000000000000000  0.000000000000000  0.006403160997168  0.000000000000000  0.013039207518053  0.007294374569651  0.000000000000000  0.000000000000000  0.028340322779161  0.050695447223565  0.000000000000000  0.000000000000000  0.041579032533771  0.961927454664775  0.000000000000000  0.037943590137345  0.000000000000000  0.000000000000000  0.000000000000000  0.000000000000000  0.015506318354466  1.000000000000000  1.000000000000000 
144.0    L  0.000000000000000  0.000000000000000  0.000000000000000  0.000000000000000  0.387427965479586  0.000000000000000  0.000000000000000  0.053996136712517  0.000000000000000  0.387159513926610  0.000000000000000  0.000000000000000  0.000000000000000  0.000000000000000  0.000000000000000  0.000000000000000  0.000000000000000  0.051724801004888  0.008924580053504  0.110797712399358  1.000000000000000  0.000000000000000  0.000000000000000  1.000000000000000  0.000000000000000  1.000000000000000  0.000000000000000  0.015187202937209  0.426317445883978  0.426317445883978 
145.0    D  0.075887180274690  0.000000000000000  0.583579050909234  0.066846692992828  0.000000000000000  0.016700093612672  0.039802421103953  0.008826150113829  0.005679580145782  0.024637505439259  0.000000000000000  0.052337905469277  0.000000000000000  0.050450067156548  0.014905617977306  0.000000000000000  0.000000000000000  0.046262915562502  0.000000000000000  0.014150530984653  0.957271458195298  0.042955896736626  0.000000000000000  0.395568650592725  0.604577837916681  0.000000000000000  0.000000000000000  0.015495573917786  0.426317445883978  1.000000000000000 
146.0    A  0.104458369865232  0.000000000000000  0.012886461697033  0.128158404736074  0.003144398975083  0.377618146390706  0.000000000000000  0.000000000000000  0.147726443366796  0.015388538170243  0.000000000000000  0.006053561960619  0.014189819026899  0.024080347136200  0.089312133733818  0.040779842115280  0.030206440533280  0.000000000000000  0.005924873224119  0.000000000000000  0.981459063853479  0.018581361171918  0.000000000000000  0.230206424301260  0.769503610080431  0.000000000000000  0.000000000000000  0.018529914053296  0.482968164462423  1.000000000000000 
147.0    S  0.008620576094078  0.005663854815933  0.066523136403335  0.000000000000000  0.000000000000000  0.051545846788130  0.000000000000000  0.153999759180720  0.008728805766189  0.016851256745226  0.000000000000000  0.006358931133363  0.000000000000000  0.000000000000000  0.000000000000000  0.241484082231211  0.222364748384474  0.140534865472327  0.000000000000000  0.077213664820433  1.000000000000000  0.000000000000000  0.000000000000000  0.000000000000000  0.000000000000000  0.000000000000000  0.000000000000000  0.026700304402804  1.000000000000000  1.000000000000000 
148.0    V  0.020011872833278  0.000000000000000  0.000000000000000  0.017518219969195  0.142397922152764  0.000000000000000  0.023421868777430  0.075729541276890  0.074686950303549  0.089374061647606  0.000000000000000  0.018376425785796  0.000000000000000  0.020977695355942  0.000000000000000  0.000000000000000  0.032871930600121  0.484644908467533  0.000000000000000  0.000000000000000  1.000000000000000  0.000000000000000  0.000000000000000  1.000000000000000  0.000000000000000  0.000000000000000  0.000000000000000  0.084846561242500  1.000000000000000  1.000000000000000 
