No:  residues  hmm_col_1  hmm_col_2  hmm_col_3  hmm_col_4  hmm_col_5  hmm_col_6  hmm_col_7  hmm_col_8  hmm_col_9  hmm_col_10  hmm_col_11  hmm_col_12  hmm_col_13  hmm_col_14  hmm_col_15  hmm_col_16  hmm_col_17  hmm_col_18  hmm_col_19  hmm_col_20  hmm_col_21   hmm_col_22   hmm_col_23   hmm_col_24   hmm_col_25   hmm_col_26   hmm_col_27   hmm_col_28   hmm_col_29   hmm_col_30   
1.0    M  0.000000000000000  0.000000000000000  0.000000000000000  0.005193777766335  0.025648175275328  0.000000000000000  0.003137867174832  0.022624033943431  0.000000000000000  0.015071846634127  0.894404901782606  0.000000000000000  0.000000000000000  0.000000000000000  0.000000000000000  0.011605882192663  0.014947002470186  0.007614684616340  0.000000000000000  0.000000000000000  1.000000000000000  0.000000000000000  0.000000000000000  0.000000000000000  0.000000000000000  0.000000000000000  0.000000000000000  0.067873866020143  1.000000000000000  1.000000000000000 
2.0    A  0.705148980242195  0.000000000000000  0.000000000000000  0.003086098874466  0.000000000000000  0.020333466491280  0.000000000000000  0.000000000000000  0.011063870611051  0.005055256462824  0.002088959156026  0.000000000000000  0.034125642054552  0.000000000000000  0.007965606898423  0.093169399174933  0.067968024428430  0.049962864397030  0.000000000000000  0.000000000000000  0.972654947412286  0.021853376292788  0.005258984645612  0.405001736816023  0.595015848153338  0.000000000000000  0.000000000000000  0.067685940345370  0.490049707670935  1.000000000000000 
3.0    R  0.000000000000000  0.017277041458129  0.008986655416802  0.018350968300213  0.002024806837929  0.028125060306047  0.031228346655952  0.000000000000000  0.021329589341956  0.020095273178603  0.007780076196050  0.002421304101443  0.019804883156788  0.000000000000000  0.766309980103892  0.041063488348418  0.000000000000000  0.000000000000000  0.004325252283142  0.010843693117309  0.971307495541633  0.006438766288697  0.021914050791288  0.380508345209840  0.619424348891954  0.000000000000000  1.000000000000000  0.067451764781527  0.495858365369147  0.500000000000000 
4.0    T  0.005079844322455  0.015082297263621  0.012603777487846  0.038499939795180  0.000000000000000  0.025347723611783  0.000000000000000  0.051403129294529  0.010315803445430  0.024030325488598  0.052048485680034  0.003955292216213  0.024654588776640  0.002783276590134  0.014487977288054  0.060833085884890  0.657015813574686  0.000000000000000  0.000000000000000  0.001938289794308  0.985549336939371  0.000000000000000  0.014608987464866  0.000000000000000  0.000000000000000  0.000000000000000  1.000000000000000  0.061596833558711  1.000000000000000  0.490389501994276 
5.0    K  0.024013674707625  0.000000000000000  0.015399208389678  0.012132326171891  0.000000000000000  0.000000000000000  0.000000000000000  0.000000000000000  0.755759964158113  0.006443230848516  0.011874412940637  0.014629253866164  0.003721242179859  0.025506345192216  0.046487930076078  0.010791206626124  0.039500096826650  0.023633874957562  0.000000000000000  0.010251650426500  0.933032991536807  0.018840747307668  0.048127323389754  0.378666578969244  0.621574834451970  0.517273790759455  0.482968164462423  0.061554152680972  0.493458272942921  0.482968164462423 
6.0    Q  0.026867390195094  0.006249688502600  0.000000000000000  0.062025273417864  0.000000000000000  0.005933092538338  0.095788747512986  0.016390458243359  0.033492920704259  0.023765293019391  0.056133273305246  0.003852471501927  0.071793647187315  0.488354264481114  0.035574813408590  0.021732530807969  0.016874633747389  0.026830169888680  0.000000000000000  0.008454880035357  0.982139595263391  0.017750457262292  0.000000000000000  0.598739352309464  0.401090583176243  0.575544745663881  0.424548123223420  0.061896429495814  0.491751037013124  0.467487598875728 
7.0    T  0.063197005053207  0.000000000000000  0.009827226342469  0.025242524300300  0.018568486016515  0.023357019509921  0.000000000000000  0.022781396544009  0.011998517732048  0.020617311105826  0.017591227908387  0.015176679617838  0.032986053676186  0.008549169541100  0.053921334033916  0.070364911633548  0.575145946675303  0.025898278265250  0.004879672365834  0.000000000000000  0.905633983017823  0.031928752584822  0.062586703481958  0.274332984394811  0.725476103917089  0.724471077277439  0.275476278969153  0.059169601952295  0.483638164806966  0.487677730763821 
8.0    A  0.631126016056058  0.000000000000000  0.010503398391817  0.019037660369925  0.000000000000000  0.006394290481178  0.000000000000000  0.006867496569623  0.041377778449856  0.000000000000000  0.007193950759414  0.008326927625531  0.036701936600427  0.015474107373954  0.012361520331023  0.080604265665993  0.065380308737033  0.045943354262158  0.000000000000000  0.012788580962356  0.988970916380931  0.011140825916907  0.000000000000000  0.422200443711891  0.577943353277399  0.708087719107272  0.291991848653279  0.055552667572911  0.496546247718518  0.455650640318571 
9.0    R  0.033377044001495  0.032106294980593  0.012344395497865  0.018376425785796  0.000000000000000  0.023914012028479  0.044409126349417  0.010716666317114  0.061001985048514  0.008801712722635  0.007411596212035  0.032963197408377  0.025435724533451  0.029708096913432  0.523768063549899  0.052446852319159  0.018749552849581  0.046746429948825  0.011784219349114  0.005953690743515  0.956608158091874  0.019970302550048  0.023340835267380  1.000000000000000  0.000000000000000  0.142102121654502  0.857970530428691  0.059416193826864  0.490729531926740  0.488354264481114 
10.0    K  0.030670595745421  0.000000000000000  0.000000000000000  0.003155315537538  0.007758535120602  0.018123432101647  0.009813612352684  0.009950605275988  0.618137630460476  0.000000000000000  0.028975954576108  0.010124538792448  0.006939271842519  0.014988501864457  0.144085793349858  0.030841142058933  0.054978067245152  0.011694710834318  0.000000000000000  0.000000000000000  0.971307495541633  0.028716027608720  0.000000000000000  0.351598299978280  0.648419777325505  0.331481440074665  0.668500247702567  0.060622619396358  0.488692883205403  0.466839972457657 
11.0    S  0.095391200560035  0.009571760405505  0.000000000000000  0.027148193285957  0.014043048853297  0.045060277233132  0.000000000000000  0.035871950432969  0.023003544721378  0.000000000000000  0.000000000000000  0.005009908604540  0.034674046002120  0.012191335627714  0.066985841408518  0.509092599882310  0.077160162930846  0.039118639332937  0.000000000000000  0.005715121955876  0.971307495541633  0.000000000000000  0.028656376350146  0.000000000000000  0.000000000000000  0.000000000000000  1.000000000000000  0.062240609568404  1.000000000000000  0.478635729097649 
12.0    T  0.046778843337272  0.003726404494326  0.000000000000000  0.011280696840020  0.004410017206274  0.013102627881890  0.014710601008456  0.028203147733201  0.083736475151740  0.006262697885933  0.009854511006494  0.018645870984871  0.011033237534256  0.027527167941468  0.112812590932804  0.042217940141739  0.526315577354719  0.039609766313576  0.000000000000000  0.000000000000000  0.997231251352069  0.002554045602611  0.000000000000000  1.000000000000000  0.000000000000000  0.000000000000000  1.000000000000000  0.063328556259943  0.500000000000000  0.461371246326899 
13.0    G  0.046230859664026  0.010957025395644  0.017169597149639  0.022671128247409  0.000000000000000  0.557869661162482  0.001502936738438  0.019011286853657  0.052738487258126  0.003075421783473  0.000000000000000  0.008543245761599  0.026867390195094  0.035772630018709  0.030101934188130  0.096455010941183  0.043888902366812  0.014358013804360  0.000000000000000  0.012841877926482  0.950659101229818  0.015061403245948  0.034101996157967  0.426317445883978  0.573951206927501  0.180116218604740  0.819604607637517  0.063460381304339  0.488692883205403  0.461371246326899 
14.0    G  0.043224707156593  0.009827226342469  0.000000000000000  0.024315161767357  0.002240443406692  0.535515411595727  0.007159130036526  0.011079219028746  0.043194756454018  0.006125316047467  0.000000000000000  0.030164594527242  0.054522669110672  0.010474317121721  0.043194756454018  0.068821349881123  0.048934643516034  0.028419007868773  0.025260027150174  0.007447644885064  0.977385766410805  0.012877532577394  0.009827226342469  0.398872619904516  0.601234624449089  0.304391504665747  0.695440985854994  0.063284675459406  0.496546247718518  0.450000964896756 
15.0    K  0.059663813383732  0.000000000000000  0.014023594541676  0.080158537672641  0.000000000000000  0.010888884677246  0.022297101651842  0.006185045827119  0.568802613936252  0.011589804170634  0.000000000000000  0.029873291174804  0.028935813203979  0.040246300922182  0.055245470691479  0.028086097706595  0.027950153180706  0.015909143746322  0.000000000000000  0.000000000000000  0.976031760776225  0.019722688001752  0.003960779217930  0.166431451654546  0.833353207159218  0.359484133211739  0.640379930664885  0.059829466137206  0.487339815445774  0.461051558956316 
16.0    A  0.511568734867216  0.008121714337307  0.002796813947658  0.006438766288697  0.000000000000000  0.040023745666555  0.012717862266726  0.006730829372750  0.022624033943431  0.021868529149925  0.011071542160220  0.013975076590353  0.073760896458513  0.028855697210294  0.033772668813730  0.087899574994570  0.069830446129514  0.047828024056958  0.000000000000000  0.000000000000000  1.000000000000000  0.000000000000000  0.000000000000000  0.062500000000000  0.937571096457110  0.194251817196012  0.805524291048750  0.058193426239389  0.500000000000000  0.473356815618357 
17.0    P  0.055130710324824  0.000000000000000  0.006670450893682  0.003203800434362  0.006606033495137  0.015134659206666  0.010731533073669  0.011133106360537  0.047994070928191  0.015166163590149  0.005339794734148  0.028066636652623  0.599985691186608  0.045720975647010  0.020165038913309  0.084787770465479  0.030500992524257  0.011272880366106  0.000000000000000  0.002582528525669  0.977385766410805  0.009834040418007  0.012499377005199  0.111336612575835  0.888842681166570  0.000000000000000  1.000000000000000  0.058557590429527  0.488015880388112  0.478967609111348 
18.0    R  0.032374461361251  0.013285533751003  0.004944361695196  0.012806321994336  0.002578950861357  0.029646384848139  0.015208271471222  0.004212814186306  0.101884041550328  0.017799740269096  0.006028438183824  0.004060857168653  0.034602018265134  0.036372704200067  0.587230985606827  0.037240080455439  0.041435180009333  0.012630013575087  0.000000000000000  0.005566553180269  0.974004268543241  0.014308338850283  0.011710934388715  0.218999578766781  0.780786492607391  0.189990607050190  0.810003473632046  0.058395459180199  0.488015880388112  0.470739232270603 
19.0    K  0.013387218043259  0.000000000000000  0.000000000000000  0.016097718025314  0.003731573970244  0.021196942616370  0.012199788946990  0.027412923397901  0.618566239343586  0.024671683959392  0.006973023214633  0.016356410655853  0.026223426159579  0.000000000000000  0.106137030805855  0.049172652834598  0.016515906883772  0.026830169888680  0.007769298192759  0.006712193398025  0.906261938267334  0.078836088051953  0.014988501864457  0.200962747685788  0.798851916449148  0.000000000000000  1.000000000000000  0.057631444869539  0.444729496768949  0.467487598875728 
20.0    Q  0.046166814486955  0.000000000000000  0.000000000000000  0.036473690681827  0.000000000000000  0.010768790257622  0.018906157644051  0.019209982300853  0.090120554466264  0.012815201737449  0.007672965587995  0.015250496262129  0.051832471613403  0.387159513926610  0.080996310339583  0.075206439124969  0.105112051906714  0.016607744911852  0.016367751985934  0.009329399899020  0.992404374685819  0.002647781888281  0.004626060983803  0.250000000000000  0.750019494642909  0.000000000000000  1.000000000000000  0.057831526752366  0.499307333050514  0.455334916795989 
21.0    L  0.035182455816774  0.003339852257391  0.000000000000000  0.005027301747271  0.006142322594846  0.014518135535171  0.008974205898414  0.082927821287323  0.025988190574216  0.504875648798343  0.035747842912619  0.002061628354762  0.070170088879601  0.026387527731993  0.023195680791079  0.068015152604425  0.023963791557392  0.028379638053797  0.022781396544009  0.012191335627714  0.965267024871757  0.017110194856150  0.017433426911328  0.314689293376214  0.685391402489852  0.335178147895084  0.664803554090857  0.057951909152216  0.493116352246680  0.452503231441453 
22.0    A  0.539240215847226  0.003804704173997  0.009284243008257  0.008496003053554  0.000000000000000  0.054522669110672  0.002656974321105  0.029977003728915  0.029116888415774  0.018645870984871  0.016909760070714  0.005734963422008  0.085555238318240  0.014802657353114  0.029197729590099  0.069348092004240  0.021762679385454  0.032352028870043  0.012691443693066  0.015744590006414  0.929804942613162  0.065380308737033  0.004849326138774  0.249826773247613  0.750019494642909  0.573553512113083  0.426613049056034  0.056523711097568  0.436181352885379  0.449689156073876 
23.0    T  0.113754853010112  0.011973593439123  0.000000000000000  0.005750886180344  0.013340901787363  0.040666932982560  0.011581773514085  0.016898043179432  0.082297932628703  0.022655419263732  0.015527829583165  0.014792400488074  0.072543994648983  0.011056204377552  0.022765611154656  0.174101435083629  0.348202870167259  0.010082519456655  0.000000000000000  0.012015162744299  0.976031760776225  0.005255340658288  0.018401918587422  0.102948877158447  0.896888159662015  0.133046272806670  0.866937563514687  0.059005776196891  0.499307333050514  0.470739232270603 
24.0    K  0.034291623049351  0.000000000000000  0.003996630741150  0.022483337187669  0.009374776424791  0.009658400475945  0.007314626933082  0.018749552849581  0.559806444327120  0.019383864026803  0.017157700215423  0.020249077584896  0.055629733328281  0.014417851447716  0.107395094368398  0.026589491547079  0.039830019603727  0.023292349793733  0.010194960528820  0.000000000000000  0.941478464541206  0.046973796189549  0.011265069308283  0.144485838319350  0.855595025682602  0.195196623151848  0.804966137621122  0.058395459180199  0.463615273217731  0.461371246326899 
25.0    A  0.479632059662632  0.009322935492435  0.000000000000000  0.016700093612672  0.000000000000000  0.040893064732969  0.000000000000000  0.003892735401671  0.065880713955671  0.017960857000542  0.006465600125611  0.004183714153092  0.042276507220321  0.012208248127692  0.036221748497014  0.125869443757090  0.064435519924674  0.069060280299994  0.000000000000000  0.005065779510356  0.899378312147752  0.066615421004246  0.034267862143372  0.144085793349858  0.856188284546457  0.323985241358333  0.675955416514063  0.059457392270737  0.455966582759885  0.456915725114700 
26.0    A  0.429580377473592  0.004559211335228  0.013066349998657  0.020193012978711  0.012123919598045  0.026774436086518  0.012560171730362  0.028835702895431  0.066523136403335  0.061554152680972  0.002695932330853  0.013066349998657  0.077696854306496  0.011501772360689  0.050275523183870  0.063460381304339  0.066155274679696  0.039336161672027  0.000000000000000  0.000000000000000  0.905633983017823  0.023683071351725  0.070903467808497  0.099304300012013  0.900625979847929  0.102166916061035  0.898132372883934  0.062543336716411  0.479964630519454  0.452189688780544 
27.0    R  0.024264652343782  0.014680042956469  0.008525499039492  0.017787406704295  0.000000000000000  0.111491064927512  0.043015487549709  0.000000000000000  0.090120554466264  0.032329611922466  0.000000000000000  0.010061575230546  0.030206440533280  0.033330805650993  0.476318999021969  0.055668306287918  0.030670595745421  0.016254691664406  0.000000000000000  0.005115177433920  0.925304428037852  0.019196671569463  0.055398856199679  0.162667731930242  0.837406487508427  0.032441852204471  0.967276329613932  0.069012427947693  0.487339815445774  0.405844790488639 
28.0    K  0.035451733904249  0.000000000000000  0.015229369232680  0.011784219349114  0.009479324689443  0.029116888415774  0.016265962463814  0.018350968300213  0.561749951515823  0.008632535037499  0.010964622859680  0.028716027608720  0.046070913040347  0.037759932605936  0.066430979647410  0.032758202359904  0.060203868376259  0.010873799936180  0.000000000000000  0.000000000000000  0.927873476471283  0.063724855187387  0.008367428306183  0.239152039522969  0.761016690419679  0.281654807124320  0.718470088272032  0.064748922722501  0.452816991508911  0.377618146390706 
29.0    S  0.104241380478121  0.005244423838985  0.000000000000000  0.006061959799022  0.007504647374637  0.071001829049168  0.037291741969741  0.006497047643554  0.033330805650993  0.007070362991273  0.022876338999150  0.030416542942445  0.030777076340486  0.030649343874642  0.082985322398902  0.430474594169452  0.063990431276778  0.026442456143759  0.000000000000000  0.002970661627424  1.000000000000000  0.000000000000000  0.000000000000000  0.000000000000000  0.000000000000000  0.000000000000000  1.000000000000000  0.070267432736164  1.000000000000000  0.401925495371576 
30.0    A  0.462011286223412  0.000000000000000  0.037996227599472  0.022204563174709  0.007726335284226  0.023083407243478  0.015431263460084  0.016862941195382  0.019600034445641  0.042217940141739  0.013888166893228  0.003710938995605  0.111105335145821  0.000000000000000  0.051724801004888  0.067311648512066  0.027450952132449  0.077750728331154  0.000000000000000  0.000000000000000  0.893785162356787  0.077804639711386  0.028281451965091  0.558256480991286  0.441963765531836  0.376311686852767  0.623732785957023  0.070267432736164  0.455334916795989  0.401925495371576 
31.0    P  0.014298424501999  0.000000000000000  0.014731008373722  0.006241030597259  0.000000000000000  0.068821349881123  0.005365766536834  0.006524124370534  0.079825859949712  0.035304600455316  0.000000000000000  0.014298424501999  0.550189304683069  0.036271997324491  0.025137761591935  0.071446145963377  0.052048485680034  0.013093548979187  0.000000000000000  0.006215128779335  0.908148417721510  0.004274584770550  0.087534770055450  0.240481863666194  0.759435844907265  0.024501264189867  0.975355461527642  0.071001829049168  0.498615625676035  0.420156876116641 
32.0    T  0.243501067135810  0.017301009132567  0.025277542136304  0.030841142058933  0.000000000000000  0.044749023162536  0.010987446874321  0.021777769354492  0.029852591761951  0.052012420919470  0.000000000000000  0.019370432811547  0.053142135004012  0.023650262390150  0.026515871928309  0.244177132240557  0.107544078826430  0.046520164223954  0.000000000000000  0.002743056397926  0.835087919428369  0.107544078826430  0.057511728164055  0.229569040575231  0.770571108358408  0.205897754316893  0.793883930931653  0.074531804520664  0.436181352885379  0.373453364278086 
33.0    T  0.062197482613755  0.000000000000000  0.003644660123191  0.018287478773040  0.019383864026803  0.015484836926001  0.009407323290870  0.023552107961850  0.040218413978165  0.027680234971949  0.005104551773020  0.014338123161115  0.093428078039684  0.020992241026895  0.015061403245948  0.115422788841174  0.468136123717246  0.041665583659100  0.000000000000000  0.006121071773042  0.938221196500671  0.026223426159579  0.035624164771671  0.090308149870220  0.909408251800733  0.275285399524491  0.724471077277439  0.069396177101790  0.480963727332387  0.364249778474503 
34.0    G  0.046843737554861  0.009162773040874  0.022530138616566  0.008722757515489  0.000000000000000  0.568014632393343  0.003549914517377  0.023930593704600  0.033749267494778  0.014427848605147  0.007421877991210  0.013668511951653  0.041320456410705  0.032758202359904  0.043164826504496  0.077053270341488  0.024757337841405  0.028875705388963  0.000000000000000  0.000000000000000  0.929804942613162  0.020025748815003  0.049928244778072  0.160539476123678  0.839149637106542  0.112111019957752  0.887611337269498  0.070707153927869  0.488015880388112  0.378666578969244 
35.0    G  0.073709787016326  0.000000000000000  0.013801797679398  0.015887104270187  0.000000000000000  0.588861394797491  0.015484836926001  0.000000000000000  0.051403129294529  0.003849802097419  0.000000000000000  0.015711884068726  0.051688960527704  0.018048215383650  0.036701936600427  0.055745532463756  0.037603219562484  0.006280085865181  0.002605904628277  0.012586317047637  0.936272247434492  0.037838533873455  0.026168952734638  0.089933348750676  0.910038824080899  0.140925051518178  0.859160754947185  0.075782051191359  0.473685035299634  0.364502344704145 
36.0    V  0.038794609110191  0.000000000000000  0.012877532577394  0.023324662239015  0.017566858184041  0.011288518733778  0.002234240182039  0.085436715746363  0.081559684230560  0.053363607149453  0.028222703442244  0.002999629433012  0.068583246098703  0.051331918797004  0.008746975692611  0.047497651762547  0.065380308737033  0.400812664699697  0.000000000000000  0.000000000000000  0.951318276331799  0.030437633391976  0.018568486016515  0.465547409915115  0.534402995605504  0.341746862985452  0.658383461029622  0.076203443379769  0.484980955170867  0.360982298880624 
37.0    K  0.037421209519342  0.000000000000000  0.003544996700458  0.023699492896476  0.009732323559137  0.013184621814532  0.017973310833603  0.023438109207591  0.527776858818983  0.007154169425142  0.012216713173884  0.013801797679398  0.035280137650192  0.023963791557392  0.161656116485936  0.045499673406221  0.028203147733201  0.015592542484360  0.000000000000000  0.000000000000000  0.946057646725596  0.034031156729253  0.020081349022959  0.534402995605504  0.465547409915115  0.475659138165900  0.524131237758464  0.068583246098703  0.456915725114700  0.392836258333790 
38.0    K  0.033585911651734  0.000000000000000  0.000000000000000  0.016108879981169  0.005251699195909  0.008572905762338  0.027641888604111  0.003773188784863  0.555939578758553  0.008777342992435  0.014802657353114  0.021050524638526  0.023195680791079  0.048630323534714  0.137738139484576  0.017554685984869  0.030437633391976  0.042955896736626  0.000000000000000  0.003836482793998  0.986232704493359  0.005288227652549  0.008419790195654  0.102663837594008  0.897510050667261  0.473685035299634  0.526315577354719  0.065063849855257  0.477641468191219  0.426317445883978 
39.0    P  0.027872766231878  0.002306626291855  0.000000000000000  0.028340322779161  0.009793226722193  0.005222658185176  0.016435965300061  0.020277168233425  0.138120560599989  0.014629253866164  0.007355300504228  0.018893057434896  0.468785548228555  0.032690154368517  0.086210057614191  0.048799155787962  0.049859077488065  0.020760715845258  0.000000000000000  0.003783664801667  0.947370070599268  0.005023818294651  0.047861187409199  0.196963471512337  0.803293996757034  0.361483073636437  0.638606879597695  0.060412881066561  0.498961359499525  0.450625231305415 
40.0    H  0.002350201222655  0.000000000000000  0.000000000000000  0.015733680469636  0.015452670568452  0.009413846210897  0.462331639056850  0.005953690743515  0.085673925311231  0.013536513381251  0.005237158560861  0.012191335627714  0.006848482197782  0.023814762974059  0.216284172646247  0.022328033433455  0.028340322779161  0.006372167916711  0.000000000000000  0.068156733291579  0.976031760776225  0.020067434515460  0.003863167642113  0.419574818553271  0.580351957191860  0.612168196200102  0.387696603173502  0.062370169937441  0.487002134271620  0.431071772508798 
41.0    R  0.015166163590149  0.019357010902874  0.000000000000000  0.031906628928350  0.006155108484761  0.010280113476789  0.025524030972188  0.000000000000000  0.058964890680960  0.005436899968090  0.000000000000000  0.018581361171918  0.012525395771866  0.006628967982077  0.747424624317469  0.023211764385325  0.016851256745226  0.000000000000000  0.000000000000000  0.002237339644492  0.964598184584138  0.029894004940371  0.005766853147199  0.123792858991628  0.875998315067126  0.098755163982922  0.901250462610830  0.057193698007996  0.463936738235641  0.469761374607006 
42.0    Y  0.028125060306047  0.011272880366106  0.000000000000000  0.002855580953906  0.204617295397701  0.008263679403269  0.035971546603993  0.016827912128016  0.022702578899553  0.011915637916065  0.003054178293471  0.022374511581268  0.008596707885673  0.000000000000000  0.051048061944376  0.014219356626264  0.013706461698950  0.026774436086518  0.089064850884299  0.428688018317086  0.982139595263391  0.002531134698112  0.015176679617838  0.500000000000000  0.500000000000000  0.205470046823713  0.794434400096105  0.055514174740150  0.500000000000000  0.466839972457657 
43.0    R  0.011784219349114  0.011702819800189  0.009611651130868  0.000000000000000  0.000000000000000  0.007556846325109  0.019668080836013  0.014447863720527  0.183773417048630  0.005395603313062  0.000000000000000  0.007149212250999  0.027073026762503  0.000000000000000  0.652929893544459  0.013120804577252  0.023276210361292  0.012516716837338  0.000000000000000  0.000000000000000  0.986916545885842  0.001472006747616  0.011759740214149  0.224844578036938  0.774855930959171  0.193311584363829  0.806641759222126  0.058557590429527  0.497924876547229  0.462331639056850 
44.0    P  0.050205874797315  0.000000000000000  0.000000000000000  0.000000000000000  0.005302910077656  0.000000000000000  0.002855580953906  0.006061959799022  0.030883926609398  0.009207339123529  0.000000000000000  0.014833470639852  0.725476103917089  0.015092755139451  0.058557590429527  0.042276507220321  0.017750457262292  0.006267040362129  0.014978116226453  0.000000000000000  0.967947026893737  0.020375792738415  0.011767894270577  0.628071190571764  0.371645746107754  0.134997069979110  0.865136690584988  0.051653144884638  0.472373520498603  0.461371246326899 
45.0    G  0.018879966302968  0.000000000000000  0.009232902710425  0.006284440397984  0.004759415092481  0.740206649000025  0.012850782323632  0.000000000000000  0.032106294980593  0.026314467300263  0.006929658634001  0.000000000000000  0.000000000000000  0.018853811245637  0.055706905993561  0.041492661199451  0.005354620331952  0.015887104270187  0.001926235750964  0.003159692767038  0.959929261038908  0.024264652343782  0.015843116871719  0.378404198242395  0.621574834451970  0.038687196588670  0.961260928388761  0.052229184932616  0.479632059662632  0.457866843209063 
46.0    T  0.044904380517002  0.000000000000000  0.024843289092155  0.026718818059124  0.021944451183406  0.004684140288247  0.018529914053296  0.027527167941468  0.030798416779355  0.025068161448515  0.013257935964155  0.016538818669924  0.036906020669673  0.050345268190547  0.005266280202098  0.069156084568267  0.573951206927501  0.009413846210897  0.000000000000000  0.000000000000000  0.991716730738293  0.002501484104160  0.006121071773042  0.085614561247848  0.914465089499901  0.335410556220565  0.664342907048256  0.052048485680034  0.494142825750366  0.437695664847132 
47.0    V  0.023847800140009  0.017253106986923  0.000000000000000  0.017110194856150  0.017998244411709  0.018478609378815  0.007228940844046  0.008088007217511  0.133230842008493  0.105330853687894  0.023715925827720  0.031664278129971  0.014062530153024  0.018023212579063  0.073353011142585  0.000000000000000  0.023814762974059  0.455650640318571  0.007104751967193  0.004049613675858  0.993781093322555  0.002192815277488  0.003713512114179  0.588861394797491  0.410940093647425  0.257920794825340  0.742261785314525  0.047038960856596  0.494142825750366  0.453445164466571 
48.0    A  0.677832163400000  0.003266587499664  0.000000000000000  0.007834190905477  0.010821167719617  0.004459198074714  0.007646419143730  0.020207014560742  0.000000000000000  0.027584468634083  0.002877436886360  0.018376425785796  0.000000000000000  0.000000000000000  0.007050786933300  0.070072879876782  0.032441852204471  0.092333628973910  0.016992006107108  0.000000000000000  0.973329374158238  0.010373165299863  0.016619260513956  0.270556161131429  0.729510172120088  0.062500000000000  0.937571096457110  0.042305821220389  0.485653747770817  0.461691155364697 
49.0    L  0.006219438271709  0.001674562571551  0.011549706494327  0.022158438057492  0.013649576498698  0.000000000000000  0.024929538744032  0.053697547184199  0.003898135621090  0.751059963470465  0.012841877926482  0.015592542484360  0.008490116113485  0.010315803445430  0.012753172596108  0.008332701412748  0.000000000000000  0.024416496255385  0.007535923317064  0.010686994561738  1.000000000000000  0.000000000000000  0.000000000000000  0.027776333786455  0.971980987981352  0.213602435222433  0.786217292140332  0.041781265481410  0.497579860910041  0.447512535463986 
50.0    R  0.008496003053554  0.051868411599374  0.010209103546040  0.007899625631651  0.001154913086176  0.009112104451472  0.049446081324091  0.006236706143411  0.160094982666221  0.020418207092081  0.015367219906660  0.016030908520893  0.024097044146999  0.062240609568404  0.515484159397394  0.018389167769043  0.001945019049013  0.002409584316034  0.007651721074898  0.011454037165541  0.995159721820083  0.005093948184604  0.000000000000000  0.333324669272800  0.666649338545599  0.301660979930191  0.698339266233699  0.040695130924032  0.497235084336607  0.458819941155683 
51.0    E  0.015124172295215  0.000000000000000  0.029258507732328  0.846158596600290  0.000000000000000  0.004175023403168  0.000000000000000  0.000000000000000  0.036701936600427  0.000000000000000  0.003412394124675  0.000000000000000  0.013184621814532  0.013611784252223  0.007396200244037  0.023163547028169  0.000000000000000  0.007657026682358  0.000000000000000  0.000000000000000  0.991029563264079  0.001565674471483  0.007720981652349  1.000000000000000  0.000000000000000  0.178129701768598  0.821880187294851  0.040162698045918  0.499307333050514  0.471392267959120 
52.0    I  0.003584530790279  0.007641120886307  0.000000000000000  0.000000000000000  0.006108356586942  0.004195329967266  0.000000000000000  0.845572287377516  0.004568701812703  0.016933218231950  0.015898120189104  0.000000000000000  0.007021524426649  0.007259067767585  0.000000000000000  0.018919266936727  0.008930768245422  0.053252755942179  0.000000000000000  0.000000000000000  0.986232704493359  0.001970803972353  0.011525714508460  0.333324669272800  0.666649338545599  0.124567532853483  0.875391329694264  0.040554336466849  0.500000000000000  0.467811748915700 
53.0    R  0.011327709631866  0.038794609110191  0.000000000000000  0.007031265076512  0.000000000000000  0.007504647374637  0.060917476930722  0.003796800734302  0.064704057740086  0.022035905632569  0.007284269425288  0.015176679617838  0.017086491523197  0.017421347167620  0.675018992561373  0.016642315678022  0.009888723390393  0.014700407929903  0.004468480364077  0.006465600125611  0.993092495437036  0.000000000000000  0.007119541254978  0.000000000000000  0.000000000000000  0.242995246995338  0.757333157938488  0.041234622211653  1.000000000000000  0.462652214018926 
54.0    K  0.022405550750247  0.016064278541501  0.000000000000000  0.010709240663904  0.061341191490842  0.000000000000000  0.078617810739751  0.001849050061009  0.260977981855430  0.024231037698344  0.005090418552200  0.026296233821418  0.020193012978711  0.052048485680034  0.316219885588484  0.029523345031163  0.024757337841405  0.005373210227108  0.001389710411362  0.042985681816867  0.984866442895551  0.000000000000000  0.015092755139451  0.000000000000000  0.000000000000000  0.181998693624886  0.817902058557781  0.041177498491692  1.000000000000000  0.464580337125457 
55.0    Y  0.005957818958032  0.007094909513449  0.006896117158521  0.018186352100033  0.102592701101312  0.000000000000000  0.021226348196077  0.008419790195654  0.003219383144349  0.155501456662309  0.006777645993376  0.001865786985122  0.000000000000000  0.025242524300300  0.003844468836070  0.017701310707747  0.003781043073804  0.000000000000000  0.000000000000000  0.611744020565933  0.970634469769547  0.009207339123529  0.020347565462016  0.482299092292069  0.517632461920689  0.000000000000000  1.000000000000000  0.041091961256408  0.492774668469685  0.458502021602336 
56.0    Q  0.006099894473495  0.000000000000000  0.000000000000000  0.022452190258501  0.000000000000000  0.000000000000000  0.006721504926652  0.000000000000000  0.030332327180298  0.000000000000000  0.008390659934532  0.019736363466341  0.013984766733250  0.835666958921854  0.025506345192216  0.017935975216484  0.007861389246076  0.005321320447814  0.000000000000000  0.000000000000000  0.995849753094458  0.000000000000000  0.004055231525559  0.000000000000000  0.000000000000000  0.230206424301260  0.769503610080431  0.042600081477578  1.000000000000000  0.435879119768531 
57.0    K  0.035921714001084  0.000000000000000  0.003847134542561  0.018827692421794  0.000000000000000  0.007254037908646  0.019942637012952  0.000000000000000  0.567227742467977  0.007899625631651  0.017998244411709  0.022892201165802  0.000000000000000  0.032871930600121  0.142299253634360  0.105989995579143  0.017122058850745  0.000000000000000  0.000000000000000  0.000000000000000  0.984866442895551  0.007365504186861  0.007801677078914  0.479299719246488  0.520510798842056  0.135371880690741  0.864537231307865  0.041377778449856  0.494142825750366  0.446273485736488 
58.0    S  0.022971677131079  0.001957190634921  0.013489680602725  0.006820059305733  0.019090517213648  0.042130241616783  0.024484287092167  0.004209895097827  0.010026764824710  0.010525262319263  0.003554839156566  0.029319412390646  0.012994095287108  0.009624984948795  0.021006796783635  0.663882579191219  0.101180277068426  0.002929763650949  0.000000000000000  0.000000000000000  0.985549336939371  0.003754925501519  0.010836179446339  0.125000000000000  0.874784764905822  0.262793227271927  0.737134608645551  0.040079268836320  0.497235084336607  0.443498152576075 
59.0    T  0.017973310833603  0.002208067513915  0.011800567074710  0.049824529783784  0.006358931133363  0.016642315678022  0.009902441578394  0.013340901787363  0.000000000000000  0.000000000000000  0.006796463693036  0.007866840234818  0.055668306287918  0.009271381231692  0.006910472151028  0.051189793616239  0.670821112441131  0.049275010878517  0.010280113476789  0.003649716198762  0.994470168673214  0.000000000000000  0.005215423059750  0.000000000000000  0.000000000000000  0.126218912199586  0.873572895916694  0.039857637239955  1.000000000000000  0.448755025333631 
60.0    D  0.023584780758134  0.014895289770127  0.159541096103619  0.359484133211739  0.003520509619574  0.058032303269171  0.043344717785356  0.000000000000000  0.079219532627152  0.003919811517615  0.005436899968090  0.111028349480301  0.006633564425366  0.045657636829552  0.031336763621909  0.025453361345944  0.012868609644806  0.011056204377552  0.000000000000000  0.005101014793316  0.989656656415207  0.000000000000000  0.010131559020711  0.000000000000000  0.000000000000000  0.130127699710514  0.869947352708651  0.038956287321097  1.000000000000000  0.445964259710046 
61.0    L  0.020151066416498  0.007350203964951  0.006028438183824  0.004052421627209  0.088388347648318  0.009691932013401  0.007839623035230  0.017050998078983  0.006877023543462  0.696888619343735  0.021823102069803  0.014720801154763  0.016700093612672  0.000000000000000  0.021065120808392  0.016322433794754  0.026114592466308  0.019011286853657  0.000000000000000  0.000000000000000  0.995849753094458  0.003868526843488  0.000000000000000  0.180616299740441  0.819604607637517  0.294839148065304  0.705148980242195  0.039664715188119  0.484644908467533  0.442576882289773 
62.0    L  0.017277041458129  0.009705377201441  0.000000000000000  0.006032618227280  0.037034149091924  0.000000000000000  0.009342342162313  0.122088566120278  0.000000000000000  0.708087719107272  0.022514527325593  0.000000000000000  0.004769322315114  0.011414409207388  0.001414982572807  0.023243965038039  0.003831167984330  0.023357019509921  0.000000000000000  0.000000000000000  0.984866442895551  0.003831167984330  0.011414409207388  0.125000000000000  0.874784764905822  0.231486505631831  0.768437590644006  0.038714021805747  0.498270131413934  0.459456441739525 
63.0    I  0.000000000000000  0.009207339123529  0.000000000000000  0.001926235750964  0.070756181381917  0.000000000000000  0.009881871424640  0.675018992561373  0.000000000000000  0.137833645383614  0.017457611532378  0.014417851447716  0.011249463425896  0.002582528525669  0.015887104270187  0.000000000000000  0.006877023543462  0.020193012978711  0.000000000000000  0.006740166754239  0.980099415341871  0.015909143746322  0.003949812815825  0.149270398384324  0.850863729506541  0.225938181687771  0.774319027853220  0.039010329653175  0.484644908467533  0.459775023075829 
64.0    R  0.030479858172739  0.024231037698344  0.007026393063654  0.009156424091207  0.006528648116577  0.001809742308380  0.027757087370075  0.000000000000000  0.018073252873520  0.096121301954392  0.000000000000000  0.003698100122018  0.318198733818986  0.033749267494778  0.373194595824238  0.034220389712299  0.008566965535843  0.007129417879246  0.000000000000000  0.000000000000000  1.000000000000000  0.000000000000000  0.000000000000000  0.000000000000000  0.000000000000000  0.121497623497669  0.878430468238362  0.039091533753540  1.000000000000000  0.452189688780544 
65.0    K  0.028557232819669  0.005347202394890  0.004799167892366  0.010251650426500  0.019263317585372  0.000000000000000  0.013303964183577  0.006628967982077  0.666649338545599  0.004242116626259  0.000000000000000  0.007129417879246  0.015431263460084  0.040582456335309  0.134997069979110  0.009779659833234  0.010380357922629  0.022702578899553  0.000000000000000  0.000000000000000  0.996540262827868  0.003330605045969  0.000000000000000  0.500000000000000  0.500000000000000  0.000000000000000  1.000000000000000  0.038875364165577  0.497924876547229  0.457866843209063 
66.0    L  0.204333832122071  0.000000000000000  0.001810997161007  0.044224817510208  0.014843755982420  0.017554685984869  0.000000000000000  0.059292769696278  0.013221228071880  0.508387336645978  0.018866884241977  0.008263679403269  0.004799167892366  0.009957504900932  0.023930593704600  0.034842694335241  0.025755065154789  0.007457976672967  0.000000000000000  0.002595089480657  1.000000000000000  0.000000000000000  0.000000000000000  0.000000000000000  0.000000000000000  0.000000000000000  1.000000000000000  0.038767728053606  1.000000000000000  0.457866843209063 
67.0    P  0.033539383949795  0.019236631458514  0.010216182410443  0.005648173025569  0.000000000000000  0.005313948642211  0.003611965930132  0.053734780390188  0.012040173568100  0.026168952734638  0.000000000000000  0.002853602301847  0.673616788432845  0.007742418463001  0.038902319855693  0.069012427947693  0.020319377289820  0.014298424501999  0.000000000000000  0.003604462861929  0.993092495437036  0.007238969233519  0.000000000000000  1.000000000000000  0.000000000000000  0.000000000000000  1.000000000000000  0.038848427153248  0.496202187342909  0.457866843209063 
68.0    F  0.009239304689407  0.000000000000000  0.000000000000000  0.000000000000000  0.924022572446823  0.012040173568100  0.000000000000000  0.003611965930132  0.000000000000000  0.029687511964840  0.005150756306611  0.000000000000000  0.000000000000000  0.000000000000000  0.000000000000000  0.005090418552200  0.002921651871802  0.004446851676074  0.000000000000000  0.003604462861929  1.000000000000000  0.000000000000000  0.000000000000000  0.000000000000000  0.000000000000000  0.452503231441453  0.547526235396787  0.038848427153248  1.000000000000000  0.457866843209063 
69.0    Q  0.147113342152346  0.026663315566002  0.010075533208249  0.022483337187669  0.011517728260087  0.023715925827720  0.017738157846032  0.037188490509584  0.016390458243359  0.002140257356343  0.016700093612672  0.006524124370534  0.017787406704295  0.400534938794811  0.048596627242660  0.112969090843886  0.042985681816867  0.031995215638389  0.006862738033112  0.000000000000000  0.996540262827868  0.003557304037469  0.000000000000000  0.333324669272800  0.666649338545599  0.000000000000000  1.000000000000000  0.038340155539181  0.497579860910041  0.477641468191219 
70.0    R  0.027872766231878  0.018414678247058  0.026941985781800  0.003206021909416  0.000000000000000  0.022235366581791  0.052556025953357  0.000000000000000  0.029462016747445  0.005806964782934  0.005421846558655  0.000000000000000  0.000000000000000  0.021123606766064  0.705637921704346  0.036473690681827  0.019722688001752  0.007396200244037  0.001996930723848  0.015570941606685  0.980099415341871  0.000000000000000  0.020067434515460  0.000000000000000  0.000000000000000  0.000000000000000  1.000000000000000  0.038154578520910  1.000000000000000  0.477641468191219 
71.0    L  0.007572576694805  0.012140738574751  0.003675101982476  0.007104751967193  0.025295069267107  0.010131559020711  0.003788913712272  0.022173802440631  0.000000000000000  0.766309980103892  0.010033717257730  0.000000000000000  0.000000000000000  0.017725866952124  0.000000000000000  0.014854048456716  0.001692064172656  0.091568804663209  0.000000000000000  0.005794902085317  0.984866442895551  0.008396477912934  0.006749517089065  0.603321959860381  0.396392068305142  0.448444079831007  0.551716870020980  0.038128140946007  0.476649272644080  0.457866843209063 
72.0    L  0.061001985048514  0.015155654849090  0.000000000000000  0.000000000000000  0.000000000000000  0.023019495090883  0.000000000000000  0.072896835611779  0.000000000000000  0.025400487562010  0.005966083976409  0.000000000000000  0.017062821027276  0.005827125104264  0.009806812431896  0.016746460352130  0.000000000000000  0.740719899010160  0.006310631075075  0.000000000000000  0.988970916380931  0.010351617320666  0.000903617605506  0.204475514639445  0.795536483754919  0.279709275258928  0.720464874418961  0.038287041622021  0.491410299272626  0.467811748915700 
73.0    R  0.021552514403548  0.039609766313576  0.016176014435022  0.000000000000000  0.000000000000000  0.015679246070461  0.021898866391887  0.000000000000000  0.121834953861444  0.012208248127692  0.000000000000000  0.000000000000000  0.004619652344704  0.071893243334413  0.625898229326997  0.013888166893228  0.000000000000000  0.011800567074710  0.015549370653439  0.007169061580558  0.987600861445373  0.008740914851841  0.003356096699012  0.262975444800968  0.737134608645551  0.158219574246285  0.842062953608416  0.038393343138927  0.496202187342909  0.475659138165900 
74.0    E  0.003765350811487  0.002596888883167  0.032240099353167  0.794434400096105  0.000000000000000  0.010459806695144  0.004565536127192  0.000000000000000  0.046423528770651  0.000000000000000  0.002422983003350  0.006456643110580  0.007598866776658  0.017385158134138  0.025137761591935  0.030606884299591  0.010280113476789  0.003122679024814  0.000000000000000  0.002316239256662  0.978741650397436  0.000000000000000  0.021035938582450  0.000000000000000  0.000000000000000  0.392564059336786  0.607518395952508  0.038260512262506  1.000000000000000  0.475329550614909 
75.0    I  0.002087511701584  0.004866161779568  0.004716721060494  0.000000000000000  0.018173750649185  0.000000000000000  0.000000000000000  0.742776460330414  0.000000000000000  0.057871626407958  0.007208925723858  0.000000000000000  0.000000000000000  0.000000000000000  0.000000000000000  0.024450368179266  0.023163547028169  0.114625505400584  0.000000000000000  0.000000000000000  1.000000000000000  0.000000000000000  0.000000000000000  0.000000000000000  0.000000000000000  0.122512426917734  0.877821797609519  0.039500096826650  1.000000000000000  0.466516495768404 
76.0    A  0.389312345530831  0.045594385757505  0.041926319527571  0.013868927144836  0.004286452881169  0.013012121420009  0.002002475074001  0.037188490509584  0.000000000000000  0.059995578814932  0.048160694272400  0.017923547253534  0.026132699997314  0.009916178797030  0.003731573970244  0.067032288551121  0.135841857815757  0.077696854306496  0.006564951189323  0.000000000000000  0.958599438492977  0.013202912256446  0.028144561870248  0.370103324500012  0.629814989973700  0.048697786228781  0.951318276331799  0.039609766313576  0.488015880388112  0.470739232270603 
77.0    Q  0.029852591761951  0.009916178797030  0.037240080455439  0.098686735837569  0.005313948642211  0.024671683959392  0.018945512797840  0.014367969471120  0.029380443828410  0.073353011142585  0.032531924927628  0.039774841727373  0.013377941946038  0.418703243754213  0.042926132294676  0.035012162943568  0.023003544721378  0.037499105699163  0.002067352333740  0.013285533751003  0.939522749214012  0.000000000000000  0.060287386536509  0.333324669272800  0.666649338545599  0.075782051191359  0.924022572446823  0.041006601705999  0.500000000000000  0.445346450303340 
78.0    D  0.039747281460737  0.002083175353187  0.329876977693224  0.181243354109856  0.021035938582450  0.021344379011787  0.007834190905477  0.015711884068726  0.088327102742671  0.011841535675862  0.008692579067069  0.048731552663208  0.004852688600720  0.054108535344979  0.034602018265134  0.063592480756418  0.044842172956459  0.010941846256931  0.004930672000438  0.005815020527994  0.944747040997206  0.031098741306878  0.023997035464095  0.328280281356038  0.671751712860648  0.208338301789805  0.791685865871272  0.044842172956459  0.469435873657726  0.397217200048052 
79.0    F  0.014802657353114  0.051225287977345  0.000000000000000  0.038821508805764  0.387696603173502  0.004862789981962  0.025190088484155  0.091441951294020  0.002941973567644  0.103736823198748  0.032986053676186  0.031862427593693  0.000000000000000  0.012770864507629  0.005774853247163  0.021537580515244  0.003890038098025  0.050345268190547  0.016086563803656  0.104169150894902  0.831045861593648  0.154213396226187  0.014528202228331  0.497924876547229  0.502083771619487  0.135090675254919  0.865136690584988  0.046584699587466  0.353553390593274  0.404160434402784 
80.0    K  0.039281667953807  0.007050786933300  0.024877753086837  0.052519609514580  0.019681718436678  0.082240907814313  0.016839580391307  0.022908074331081  0.340800651820627  0.027355979052946  0.011374918351555  0.041206050452886  0.005083366622820  0.026024242840017  0.068393356328796  0.109423916211783  0.075467536967906  0.007134361328219  0.008425628372613  0.013868927144836  0.865136690584988  0.135184345435452  0.000000000000000  0.464902471306581  0.535144349213312  0.579146403097322  0.421031476804208  0.045405157799105  0.362738051958545  0.401646998378517 
81.0    T  0.063109456099793  0.002211130668185  0.039200068891281  0.063724855187387  0.001855469497803  0.066477042055824  0.059169601952295  0.016688522000748  0.027892092858531  0.018866884241977  0.004440691301703  0.024501264189867  0.099166730398893  0.014278616409834  0.064301669243348  0.078291527414008  0.301451956922690  0.045594385757505  0.005150756306611  0.003685305667560  0.933032991536807  0.050380176968310  0.016734856612366  0.342458244991391  0.657471380102535  0.288971676638700  0.711038705293637  0.042159454198116  0.434070113800521  0.444421340583285 
82.0    D  0.030628106729433  0.000000000000000  0.411510172639354  0.104530799989258  0.000000000000000  0.045594385757505  0.033123524481165  0.006091444082901  0.032419373017675  0.006684336138145  0.009992074853730  0.127715010339288  0.054447137008891  0.022312562182579  0.015953314464175  0.039390730986968  0.044687030823803  0.011800567074710  0.000000000000000  0.003043611639299  0.884540435331541  0.104966436618018  0.010724097119179  0.420156876116641  0.579949827252717  0.476979775273779  0.523042469896265  0.041955390711883  0.337509496280686  0.443498152576075 
83.0    L  0.000000000000000  0.021868529149925  0.004346289533535  0.005762857254230  0.142595464483553  0.003335225446841  0.060580613558442  0.059292769696278  0.000000000000000  0.437999157533563  0.046007089442756  0.018010724168732  0.016700093612672  0.000000000000000  0.009169126392823  0.010650020369395  0.012797448404060  0.056016668723088  0.001953125000000  0.092975860152157  0.971980987981352  0.025916235806701  0.002179178363916  0.485317234884773  0.514770041716999  0.454074208860755  0.545631938527468  0.041463910643661  0.456915725114700  0.451876363375543 
84.0    R  0.004749528449934  0.027035521580781  0.002927733597179  0.004002175089972  0.003168465451473  0.009806812431896  0.035500914524584  0.003168465451473  0.053474689105163  0.004805825565434  0.004010506037969  0.013849714049920  0.006452169257310  0.071992977646835  0.682073917439677  0.028636520146105  0.000000000000000  0.015345931175990  0.019984149707460  0.008930768245422  0.993092495437036  0.007094909513449  0.000000000000000  0.345318612035964  0.654742711541783  0.074583483939483  0.925304428037852  0.041550222130679  0.494485458190466  0.472046209575125 
85.0    F  0.000000000000000  0.005585878852975  0.000000000000000  0.000000000000000  0.517273790759455  0.000000000000000  0.000000000000000  0.130217928626028  0.000000000000000  0.017481829703683  0.017985773301996  0.000000000000000  0.002041718945713  0.000000000000000  0.003164076068875  0.016504462896123  0.001777419578283  0.026626377971090  0.234392774114277  0.027054267672489  1.000000000000000  0.000000000000000  0.000000000000000  0.000000000000000  0.000000000000000  0.276049711790773  0.723969086189780  0.041636713284126  1.000000000000000  0.474342157570227 
86.0    Q  0.020992241026895  0.000000000000000  0.006506060710004  0.026904662135591  0.000000000000000  0.003659849401845  0.015113692650218  0.000000000000000  0.014248955711246  0.003849802097419  0.000000000000000  0.007509851003037  0.000000000000000  0.587638164209885  0.095259051896236  0.045562793088018  0.156041318612701  0.001877462750759  0.011367036590897  0.003587016258988  0.995159721820083  0.000000000000000  0.004779250160671  0.000000000000000  0.000000000000000  0.000000000000000  1.000000000000000  0.040779842115280  1.000000000000000  0.481964903870322 
87.0    S  0.169928530238342  0.016968466505036  0.010358795002333  0.039064446955788  0.002735461564233  0.034196678164398  0.051976381148432  0.008413956064008  0.046617000834108  0.014710601008456  0.008206598000084  0.007463147940488  0.054258764225065  0.015495573917786  0.037317599596081  0.379717922453632  0.042393885232740  0.040582456335309  0.000000000000000  0.019532223477894  0.996540262827868  0.000000000000000  0.003614470422023  0.000000000000000  0.000000000000000  0.124826833262629  0.875391329694264  0.040582456335309  1.000000000000000  0.476318999021969 
88.0    H  0.146706022285169  0.000000000000000  0.063592480756418  0.114625505400584  0.009618315729257  0.063724855187387  0.025755065154789  0.005244423838985  0.016187230680625  0.008355836624103  0.015441963304699  0.020503300852999  0.024264652343782  0.087292408279212  0.029956232452906  0.288171586699716  0.065289735179014  0.010110512925647  0.000000000000000  0.005125825213250  0.997922718999051  0.000000000000000  0.002168630534431  0.000000000000000  0.000000000000000  0.000000000000000  1.000000000000000  0.042985681816867  1.000000000000000  0.475000191437443 
89.0    A  0.775393206347005  0.021929245719361  0.006546774489593  0.004183714153092  0.000000000000000  0.016607744911852  0.000000000000000  0.006061959799022  0.000000000000000  0.000000000000000  0.003552375983597  0.000000000000000  0.002887426623582  0.000000000000000  0.012595044242078  0.053105312446166  0.026867390195094  0.062803988776487  0.000000000000000  0.007391075365044  0.995849753094458  0.004224510794858  0.000000000000000  0.075362989230673  0.924663278113700  0.445037866626248  0.554784736033923  0.043105028807096  0.483638164806966  0.472373520498603 
90.0    V  0.000000000000000  0.000000000000000  0.012421644546078  0.000000000000000  0.014659706195323  0.000000000000000  0.006385432253815  0.320189965332443  0.000000000000000  0.422493192206257  0.035624164771671  0.006336930902946  0.000000000000000  0.000000000000000  0.000000000000000  0.015538596385519  0.013888166893228  0.145490816800267  0.000000000000000  0.006968191557969  0.982820598545251  0.006968191557969  0.009957504900932  1.000000000000000  0.000000000000000  0.000000000000000  1.000000000000000  0.042629619839980  0.497235084336607  0.485653747770817 
91.0    L  0.052592467642836  0.006997231797585  0.098755163982922  0.134903529563053  0.024946824573645  0.104748391833494  0.007938047992138  0.041492661199451  0.015909143746322  0.187115373349086  0.117034030929312  0.026278012976679  0.009611651130868  0.031818287492644  0.007213924302573  0.029400815859806  0.024030325488598  0.052592467642836  0.024688790995731  0.002010820475457  0.999307092990453  0.000348392213310  0.000000000000000  1.000000000000000  0.000000000000000  0.345797657252741  0.654289035727505  0.043254678626609  0.500000000000000  0.477641468191219 
92.0    A  0.677832163400000  0.028183605574445  0.003186083958356  0.000000000000000  0.000000000000000  0.007149212250999  0.018814646581741  0.021477948368313  0.000000000000000  0.049343367918785  0.023963791557392  0.006810611246383  0.023765293019391  0.000000000000000  0.007203930608692  0.053474689105163  0.022035905632569  0.056680645558321  0.000000000000000  0.000000000000000  1.000000000000000  0.000000000000000  0.000000000000000  0.000000000000000  0.000000000000000  0.000000000000000  1.000000000000000  0.042629619839980  1.000000000000000  0.485990493990676 
93.0    L  0.020560226953578  0.015040538173465  0.000000000000000  0.002909526295162  0.013536513381251  0.000000000000000  0.006810611246383  0.110261420649647  0.000000000000000  0.755759964158113  0.032061817041786  0.000000000000000  0.013859317268002  0.000000000000000  0.007203930608692  0.010202029586632  0.000000000000000  0.011630041055989  0.000000000000000  0.000000000000000  1.000000000000000  0.000000000000000  0.000000000000000  0.000000000000000  0.000000000000000  0.000000000000000  1.000000000000000  0.042629619839980  1.000000000000000  0.485990493990676 
94.0    Q  0.003796800734302  0.012421644546078  0.000000000000000  0.012735505193791  0.000000000000000  0.006968191557969  0.046649324478030  0.000000000000000  0.014101573866600  0.007119541254978  0.000000000000000  0.000000000000000  0.001715684508278  0.832198734711525  0.038366740122346  0.012157580883678  0.009284243008257  0.000000000000000  0.002332349974755  0.000000000000000  1.000000000000000  0.000000000000000  0.000000000000000  0.000000000000000  0.000000000000000  0.000000000000000  1.000000000000000  0.042688758023575  1.000000000000000  0.485990493990676 
95.0    E  0.019915009801863  0.009049162548396  0.016515906883772  0.624598062826688  0.010187896369208  0.017313005435389  0.021537580515244  0.000000000000000  0.043706752585577  0.018211581220852  0.002387969292367  0.000000000000000  0.000000000000000  0.012216713173884  0.026515871928309  0.031489180012828  0.052374195916747  0.080716084393896  0.000000000000000  0.013175486097658  0.997231251352069  0.002829965145615  0.000000000000000  1.000000000000000  0.000000000000000  0.219151430329009  0.780786492607391  0.042747978246953  0.500000000000000  0.485990493990676 
96.0    A  0.642157904494713  0.006628967982077  0.000000000000000  0.010657404959995  0.000000000000000  0.006146581604325  0.006900898839699  0.055629733328281  0.000000000000000  0.023227859131735  0.013230395505664  0.000000000000000  0.025400487562010  0.011710934388715  0.010124538792448  0.072896835611779  0.068964608752622  0.046552420722584  0.000000000000000  0.000000000000000  1.000000000000000  0.000000000000000  0.000000000000000  0.000000000000000  0.000000000000000  0.000000000000000  1.000000000000000  0.042747978246953  1.000000000000000  0.489710148793463 
97.0    A  0.379191886343611  0.021138253610161  0.000000000000000  0.000000000000000  0.016435965300061  0.004183714153092  0.012638771068152  0.003426615424738  0.005974360460480  0.012886461697033  0.000000000000000  0.006483551449922  0.012621262150150  0.006910472151028  0.021241066279793  0.295043585834050  0.125607977552973  0.076045147414629  0.000000000000000  0.000000000000000  1.000000000000000  0.000000000000000  0.000000000000000  0.000000000000000  0.000000000000000  0.000000000000000  1.000000000000000  0.042688758023575  1.000000000000000  0.489710148793463 
98.0    E  0.012456132445946  0.000000000000000  0.000000000000000  0.886381699194867  0.000000000000000  0.003131348942966  0.000000000000000  0.000000000000000  0.020660228205353  0.000000000000000  0.002935862261847  0.000000000000000  0.009943710431843  0.012931200251222  0.045594385757505  0.005746901350999  0.000000000000000  0.000000000000000  0.000000000000000  0.000000000000000  0.977385766410805  0.014619117153616  0.008088007217511  1.000000000000000  0.000000000000000  0.000000000000000  1.000000000000000  0.042541066140609  0.490729531926740  0.489710148793463 
99.0    A  0.501735874254751  0.021717472185037  0.084787770465479  0.019196671569463  0.037162722343835  0.008298118644495  0.011398596439376  0.016933218231950  0.012421644546078  0.024030325488598  0.054711958105891  0.018971795068673  0.022844647631251  0.008949358577967  0.000000000000000  0.077481731246187  0.028478165019911  0.031511014215456  0.000000000000000  0.019451159927846  0.992404374685819  0.000000000000000  0.007437327410137  0.000000000000000  0.000000000000000  0.187115373349086  0.812815601984320  0.043404847992660  1.000000000000000  0.483638164806966 
100.0    Y  0.000000000000000  0.015854102290326  0.000000000000000  0.012577595900330  0.198470982732913  0.000000000000000  0.040190546357206  0.043676467870346  0.000000000000000  0.022987605403996  0.038875364165577  0.012199788946990  0.012603777487846  0.005044755274618  0.012473412286823  0.003293871524415  0.065199287095616  0.021717472185037  0.003140042932590  0.491751037013124  1.000000000000000  0.000000000000000  0.000000000000000  0.000000000000000  0.000000000000000  0.249826773247613  0.750019494642909  0.043465061615937  1.000000000000000  0.478635729097649 
101.0    L  0.007943552135093  0.000000000000000  0.000000000000000  0.000000000000000  0.001889211581277  0.000000000000000  0.000000000000000  0.079770548051810  0.005742919282770  0.722465198961763  0.055322110286222  0.000000000000000  0.006638164055771  0.000000000000000  0.017373111836205  0.006215128779335  0.017157700215423  0.044347604881262  0.035133716368082  0.000000000000000  0.992404374685819  0.000000000000000  0.007334935525902  0.000000000000000  0.000000000000000  0.265171935342054  0.735093668194520  0.042836962655616  1.000000000000000  0.484644908467533 
102.0    V  0.033008925792246  0.027469986278493  0.000000000000000  0.000000000000000  0.011048543456040  0.014229216149875  0.003532731943598  0.086030975099419  0.000000000000000  0.019303416205108  0.003836482793998  0.003530284088871  0.000000000000000  0.003949812815825  0.012456132445946  0.006159376359815  0.138024855895387  0.624598062826688  0.008710673583810  0.004236239878293  0.985549336939371  0.010075533208249  0.004137571619859  1.000000000000000  0.000000000000000  0.381564802240140  0.618566239343586  0.043525358770907  0.494828328207603  0.479964630519454 
103.0    G  0.034363004666080  0.022483337187669  0.042985681816867  0.049583365199446  0.000000000000000  0.258278596921033  0.080436827956329  0.023357019509921  0.042101049277053  0.013734993139247  0.003372420150681  0.030395467106634  0.000000000000000  0.110644220572443  0.054749894691695  0.136786712657592  0.083794536973771  0.012940166583352  0.000000000000000  0.000000000000000  0.993781093322555  0.000000000000000  0.005875795903862  0.500000000000000  0.500000000000000  0.350381862270187  0.649769531227720  0.043224707156593  0.496546247718518  0.485317234884773 
104.0    L  0.000000000000000  0.008734858210671  0.000000000000000  0.029543816148461  0.053252755942179  0.000000000000000  0.011210543239115  0.035822255804012  0.000000000000000  0.670821112441131  0.056680645558321  0.000000000000000  0.002322670146490  0.007183984735560  0.051438771579919  0.006488047063210  0.010173782731008  0.042659178683911  0.007758535120602  0.005782864445313  0.984184022033800  0.000000000000000  0.015997607819194  0.000000000000000  0.000000000000000  0.286975603463751  0.713012858682070  0.043194756454018  1.000000000000000  0.487002134271620 
105.0    F  0.000000000000000  0.000000000000000  0.000000000000000  0.000000000000000  0.707597080163328  0.000000000000000  0.000000000000000  0.000000000000000  0.013499034178129  0.159430548959818  0.063946091858402  0.000000000000000  0.012656304275501  0.000000000000000  0.013415084944340  0.019654452684938  0.000000000000000  0.000000000000000  0.000000000000000  0.009611651130868  0.995159721820083  0.004543437662296  0.000000000000000  0.500000000000000  0.500000000000000  0.153466960489383  0.846745312362527  0.044316876114983  0.496546247718518  0.479632059662632 
106.0    E  0.038499939795180  0.010724097119179  0.008680536942618  0.649769531227720  0.000000000000000  0.047071577082307  0.001777419578283  0.000000000000000  0.093104841445169  0.002748766358057  0.002587904330166  0.003137867174832  0.000000000000000  0.052084575447451  0.017750457262292  0.049617745683228  0.018581361171918  0.003991094073103  0.000000000000000  0.000000000000000  0.998614666101029  0.001463866798589  0.000000000000000  0.250000000000000  0.750019494642909  0.838568184440931  0.161544103829687  0.044873265956982  0.500000000000000  0.483303048532487 
107.0    D  0.021823102069803  0.034386831542692  0.581963267201068  0.026314467300263  0.000000000000000  0.023486898094774  0.038154578520910  0.018984949873516  0.035797434311867  0.042777619159120  0.023914012028479  0.025016087833009  0.000000000000000  0.010251650426500  0.017762765206813  0.008195229121679  0.012673861805891  0.013075410041928  0.000000000000000  0.065471007943737  0.995159721820083  0.000000000000000  0.004872912390289  0.000000000000000  0.000000000000000  0.000000000000000  1.000000000000000  0.043858491438721  1.000000000000000  0.497235084336607 
108.0    T  0.303969820795774  0.033679160782615  0.030206440533280  0.000000000000000  0.003289308412533  0.025826572442319  0.000000000000000  0.012482061194518  0.025365299405540  0.011312016971715  0.002081731906383  0.020545980628204  0.008783429092020  0.012421644546078  0.003445669395301  0.175433965754884  0.320411981040048  0.010746420454217  0.000000000000000  0.000000000000000  1.000000000000000  0.000000000000000  0.000000000000000  0.000000000000000  0.000000000000000  0.000000000000000  1.000000000000000  0.043949787497285  1.000000000000000  0.493116352246680 
109.0    N  0.013157233650131  0.000000000000000  0.006425391161816  0.002605904628277  0.003619484616759  0.027776333786455  0.008172538592129  0.026626377971090  0.006219438271709  0.035280137650192  0.031206708315657  0.464902471306581  0.028340322779161  0.055207190717592  0.006510571930931  0.054146053525005  0.025880333166705  0.079054971397121  0.000000000000000  0.124826833262629  0.989656656415207  0.002020600745154  0.008326927625531  0.142892291926755  0.857376036634172  0.000000000000000  1.000000000000000  0.043949787497285  0.499653546495226  0.493116352246680 
110.0    P  0.036803837174843  0.008832270055661  0.000000000000000  0.014854048456716  0.003146579261909  0.000000000000000  0.010686994561738  0.042013593567270  0.068393356328796  0.619853849969493  0.045029054651185  0.007050786933300  0.022312562182579  0.011446100582901  0.033516144275561  0.017985773301996  0.031336763621909  0.013075410041928  0.002664351239999  0.010843693117309  0.974004268543241  0.025898278265250  0.000000000000000  0.473685035299634  0.526315577354719  0.584793832025974  0.414947292794991  0.044594203303684  0.478304079045937  0.487002134271620 
111.0    C  0.061896429495814  0.523042469896265  0.000000000000000  0.000000000000000  0.014328188175073  0.011800567074710  0.000000000000000  0.039227249727583  0.000000000000000  0.166777896209721  0.022592692102277  0.003239529475838  0.000000000000000  0.000000000000000  0.021359178936591  0.021196942616370  0.053068515402927  0.045720975647010  0.000000000000000  0.015799251263302  0.976031760776225  0.017886315009354  0.005859527301898  0.062500000000000  0.937571096457110  0.659296807246183  0.340564508660122  0.044224817510208  0.484309094613314  0.496202187342909 
112.0    A  0.565657231422950  0.033284631356044  0.000000000000000  0.000000000000000  0.000000000000000  0.001715684508278  0.012603777487846  0.041006601705999  0.009678505451437  0.000000000000000  0.080660155653236  0.000000000000000  0.019804883156788  0.000000000000000  0.000000000000000  0.086569341756933  0.128692510429250  0.020081349022959  0.000000000000000  0.000000000000000  0.986232704493359  0.013725476066224  0.000000000000000  0.313383255110173  0.686818116714811  0.000000000000000  1.000000000000000  0.044041273598188  0.489370825198718  0.495858365369147 
113.0    I  0.047038960856596  0.002983041988204  0.010709240663904  0.002899460098885  0.009950605275988  0.000000000000000  0.015495573917786  0.404440674180870  0.029076551803219  0.182377543030022  0.024113752735296  0.018906157644051  0.024315161767357  0.026369243629063  0.032963197408377  0.024080347136200  0.070267432736164  0.041291825176821  0.000000000000000  0.032622247731929  1.000000000000000  0.000000000000000  0.000000000000000  0.000000000000000  0.000000000000000  0.000000000000000  1.000000000000000  0.043676467870346  1.000000000000000  0.495858365369147 
114.0    H  0.014160342785427  0.000000000000000  0.002115185635793  0.009175484150107  0.004400856361317  0.012824087637664  0.797192476540536  0.000000000000000  0.005835208816845  0.007609408347994  0.006412043818832  0.008099227351717  0.010202029586632  0.013630667277668  0.034866853822655  0.018945512797840  0.009024107691825  0.007463147940488  0.000000000000000  0.037812315288103  1.000000000000000  0.000000000000000  0.000000000000000  0.000000000000000  0.000000000000000  0.000000000000000  1.000000000000000  0.044625124365158  1.000000000000000  0.495858365369147 
115.0    A  0.602903913845380  0.040582456335309  0.007463147940488  0.012824087637664  0.000000000000000  0.074686950303549  0.039802421103953  0.003360752463326  0.000000000000000  0.010813669656652  0.000000000000000  0.002958332648197  0.018262144508769  0.017409275794052  0.072293011494080  0.045911519789947  0.019559319666469  0.016758072137780  0.000000000000000  0.014258835758491  1.000000000000000  0.000000000000000  0.000000000000000  0.000000000000000  0.000000000000000  0.000000000000000  1.000000000000000  0.044594203303684  1.000000000000000  0.495858365369147 
116.0    K  0.020067434515460  0.000000000000000  0.025471010387582  0.003664926548831  0.000000000000000  0.085614561247848  0.027718634536005  0.004397806977097  0.560194607097088  0.000000000000000  0.000000000000000  0.057233355401133  0.010496120513448  0.026278012976679  0.093428078039684  0.075624630576206  0.009806812431896  0.000000000000000  0.000000000000000  0.000000000000000  0.995849753094458  0.000000000000000  0.004227440017679  0.000000000000000  0.000000000000000  0.000000000000000  1.000000000000000  0.044594203303684  1.000000000000000  0.495858365369147 
117.0    R  0.022686848123498  0.060790934213268  0.000000000000000  0.016164805961233  0.000000000000000  0.006271385849343  0.037317599596081  0.020674553748564  0.009420373653834  0.004307301418238  0.000000000000000  0.000000000000000  0.006267040362129  0.004355336791905  0.781869643128594  0.020631606890859  0.000000000000000  0.000000000000000  0.000000000000000  0.009459633468364  0.981459063853479  0.018814646581741  0.000000000000000  0.452503231441453  0.547526235396787  0.389582289830250  0.610473256334567  0.044163551371335  0.481964903870322  0.491751037013124 
118.0    V  0.048160694272400  0.004852688600720  0.009194583884522  0.038287041622021  0.000000000000000  0.000000000000000  0.014598864795050  0.082183922512817  0.025190088484155  0.029016151634585  0.006474569566312  0.000000000000000  0.000000000000000  0.007651721074898  0.000000000000000  0.017542522219900  0.014833470639852  0.702222437868999  0.000000000000000  0.000000000000000  0.997922718999051  0.000000000000000  0.002010820475457  0.000000000000000  0.000000000000000  0.671286251390132  0.328735690051268  0.046359216682535  1.000000000000000  0.495858365369147 
119.0    T  0.000000000000000  0.000000000000000  0.011965296852300  0.005742919282770  0.000000000000000  0.000000000000000  0.019859870145401  0.039172906888772  0.015942260300757  0.012516716837338  0.017241152188156  0.016053147490296  0.022514527325593  0.000000000000000  0.033772668813730  0.003244023531605  0.802181166352486  0.000000000000000  0.000000000000000  0.000000000000000  0.990342871933025  0.009745824780578  0.000000000000000  1.000000000000000  0.000000000000000  0.447202450891303  0.552865326660134  0.047202268298838  0.497235084336607  0.498615625676035 
120.0    I  0.000000000000000  0.000000000000000  0.000000000000000  0.000000000000000  0.005436899968090  0.000000000000000  0.019859870145401  0.428390977384285  0.011965296852300  0.379454813243513  0.005414335490822  0.009348820025240  0.000000000000000  0.000000000000000  0.000000000000000  0.018788582014034  0.004440691301703  0.116790918360398  0.000000000000000  0.000000000000000  1.000000000000000  0.000000000000000  0.000000000000000  0.000000000000000  0.000000000000000  0.000000000000000  1.000000000000000  0.047333322371155  1.000000000000000  0.500000000000000 
121.0    M  0.018893057434896  0.022765611154656  0.014588749139302  0.050171086794747  0.052374195916747  0.000000000000000  0.007954571873161  0.028895727441053  0.043555538708983  0.020977695355942  0.430773079856009  0.039968299414920  0.000000000000000  0.073863221683398  0.023486898094774  0.010851211998165  0.134530015597975  0.005168638437141  0.000000000000000  0.021329589341956  1.000000000000000  0.000000000000000  0.000000000000000  0.000000000000000  0.000000000000000  0.000000000000000  1.000000000000000  0.047333322371155  1.000000000000000  0.500000000000000 
122.0    P  0.079384436408674  0.000000000000000  0.020067434515460  0.016220926102235  0.000000000000000  0.012895397008010  0.001214013348539  0.019037660369925  0.050032175666019  0.045562793088018  0.000000000000000  0.002443220859596  0.395294558301972  0.085971363633734  0.040751585476830  0.047861187409199  0.037214276542655  0.146097156070156  0.000000000000000  0.000000000000000  0.992404374685819  0.007509851003037  0.000000000000000  0.070805242830987  0.929160674250913  1.000000000000000  0.000000000000000  0.048027349415250  0.494485458190466  0.500000000000000 
123.0    K  0.006193626067268  0.000000000000000  0.028577034046872  0.025594896808120  0.000000000000000  0.026168952734638  0.001622011765803  0.000000000000000  0.566441942647899  0.000000000000000  0.000000000000000  0.024569290379385  0.011589804170634  0.016053147490296  0.235206526878447  0.018517074545962  0.029016151634585  0.010709240663904  0.000000000000000  0.000000000000000  1.000000000000000  0.000000000000000  0.000000000000000  0.000000000000000  0.000000000000000  0.000000000000000  0.000000000000000  0.048495678392179  1.000000000000000  1.000000000000000 
124.0    D  0.000000000000000  0.000000000000000  0.868140227601043  0.007982188146205  0.000000000000000  0.002273294012504  0.019668080836013  0.000000000000000  0.008974205898414  0.000000000000000  0.000000000000000  0.031730190652170  0.000000000000000  0.000000000000000  0.005425605999082  0.017948411796829  0.035525530413625  0.002638621258859  0.000000000000000  0.000000000000000  0.984866442895551  0.000000000000000  0.015030116479137  0.000000000000000  0.000000000000000  0.000000000000000  0.000000000000000  0.048495678392179  1.000000000000000  1.000000000000000 
125.0    I  0.004917020209003  0.000000000000000  0.000000000000000  0.000000000000000  0.054409410206008  0.000000000000000  0.005574275412960  0.409518348929914  0.013322420183874  0.085377516047150  0.276624338273068  0.000000000000000  0.000000000000000  0.000000000000000  0.000000000000000  0.023715925827720  0.056562903930182  0.066939426449466  0.002939935053537  0.000000000000000  0.991029563264079  0.008992886650998  0.000000000000000  0.118914784541475  0.880869374126979  1.000000000000000  0.000000000000000  0.048968574184334  0.476649272644080  0.493458272942921 
126.0    Q  0.080604265665993  0.007006938747359  0.014915953345933  0.070609200910633  0.005945442893904  0.000000000000000  0.032531924927628  0.017098339082199  0.122937759253281  0.034891030061955  0.005531935305526  0.018998113799736  0.000000000000000  0.498615625676035  0.048194088293998  0.022452190258501  0.000000000000000  0.009840859218339  0.003518070233781  0.006323767316777  0.997231251352069  0.002881428627115  0.000000000000000  0.125000000000000  0.874784764905822  0.000000000000000  0.000000000000000  0.047761766273911  0.500000000000000  1.000000000000000 
127.0    L  0.014397877909355  0.000000000000000  0.000000000000000  0.007264101114165  0.019942637012952  0.000000000000000  0.000000000000000  0.015155654849090  0.000000000000000  0.916368644675351  0.000000000000000  0.000000000000000  0.000000000000000  0.000000000000000  0.000000000000000  0.000000000000000  0.005179397501167  0.008037708655419  0.013499034178129  0.000000000000000  1.000000000000000  0.000000000000000  0.000000000000000  1.000000000000000  0.000000000000000  0.000000000000000  0.000000000000000  0.056602123938614  1.000000000000000  1.000000000000000 
