No:  residues  hmm_col_1  hmm_col_2  hmm_col_3  hmm_col_4  hmm_col_5  hmm_col_6  hmm_col_7  hmm_col_8  hmm_col_9  hmm_col_10  hmm_col_11  hmm_col_12  hmm_col_13  hmm_col_14  hmm_col_15  hmm_col_16  hmm_col_17  hmm_col_18  hmm_col_19  hmm_col_20  hmm_col_21   hmm_col_22   hmm_col_23   hmm_col_24   hmm_col_25   hmm_col_26   hmm_col_27   hmm_col_28   hmm_col_29   hmm_col_30   
1.0    M  0.011866185076676  0.003386474857479  0.000000000000000  0.000000000000000  0.005051753640185  0.007203930608692  0.000000000000000  0.009181846315779  0.000000000000000  0.016142412307565  0.922103117912631  0.000000000000000  0.000000000000000  0.000000000000000  0.008240799352094  0.003386474857479  0.000000000000000  0.013294745773540  0.000000000000000  0.000000000000000  0.983502074026248  0.008396477912934  0.008367428306183  0.813943185070435  0.185822873053877  0.000000000000000  0.000000000000000  0.097058609375130  0.488354264481114  1.000000000000000 
2.0    K  0.000000000000000  0.000000000000000  0.009671799147168  0.007807086663988  0.105696535922190  0.005197379066721  0.035673584597712  0.032307210507749  0.050765774772265  0.231647015472593  0.129228842030996  0.031098741306878  0.003900838539457  0.193713982739793  0.039996012932635  0.012744335833422  0.033585911651734  0.015261070765035  0.006772949714958  0.054825846795801  0.991029563264079  0.008668511500530  0.000000000000000  0.372936006672866  0.627201102260497  1.000000000000000  0.000000000000000  0.092014178885511  0.476318999021969  0.495858365369147 
3.0    R  0.010459806695144  0.002030428584327  0.000000000000000  0.010166733245640  0.018123432101647  0.000000000000000  0.002688467971857  0.165281825642822  0.018161157929971  0.129318447689864  0.000000000000000  0.007861389246076  0.010019817209080  0.002297053223225  0.524858341811534  0.011932167952818  0.008082402980616  0.059169601952295  0.003161883658388  0.016390458243359  0.994470168673214  0.000000000000000  0.005566553180269  0.000000000000000  0.000000000000000  0.000000000000000  0.000000000000000  0.086509357253217  1.000000000000000  1.000000000000000 
4.0    V  0.003802067867806  0.006479058951675  0.006968191557969  0.116952937228925  0.013946046429265  0.000000000000000  0.042305821220389  0.080047491333111  0.078020659306351  0.017409275794052  0.004642121504129  0.042159454198116  0.006129563264818  0.062068280964815  0.053326631132004  0.076256281892014  0.354289349127054  0.017530366883289  0.016254691664406  0.001526031015962  0.979420297586927  0.020560226953578  0.000000000000000  0.358240412593275  0.641712948781452  1.000000000000000  0.000000000000000  0.086389512908036  0.470413053756894  0.496890546661277 
5.0    M  0.000000000000000  0.003328297246386  0.000000000000000  0.000000000000000  0.076733480244691  0.000000000000000  0.000000000000000  0.059046690062325  0.000000000000000  0.215685336135664  0.471392267959120  0.000000000000000  0.000000000000000  0.012508043916505  0.001819805525986  0.002767885540055  0.000000000000000  0.142694338390847  0.000000000000000  0.013965393161825  1.000000000000000  0.000000000000000  0.000000000000000  0.000000000000000  0.000000000000000  0.000000000000000  0.000000000000000  0.083042863381032  1.000000000000000  1.000000000000000 
6.0    F  0.003476858333018  0.030081076346930  0.000000000000000  0.000000000000000  0.052811649025782  0.000000000000000  0.005143620789294  0.036752851571593  0.000000000000000  0.662044455197699  0.151039730423743  0.000000000000000  0.004606861688520  0.002972721446952  0.000000000000000  0.000000000000000  0.000000000000000  0.051225287977345  0.000000000000000  0.000000000000000  1.000000000000000  0.000000000000000  0.000000000000000  0.000000000000000  0.000000000000000  0.000000000000000  0.000000000000000  0.082755556899712  1.000000000000000  1.000000000000000 
7.0    H  0.024946824573645  0.001889211581277  0.000000000000000  0.002613139755442  0.002710923279327  0.023099412988654  0.046327094056339  0.012788580962356  0.555939578758553  0.019183370061173  0.000000000000000  0.035304600455316  0.000000000000000  0.035971546603993  0.138696184008481  0.024552266145862  0.029811235954611  0.001807235211011  0.001972170503119  0.042217940141739  1.000000000000000  0.000000000000000  0.000000000000000  0.000000000000000  0.000000000000000  0.000000000000000  0.000000000000000  0.082755556899712  1.000000000000000  1.000000000000000 
8.0    A  0.262793227271927  0.018035709648701  0.000000000000000  0.000000000000000  0.000000000000000  0.177267504459932  0.000000000000000  0.000000000000000  0.000000000000000  0.000000000000000  0.000000000000000  0.000000000000000  0.005140056738395  0.000000000000000  0.000000000000000  0.523768063549899  0.012753172596108  0.000000000000000  0.000000000000000  0.000000000000000  1.000000000000000  0.000000000000000  0.000000000000000  0.000000000000000  0.000000000000000  0.000000000000000  0.000000000000000  0.082755556899712  1.000000000000000  1.000000000000000 
9.0    K  0.000000000000000  0.000000000000000  0.000000000000000  0.000000000000000  0.000000000000000  0.000000000000000  0.000000000000000  0.000000000000000  1.000000000000000  0.000000000000000  0.000000000000000  0.000000000000000  0.000000000000000  0.000000000000000  0.000000000000000  0.000000000000000  0.000000000000000  0.000000000000000  0.000000000000000  0.000000000000000  1.000000000000000  0.000000000000000  0.000000000000000  0.000000000000000  0.000000000000000  0.000000000000000  0.000000000000000  0.082755556899712  1.000000000000000  1.000000000000000 
10.0    I  0.012832979699251  0.000000000000000  0.000000000000000  0.000000000000000  0.005974360460480  0.000000000000000  0.000000000000000  0.665264520540343  0.000000000000000  0.294022812572741  0.000000000000000  0.000000000000000  0.000000000000000  0.000000000000000  0.000000000000000  0.010934264574962  0.000000000000000  0.011117683290895  0.000000000000000  0.000000000000000  1.000000000000000  0.000000000000000  0.000000000000000  0.000000000000000  0.000000000000000  0.000000000000000  0.000000000000000  0.082755556899712  1.000000000000000  1.000000000000000 
11.0    H  0.000000000000000  0.000000000000000  0.000000000000000  0.000000000000000  0.006354524985407  0.000000000000000  0.963261894020148  0.000000000000000  0.000000000000000  0.006210822273039  0.000000000000000  0.000000000000000  0.000000000000000  0.012132326171891  0.000000000000000  0.011923900070004  0.000000000000000  0.000000000000000  0.000000000000000  0.000000000000000  1.000000000000000  0.000000000000000  0.000000000000000  0.000000000000000  0.000000000000000  0.000000000000000  0.000000000000000  0.082755556899712  1.000000000000000  1.000000000000000 
12.0    R  0.002762135864010  0.011048543456040  0.000000000000000  0.012132326171891  0.000000000000000  0.090245574720156  0.005037766604125  0.000000000000000  0.023748825881274  0.009181846315779  0.028242272710971  0.031077192771038  0.000000000000000  0.031401994388243  0.735093668194520  0.000000000000000  0.007976657232087  0.000000000000000  0.000000000000000  0.011923900070004  1.000000000000000  0.000000000000000  0.000000000000000  0.000000000000000  0.000000000000000  0.000000000000000  0.000000000000000  0.082755556899712  1.000000000000000  1.000000000000000 
13.0    A  0.707106781186547  0.016367751985934  0.000000000000000  0.000000000000000  0.000000000000000  0.016527358806538  0.000000000000000  0.050942020775164  0.000000000000000  0.069685388670481  0.000000000000000  0.000000000000000  0.000000000000000  0.000000000000000  0.000000000000000  0.000000000000000  0.000000000000000  0.139370777340962  0.000000000000000  0.000000000000000  1.000000000000000  0.000000000000000  0.000000000000000  0.000000000000000  0.000000000000000  0.000000000000000  0.000000000000000  0.082755556899712  1.000000000000000  1.000000000000000 
14.0    T  0.020803931456818  0.021974893748642  0.000000000000000  0.010934264574962  0.001919571481534  0.000000000000000  0.017603425445270  0.022545760732213  0.060580613558442  0.000000000000000  0.004971855215922  0.000000000000000  0.000000000000000  0.013093548979187  0.158989125842947  0.012525395771866  0.546010272872826  0.096991356784357  0.000000000000000  0.010881339692727  1.000000000000000  0.000000000000000  0.000000000000000  0.000000000000000  0.000000000000000  0.000000000000000  0.000000000000000  0.082755556899712  1.000000000000000  1.000000000000000 
15.0    V  0.002589698750583  0.003723822442532  0.000000000000000  0.000000000000000  0.000000000000000  0.000000000000000  0.000000000000000  0.074325444687670  0.000000000000000  0.024791682599723  0.004149059322248  0.000000000000000  0.000000000000000  0.000000000000000  0.000000000000000  0.000000000000000  0.012056876367648  0.878430468238362  0.000000000000000  0.000000000000000  1.000000000000000  0.000000000000000  0.000000000000000  0.000000000000000  0.000000000000000  0.000000000000000  0.000000000000000  0.082583650353642  1.000000000000000  1.000000000000000 
16.0    T  0.000000000000000  0.000000000000000  0.000000000000000  0.002309826172352  0.000000000000000  0.000000000000000  0.000000000000000  0.003467231786209  0.003591992367780  0.000000000000000  0.000000000000000  0.000000000000000  0.000000000000000  0.000000000000000  0.002259156609190  0.037733768483953  0.943438250895360  0.007011797270838  0.000000000000000  0.000000000000000  1.000000000000000  0.000000000000000  0.000000000000000  0.000000000000000  0.000000000000000  0.000000000000000  0.000000000000000  0.082583650353642  1.000000000000000  1.000000000000000 
17.0    Q  0.033100572958871  0.009310020113860  0.121666171769780  0.259714775824416  0.000000000000000  0.135278080565714  0.130127699710514  0.000000000000000  0.000000000000000  0.002161127642758  0.003081823597080  0.005762857254230  0.000000000000000  0.232290168562728  0.044842172956459  0.019437682082789  0.000000000000000  0.003351447384487  0.000000000000000  0.000000000000000  1.000000000000000  0.000000000000000  0.000000000000000  0.000000000000000  0.000000000000000  0.000000000000000  0.000000000000000  0.082583650353642  1.000000000000000  1.000000000000000 
18.0    A  0.696888619343735  0.055092509869198  0.000000000000000  0.000000000000000  0.000000000000000  0.018414678247058  0.000000000000000  0.004149059322248  0.057471877884479  0.000000000000000  0.000000000000000  0.000000000000000  0.000000000000000  0.000000000000000  0.012090351512050  0.085792776953432  0.061725053840336  0.008525499039492  0.000000000000000  0.000000000000000  1.000000000000000  0.000000000000000  0.000000000000000  0.000000000000000  0.000000000000000  0.000000000000000  0.000000000000000  0.082583650353642  1.000000000000000  1.000000000000000 
19.0    D  0.014033318326311  0.018236845340914  0.376311686852767  0.218090676442690  0.000000000000000  0.000000000000000  0.000000000000000  0.000000000000000  0.020574483157176  0.005582008358364  0.000000000000000  0.292599660368647  0.000000000000000  0.000000000000000  0.008771261109950  0.022577037467555  0.000000000000000  0.023179608341268  0.000000000000000  0.000000000000000  1.000000000000000  0.000000000000000  0.000000000000000  0.000000000000000  0.000000000000000  0.000000000000000  0.000000000000000  0.082583650353642  1.000000000000000  1.000000000000000 
20.0    L  0.000000000000000  0.000000000000000  0.000000000000000  0.000000000000000  0.000000000000000  0.000000000000000  0.000000000000000  0.035550163371016  0.003398231846518  0.852044095074866  0.006241030597259  0.000000000000000  0.012895397008010  0.000000000000000  0.009909307807233  0.000000000000000  0.004117544622229  0.075677067746910  0.000000000000000  0.000000000000000  1.000000000000000  0.000000000000000  0.000000000000000  0.000000000000000  0.000000000000000  0.000000000000000  0.000000000000000  0.082412100905773  1.000000000000000  1.000000000000000 
21.0    H  0.015239929086369  0.000000000000000  0.209642046110233  0.095193046231454  0.018427446754082  0.003440895992684  0.257385020858499  0.000000000000000  0.007801677078914  0.000000000000000  0.000000000000000  0.354043859553636  0.000000000000000  0.008662505028149  0.000000000000000  0.008138620539127  0.000000000000000  0.000000000000000  0.008513688376667  0.013415084944340  1.000000000000000  0.000000000000000  0.000000000000000  0.000000000000000  0.000000000000000  0.000000000000000  0.000000000000000  0.082412100905773  1.000000000000000  1.000000000000000 
22.0    Y  0.000000000000000  0.000000000000000  0.000000000000000  0.000000000000000  0.025755065154789  0.000000000000000  0.010806176789148  0.000000000000000  0.000000000000000  0.000000000000000  0.000000000000000  0.000000000000000  0.000000000000000  0.000000000000000  0.000000000000000  0.000000000000000  0.000000000000000  0.000000000000000  0.000000000000000  0.963261894020148  1.000000000000000  0.000000000000000  0.000000000000000  0.000000000000000  0.000000000000000  0.000000000000000  0.000000000000000  0.082412100905773  1.000000000000000  1.000000000000000 
23.0    V  0.000000000000000  0.000000000000000  0.020263118041422  0.376311686852767  0.000000000000000  0.000000000000000  0.057273040292209  0.061171353149840  0.025755065154789  0.000000000000000  0.031995215638389  0.009150079540772  0.012031830847439  0.019143520811011  0.005288227652549  0.000000000000000  0.000000000000000  0.377095019171645  0.000000000000000  0.004581386520437  1.000000000000000  0.000000000000000  0.000000000000000  0.000000000000000  0.000000000000000  0.000000000000000  0.000000000000000  0.082412100905773  1.000000000000000  1.000000000000000 
24.0    G  0.000000000000000  0.000000000000000  0.025755065154789  0.000000000000000  0.000000000000000  0.974004268543241  0.000000000000000  0.000000000000000  0.000000000000000  0.000000000000000  0.000000000000000  0.000000000000000  0.000000000000000  0.000000000000000  0.000000000000000  0.000000000000000  0.000000000000000  0.000000000000000  0.000000000000000  0.000000000000000  1.000000000000000  0.000000000000000  0.000000000000000  0.000000000000000  0.000000000000000  0.000000000000000  0.000000000000000  0.082412100905773  1.000000000000000  1.000000000000000 
25.0    S  0.000000000000000  0.000000000000000  0.000000000000000  0.000000000000000  0.000000000000000  0.000000000000000  0.000000000000000  0.000000000000000  0.000000000000000  0.000000000000000  0.000000000000000  0.000000000000000  0.000000000000000  0.000000000000000  0.000000000000000  1.000000000000000  0.000000000000000  0.000000000000000  0.000000000000000  0.000000000000000  0.998614666101029  0.001223305115844  0.000000000000000  1.000000000000000  0.000000000000000  0.000000000000000  0.000000000000000  0.082412100905773  0.500000000000000  1.000000000000000 
26.0    V  0.000000000000000  0.168754748140343  0.000000000000000  0.000000000000000  0.000000000000000  0.000000000000000  0.000000000000000  0.617709318563465  0.000000000000000  0.113125807860363  0.007943552135093  0.000000000000000  0.000000000000000  0.000000000000000  0.000000000000000  0.000000000000000  0.000000000000000  0.092461719328052  0.000000000000000  0.000000000000000  1.000000000000000  0.000000000000000  0.000000000000000  0.000000000000000  0.000000000000000  0.000000000000000  0.000000000000000  0.082412100905773  1.000000000000000  1.000000000000000 
27.0    T  0.178253214670518  0.000000000000000  0.000000000000000  0.025916235806701  0.000000000000000  0.032374461361251  0.000000000000000  0.000000000000000  0.003179465566681  0.000000000000000  0.000000000000000  0.000000000000000  0.000000000000000  0.000000000000000  0.000000000000000  0.100203166174924  0.660211420507500  0.000000000000000  0.000000000000000  0.000000000000000  1.000000000000000  0.000000000000000  0.000000000000000  0.000000000000000  0.000000000000000  0.000000000000000  0.000000000000000  0.082412100905773  1.000000000000000  1.000000000000000 
28.0    V  0.000000000000000  0.000000000000000  0.000000000000000  0.000000000000000  0.000000000000000  0.000000000000000  0.000000000000000  0.737134608645551  0.000000000000000  0.122003970097028  0.003277928269947  0.000000000000000  0.000000000000000  0.000000000000000  0.000000000000000  0.000000000000000  0.000000000000000  0.137452018664319  0.000000000000000  0.000000000000000  1.000000000000000  0.000000000000000  0.000000000000000  0.000000000000000  0.000000000000000  0.000000000000000  0.000000000000000  0.082412100905773  1.000000000000000  1.000000000000000 
29.0    D  0.003599469477339  0.011367036590897  0.892546971472977  0.002899460098885  0.000000000000000  0.040079268836320  0.000000000000000  0.000000000000000  0.000000000000000  0.000000000000000  0.000000000000000  0.004996037426865  0.025085543397374  0.000000000000000  0.000000000000000  0.017664540111322  0.000000000000000  0.000000000000000  0.000000000000000  0.001893144173701  1.000000000000000  0.000000000000000  0.000000000000000  0.000000000000000  0.000000000000000  0.000000000000000  0.000000000000000  0.082412100905773  1.000000000000000  1.000000000000000 
30.0    Q  0.100411749594629  0.000000000000000  0.009505643426829  0.296067902963408  0.000000000000000  0.043676467870346  0.000000000000000  0.025172634095273  0.077804639711386  0.014043048853297  0.013368672276291  0.006215128779335  0.121077273653328  0.089188406607367  0.060412881066561  0.077966598244628  0.027872766231878  0.025242524300300  0.000000000000000  0.011990203875007  1.000000000000000  0.000000000000000  0.000000000000000  0.000000000000000  0.000000000000000  0.000000000000000  0.000000000000000  0.082412100905773  1.000000000000000  1.000000000000000 
31.0    D  0.099304300012013  0.000000000000000  0.410370804405249  0.229092161168838  0.003963525572582  0.000000000000000  0.009459633468364  0.007228940844046  0.013039207518053  0.021627339313304  0.000000000000000  0.051760666333409  0.000000000000000  0.015898120189104  0.024843289092155  0.030670595745421  0.027374947345848  0.051438771579919  0.000000000000000  0.003857815865021  1.000000000000000  0.000000000000000  0.000000000000000  0.000000000000000  0.000000000000000  0.000000000000000  0.000000000000000  0.082412100905773  1.000000000000000  1.000000000000000 
32.0    L  0.000000000000000  0.000000000000000  0.000000000000000  0.000000000000000  0.036397924577139  0.000000000000000  0.022250784306204  0.075206439124969  0.000000000000000  0.837987134667949  0.006061959799022  0.000000000000000  0.000000000000000  0.015082297263621  0.000000000000000  0.000000000000000  0.000000000000000  0.000000000000000  0.007169061580558  0.000000000000000  1.000000000000000  0.000000000000000  0.000000000000000  0.000000000000000  0.000000000000000  0.000000000000000  0.000000000000000  0.082412100905773  1.000000000000000  1.000000000000000 
33.0    L  0.018568486016515  0.065244495463857  0.000000000000000  0.000000000000000  0.007530701622974  0.000000000000000  0.000000000000000  0.055591187096119  0.000000000000000  0.489710148793463  0.342695701244926  0.000000000000000  0.000000000000000  0.000000000000000  0.000000000000000  0.000000000000000  0.001881370886758  0.015581738302376  0.000000000000000  0.003248523821777  1.000000000000000  0.000000000000000  0.000000000000000  0.000000000000000  0.000000000000000  0.000000000000000  0.000000000000000  0.080996310339583  1.000000000000000  1.000000000000000 
34.0    D  0.075729541276890  0.000000000000000  0.376311686852767  0.348202870167259  0.000000000000000  0.022081775685668  0.004108991325015  0.004546588025008  0.072493728406590  0.002710923279327  0.000000000000000  0.009232902710425  0.000000000000000  0.018893057434896  0.040386025957422  0.007499447351866  0.013120804577252  0.004719991575742  0.000000000000000  0.000000000000000  1.000000000000000  0.000000000000000  0.000000000000000  0.000000000000000  0.000000000000000  0.000000000000000  0.000000000000000  0.080996310339583  1.000000000000000  1.000000000000000 
35.0    A  0.606676780124346  0.004304316858893  0.002666198667744  0.027508094173848  0.004041201490308  0.003086098874466  0.000000000000000  0.010783729323411  0.106579361470995  0.101180277068426  0.030416542942445  0.001552705568260  0.000000000000000  0.047596523115727  0.023292349793733  0.012797448404060  0.013965393161825  0.003549914517377  0.000000000000000  0.000000000000000  1.000000000000000  0.000000000000000  0.000000000000000  0.000000000000000  0.000000000000000  0.000000000000000  0.000000000000000  0.080996310339583  1.000000000000000  1.000000000000000 
36.0    A  0.683020128377198  0.007164094087536  0.000000000000000  0.000000000000000  0.000000000000000  0.002887426623582  0.000000000000000  0.009658400475945  0.000000000000000  0.011998517732048  0.000000000000000  0.000000000000000  0.000000000000000  0.000000000000000  0.000000000000000  0.146604368653985  0.003781043073804  0.134623297024131  0.000000000000000  0.000000000000000  1.000000000000000  0.000000000000000  0.000000000000000  0.000000000000000  0.000000000000000  0.000000000000000  0.000000000000000  0.080996310339583  1.000000000000000  1.000000000000000 
37.0    G  0.000000000000000  0.000000000000000  0.280291519507127  0.006768256690626  0.000000000000000  0.505225723243382  0.014936645587402  0.000000000000000  0.030798416779355  0.000000000000000  0.000000000000000  0.136976470805961  0.000000000000000  0.011998517732048  0.006688970973019  0.006236706143411  0.000000000000000  0.000000000000000  0.000000000000000  0.000000000000000  1.000000000000000  0.000000000000000  0.000000000000000  0.000000000000000  0.000000000000000  0.000000000000000  0.000000000000000  0.080996310339583  1.000000000000000  1.000000000000000 
38.0    I  0.000000000000000  0.000000000000000  0.000000000000000  0.000000000000000  0.025242524300300  0.000000000000000  0.000000000000000  0.612168196200102  0.000000000000000  0.264621098718783  0.086569341756933  0.000000000000000  0.000000000000000  0.000000000000000  0.000000000000000  0.000000000000000  0.000000000000000  0.011179504062679  0.000000000000000  0.000000000000000  1.000000000000000  0.000000000000000  0.000000000000000  0.000000000000000  0.000000000000000  0.000000000000000  0.000000000000000  0.080381092714413  1.000000000000000  1.000000000000000 
39.0    L  0.027699428099840  0.009854511006494  0.000000000000000  0.004530858025412  0.017289021142067  0.008967987608242  0.036982844429768  0.070413701781080  0.038419964601706  0.426908857195622  0.028735938942239  0.004149059322248  0.000000000000000  0.014720801154763  0.100342173589494  0.009200959293711  0.019236631458514  0.079109787123142  0.045911519789947  0.057471877884479  1.000000000000000  0.000000000000000  0.000000000000000  0.000000000000000  0.000000000000000  0.000000000000000  0.000000000000000  0.080325396091836  1.000000000000000  1.000000000000000 
40.0    P  0.035378090690959  0.000000000000000  0.013782677581206  0.380508345209840  0.000000000000000  0.000000000000000  0.003280201144313  0.016573245958878  0.001712120549445  0.004245058056742  0.002327505028465  0.000000000000000  0.468460723436213  0.014782150730087  0.002107867649423  0.003799433388329  0.007932547663042  0.044935516651467  0.000000000000000  0.000000000000000  1.000000000000000  0.000000000000000  0.000000000000000  0.000000000000000  0.000000000000000  0.000000000000000  0.000000000000000  0.080325396091836  1.000000000000000  1.000000000000000 
41.0    F  0.007828762539685  0.000000000000000  0.000000000000000  0.000000000000000  0.107395094368398  0.255607132652481  0.043105028807096  0.000000000000000  0.000000000000000  0.073149915092162  0.023781771575615  0.165167300707283  0.000000000000000  0.000000000000000  0.000000000000000  0.000000000000000  0.000000000000000  0.000000000000000  0.020221025851295  0.303759197976254  1.000000000000000  0.000000000000000  0.000000000000000  0.000000000000000  0.000000000000000  0.000000000000000  0.000000000000000  0.080325396091836  1.000000000000000  1.000000000000000 
42.0    E  0.007828762539685  0.000000000000000  0.031708204580653  0.869947352708651  0.000000000000000  0.000000000000000  0.000000000000000  0.000000000000000  0.000000000000000  0.000000000000000  0.024518253059273  0.000000000000000  0.000000000000000  0.059663813383732  0.000000000000000  0.000000000000000  0.006228066222973  0.000000000000000  0.000000000000000  0.000000000000000  1.000000000000000  0.000000000000000  0.000000000000000  0.000000000000000  0.000000000000000  0.000000000000000  0.000000000000000  0.080325396091836  1.000000000000000  1.000000000000000 
43.0    Q  0.063416409161305  0.000000000000000  0.000000000000000  0.045185384204555  0.050590138534213  0.000000000000000  0.008054439990584  0.018632951130166  0.337041932934264  0.042659178683911  0.033749267494778  0.000000000000000  0.000000000000000  0.240315232097190  0.134530015597975  0.013946046429265  0.000000000000000  0.004021640950914  0.000000000000000  0.007883215889412  1.000000000000000  0.000000000000000  0.000000000000000  0.000000000000000  0.000000000000000  0.000000000000000  0.000000000000000  0.080325396091836  1.000000000000000  1.000000000000000 
44.0    V  0.000000000000000  0.000000000000000  0.000000000000000  0.000000000000000  0.000000000000000  0.000000000000000  0.000000000000000  0.196146024474188  0.000000000000000  0.010209103546040  0.000000000000000  0.000000000000000  0.000000000000000  0.000000000000000  0.000000000000000  0.000000000000000  0.000000000000000  0.793333843191143  0.000000000000000  0.000000000000000  1.000000000000000  0.000000000000000  0.000000000000000  0.000000000000000  0.000000000000000  0.000000000000000  0.000000000000000  0.080325396091836  1.000000000000000  1.000000000000000 
45.0    D  0.026424133980547  0.003549914517377  0.208627320288852  0.095722374818399  0.011990203875007  0.004256844188333  0.117115180859053  0.000000000000000  0.002322670146490  0.087899574994570  0.005810991259510  0.016584737639841  0.000000000000000  0.279903222163560  0.000000000000000  0.073149915092162  0.017911127902006  0.007228940844046  0.015603354157829  0.025952188252840  1.000000000000000  0.000000000000000  0.000000000000000  0.000000000000000  0.000000000000000  0.000000000000000  0.000000000000000  0.080325396091836  1.000000000000000  1.000000000000000 
46.0    I  0.000000000000000  0.010202029586632  0.000000000000000  0.000000000000000  0.000000000000000  0.000000000000000  0.000000000000000  0.524131237758464  0.000000000000000  0.015614173327976  0.003890038098025  0.000000000000000  0.000000000000000  0.000000000000000  0.000000000000000  0.000000000000000  0.000000000000000  0.445964259710046  0.000000000000000  0.000000000000000  1.000000000000000  0.000000000000000  0.000000000000000  0.000000000000000  0.000000000000000  0.000000000000000  0.000000000000000  0.080325396091836  1.000000000000000  1.000000000000000 
47.0    Y  0.047861187409199  0.005774853247163  0.005730989625654  0.000000000000000  0.011148550825921  0.009565128065627  0.000000000000000  0.045216715183454  0.000000000000000  0.047728671811272  0.001230107402292  0.011948720920959  0.000000000000000  0.000000000000000  0.000000000000000  0.018932385319223  0.034291623049351  0.424253950852948  0.135184345435452  0.201241534405280  1.000000000000000  0.000000000000000  0.000000000000000  0.000000000000000  0.000000000000000  0.000000000000000  0.000000000000000  0.080325396091836  1.000000000000000  1.000000000000000 
48.0    D  0.000000000000000  0.000000000000000  0.225312615652708  0.000000000000000  0.000000000000000  0.000000000000000  0.000000000000000  0.000000000000000  0.000000000000000  0.000000000000000  0.000000000000000  0.728499556949005  0.000000000000000  0.000000000000000  0.000000000000000  0.040554336466849  0.000000000000000  0.005489916797682  0.000000000000000  0.000000000000000  1.000000000000000  0.000000000000000  0.000000000000000  0.000000000000000  0.000000000000000  0.000000000000000  0.000000000000000  0.080325396091836  1.000000000000000  1.000000000000000 
49.0    I  0.006045175756025  0.008054439990584  0.000000000000000  0.000000000000000  0.000000000000000  0.000000000000000  0.000000000000000  0.261702570493644  0.066707833627497  0.146299830184324  0.020963159763785  0.140534865472327  0.000000000000000  0.003264324058288  0.008566965535843  0.003049947236748  0.000000000000000  0.334945900606960  0.000000000000000  0.000000000000000  1.000000000000000  0.000000000000000  0.000000000000000  0.000000000000000  0.000000000000000  0.000000000000000  0.000000000000000  0.080325396091836  1.000000000000000  1.000000000000000 
50.0    T  0.040274207202657  0.000000000000000  0.110185019738396  0.043075161030488  0.002322670146490  0.000000000000000  0.012985091587401  0.000000000000000  0.000000000000000  0.000000000000000  0.004703661645435  0.440740078953585  0.007828762539685  0.013066349998657  0.006032618227280  0.061213768599183  0.255961725107111  0.000000000000000  0.000000000000000  0.001507109545956  1.000000000000000  0.000000000000000  0.000000000000000  0.000000000000000  0.000000000000000  0.000000000000000  0.000000000000000  0.080325396091836  1.000000000000000  1.000000000000000 
51.0    N  0.007174032517976  0.000000000000000  0.000000000000000  0.000000000000000  0.000000000000000  0.004559211335228  0.000000000000000  0.000000000000000  0.000000000000000  0.000000000000000  0.000000000000000  0.814507563070215  0.000000000000000  0.002251340521092  0.011390698272005  0.102379587232478  0.055207190717592  0.000000000000000  0.000000000000000  0.002596888883167  1.000000000000000  0.000000000000000  0.000000000000000  0.000000000000000  0.000000000000000  0.000000000000000  0.000000000000000  0.080325396091836  1.000000000000000  1.000000000000000 
52.0    G  0.034101996157967  0.000000000000000  0.024501264189867  0.000000000000000  0.000000000000000  0.921464186198704  0.000000000000000  0.000000000000000  0.000000000000000  0.000000000000000  0.000000000000000  0.014229216149875  0.000000000000000  0.000000000000000  0.000000000000000  0.005730989625654  0.000000000000000  0.000000000000000  0.000000000000000  0.000000000000000  1.000000000000000  0.000000000000000  0.000000000000000  0.000000000000000  0.000000000000000  0.000000000000000  0.000000000000000  0.080325396091836  1.000000000000000  1.000000000000000 
53.0    A  0.317537745634697  0.000000000000000  0.005524271728020  0.306508715013289  0.000000000000000  0.001930245413087  0.009786440926751  0.015506318354466  0.027016788478371  0.006045175756025  0.007845058931554  0.118667765118815  0.000000000000000  0.057751410777926  0.000000000000000  0.053326631132004  0.046262915562502  0.026424133980547  0.000000000000000  0.000000000000000  1.000000000000000  0.000000000000000  0.000000000000000  0.000000000000000  0.000000000000000  0.000000000000000  0.000000000000000  0.080325396091836  1.000000000000000  1.000000000000000 
54.0    R  0.000000000000000  0.010709240663904  0.000000000000000  0.000000000000000  0.000000000000000  0.000000000000000  0.008472479756586  0.000000000000000  0.000000000000000  0.012199788946990  0.000000000000000  0.000000000000000  0.000000000000000  0.000000000000000  0.963261894020148  0.005406834828326  0.000000000000000  0.000000000000000  0.000000000000000  0.000000000000000  1.000000000000000  0.000000000000000  0.000000000000000  0.000000000000000  0.000000000000000  0.000000000000000  0.000000000000000  0.080325396091836  1.000000000000000  1.000000000000000 
55.0    L  0.000000000000000  0.000000000000000  0.000000000000000  0.000000000000000  0.528875481809214  0.006045175756025  0.000000000000000  0.084787770465479  0.000000000000000  0.319303439798847  0.002194335748109  0.000000000000000  0.000000000000000  0.000000000000000  0.000000000000000  0.000000000000000  0.000000000000000  0.011109979770213  0.047497651762547  0.000000000000000  1.000000000000000  0.000000000000000  0.000000000000000  0.000000000000000  0.000000000000000  0.000000000000000  0.000000000000000  0.080325396091836  1.000000000000000  1.000000000000000 
56.0    T  0.022483337187669  0.000000000000000  0.016862941195382  0.439519780455894  0.000000000000000  0.000000000000000  0.006619784648017  0.028183605574445  0.004394759705816  0.012673861805891  0.003700664338278  0.000000000000000  0.000000000000000  0.019478143660548  0.011218316489246  0.240315232097190  0.133323222603971  0.061256213458867  0.000000000000000  0.000000000000000  1.000000000000000  0.000000000000000  0.000000000000000  0.000000000000000  0.000000000000000  0.000000000000000  0.000000000000000  0.080381092714413  1.000000000000000  1.000000000000000 
57.0    T  0.014229216149875  0.000000000000000  0.000000000000000  0.000000000000000  0.000000000000000  0.000000000000000  0.000000000000000  0.000000000000000  0.000000000000000  0.000000000000000  0.000000000000000  0.000000000000000  0.000000000000000  0.000000000000000  0.000000000000000  0.000000000000000  0.985549336939371  0.000000000000000  0.000000000000000  0.000000000000000  1.000000000000000  0.000000000000000  0.000000000000000  0.000000000000000  0.000000000000000  0.000000000000000  0.000000000000000  0.080381092714413  1.000000000000000  1.000000000000000 
58.0    Y  0.000000000000000  0.000000000000000  0.000000000000000  0.021270533070304  0.000000000000000  0.000000000000000  0.000000000000000  0.000000000000000  0.000000000000000  0.000000000000000  0.000000000000000  0.000000000000000  0.000000000000000  0.000000000000000  0.000000000000000  0.000000000000000  0.000000000000000  0.017469716421342  0.000000000000000  0.961260928388761  1.000000000000000  0.000000000000000  0.000000000000000  0.000000000000000  0.000000000000000  0.000000000000000  0.000000000000000  0.080381092714413  1.000000000000000  1.000000000000000 
59.0    A  0.331251754261302  0.002201953929972  0.000000000000000  0.000000000000000  0.000000000000000  0.000000000000000  0.000000000000000  0.078563335907614  0.000000000000000  0.015777364024948  0.000000000000000  0.000000000000000  0.000000000000000  0.000000000000000  0.000000000000000  0.000000000000000  0.115103212150630  0.456915725114700  0.000000000000000  0.000000000000000  1.000000000000000  0.000000000000000  0.000000000000000  0.000000000000000  0.000000000000000  0.000000000000000  0.000000000000000  0.080381092714413  1.000000000000000  1.000000000000000 
60.0    L  0.000000000000000  0.000000000000000  0.000000000000000  0.000000000000000  0.007710285514733  0.000000000000000  0.000000000000000  0.891310495896971  0.000000000000000  0.071694189014135  0.006754197119593  0.000000000000000  0.000000000000000  0.000000000000000  0.000000000000000  0.000000000000000  0.010716666317114  0.011973593439123  0.000000000000000  0.000000000000000  1.000000000000000  0.000000000000000  0.000000000000000  0.000000000000000  0.000000000000000  0.000000000000000  0.000000000000000  0.080381092714413  1.000000000000000  1.000000000000000 
61.0    P  0.138984894689638  0.003372420150681  0.004852688600720  0.143786486668826  0.028537445312875  0.000000000000000  0.010716666317114  0.003616976650497  0.151564102382717  0.047038960856596  0.004289425053856  0.006083005398919  0.232129213076682  0.007041019239147  0.102237757319723  0.026700304402804  0.045060277233132  0.017098339082199  0.001716874142406  0.025225033578274  0.998614666101029  0.000000000000000  0.001694411498344  0.000000000000000  0.000000000000000  0.000000000000000  0.000000000000000  0.080381092714413  1.000000000000000  1.000000000000000 
62.0    G  0.165281825642822  0.000000000000000  0.008484233252518  0.011767894270577  0.000000000000000  0.789493886700555  0.000000000000000  0.000000000000000  0.000000000000000  0.000000000000000  0.000000000000000  0.000000000000000  0.000000000000000  0.000000000000000  0.000000000000000  0.020963159763785  0.003941607944706  0.000000000000000  0.000000000000000  0.000000000000000  0.962594443101751  0.011241668593835  0.026006210459735  1.000000000000000  0.000000000000000  1.000000000000000  0.000000000000000  0.080325396091836  0.489710148793463  0.500000000000000 
63.0    E  0.052446852319159  0.000000000000000  0.037447156916857  0.481297221550876  0.000000000000000  0.003228321555290  0.004540289482493  0.038983299122314  0.123193667117421  0.004839252725718  0.000000000000000  0.000000000000000  0.166085726762064  0.038848427153248  0.017241152188156  0.008217982650030  0.012744335833422  0.010964622859680  0.000000000000000  0.000000000000000  0.963929807740643  0.000000000000000  0.035772630018709  0.000000000000000  0.000000000000000  0.750019494642909  0.249826773247613  0.081052472165688  1.000000000000000  0.476979775273779 
64.0    R  0.161768206810357  0.000000000000000  0.018736561152986  0.057631444869539  0.000000000000000  0.011164016716727  0.010322956294205  0.000000000000000  0.068203992315933  0.000000000000000  0.000000000000000  0.005354620331952  0.137642699762245  0.021211640310625  0.480297431976738  0.013193763865997  0.006877023543462  0.000000000000000  0.007447644885064  0.000000000000000  0.961260928388761  0.002017801538446  0.036625696364829  0.333324669272800  0.666649338545599  0.156149515706672  0.843815796130018  0.082240907814313  0.500000000000000  0.462331639056850 
65.0    G  0.004559211335228  0.006749517089065  0.040582456335309  0.008692579067069  0.000000000000000  0.781869643128594  0.016734856612366  0.000000000000000  0.012174446557195  0.000000000000000  0.000000000000000  0.107320679554719  0.000000000000000  0.000000000000000  0.003237284783156  0.003239529475838  0.000000000000000  0.000000000000000  0.000000000000000  0.014669871051804  0.993092495437036  0.000000000000000  0.006944083446614  0.500000000000000  0.500000000000000  0.959929261038908  0.040246300922182  0.082755556899712  0.498615625676035  0.438910898804760 
66.0    S  0.019130256131253  0.000000000000000  0.010672189505894  0.042807280623924  0.000000000000000  0.027834153143959  0.000000000000000  0.000000000000000  0.033796086358863  0.002921651871802  0.000000000000000  0.000000000000000  0.012824087637664  0.014518135535171  0.005974360460480  0.755236292781413  0.071644511608024  0.002570028369197  0.000000000000000  0.000000000000000  0.974679630891549  0.000000000000000  0.025347723611783  0.500000000000000  0.500000000000000  0.417543959714185  0.582366793234228  0.080716084393896  0.499307333050514  0.493458272942921 
67.0    G  0.000000000000000  0.000000000000000  0.000000000000000  0.000000000000000  0.012293163208649  0.735603372927869  0.006142322594846  0.000000000000000  0.076999879590360  0.000000000000000  0.000000000000000  0.023019495090883  0.000000000000000  0.000000000000000  0.127449710374774  0.005843303743603  0.007646419143730  0.000000000000000  0.000000000000000  0.005093948184604  0.987600861445373  0.000000000000000  0.012293163208649  0.000000000000000  0.000000000000000  0.077428043611494  0.922742492653798  0.081503170953660  1.000000000000000  0.473028823362798 
68.0    V  0.015474107373954  0.050380176968310  0.033609199701793  0.170755032094299  0.000000000000000  0.001531329011867  0.001972170503119  0.166431451654546  0.027718634536005  0.004465384122711  0.071793647187315  0.009745824780578  0.000000000000000  0.035747842912619  0.011086901220315  0.010888884677246  0.088143622530274  0.300200856871302  0.000000000000000  0.000000000000000  1.000000000000000  0.000000000000000  0.000000000000000  0.000000000000000  0.000000000000000  0.698339266233699  0.301870147871624  0.083042863381032  1.000000000000000  0.463936738235641 
69.0    I  0.000000000000000  0.055900306361413  0.000000000000000  0.000000000000000  0.023864335905636  0.000000000000000  0.000000000000000  0.732550437305669  0.000000000000000  0.018073252873520  0.020333466491280  0.000000000000000  0.000000000000000  0.000000000000000  0.005219039368711  0.000000000000000  0.000000000000000  0.143985955293670  0.000000000000000  0.000000000000000  1.000000000000000  0.000000000000000  0.000000000000000  0.000000000000000  0.000000000000000  0.000000000000000  1.000000000000000  0.082183922512817  1.000000000000000  0.490389501994276 
70.0    G  0.024877753086837  0.437089310205187  0.000000000000000  0.026941985781800  0.000000000000000  0.140827403562160  0.000000000000000  0.052192994964273  0.002251340521092  0.016447361792335  0.000000000000000  0.008875228631146  0.000000000000000  0.042305821220389  0.008507789182313  0.182757181050004  0.015292838287460  0.041781265481410  0.000000000000000  0.000000000000000  0.994470168673214  0.005277242517717  0.000000000000000  0.500000000000000  0.500000000000000  1.000000000000000  0.000000000000000  0.082183922512817  0.485317234884773  0.490389501994276 
71.0    I  0.013066349998657  0.000000000000000  0.000000000000000  0.000000000000000  0.000000000000000  0.000000000000000  0.000000000000000  0.183646079159789  0.000000000000000  0.572758948989878  0.035624164771671  0.000000000000000  0.029177498278604  0.000000000000000  0.000000000000000  0.000000000000000  0.000000000000000  0.165855642574645  0.000000000000000  0.000000000000000  1.000000000000000  0.000000000000000  0.000000000000000  0.000000000000000  0.000000000000000  0.000000000000000  0.000000000000000  0.081390261848064  1.000000000000000  1.000000000000000 
72.0    N  0.000000000000000  0.000000000000000  0.000000000000000  0.000000000000000  0.000000000000000  0.000000000000000  0.000000000000000  0.000000000000000  0.000000000000000  0.000000000000000  0.000000000000000  0.982139595263391  0.000000000000000  0.000000000000000  0.010294374622923  0.000000000000000  0.000000000000000  0.000000000000000  0.000000000000000  0.007391075365044  1.000000000000000  0.000000000000000  0.000000000000000  0.000000000000000  0.000000000000000  0.000000000000000  0.000000000000000  0.081390261848064  1.000000000000000  1.000000000000000 
73.0    G  0.000000000000000  0.000000000000000  0.000000000000000  0.000000000000000  0.000000000000000  1.000000000000000  0.000000000000000  0.000000000000000  0.000000000000000  0.000000000000000  0.000000000000000  0.000000000000000  0.000000000000000  0.000000000000000  0.000000000000000  0.000000000000000  0.000000000000000  0.000000000000000  0.000000000000000  0.000000000000000  1.000000000000000  0.000000000000000  0.000000000000000  0.000000000000000  0.000000000000000  0.000000000000000  0.000000000000000  0.081390261848064  1.000000000000000  1.000000000000000 
74.0    A  0.798851916449148  0.000000000000000  0.026096497482137  0.000000000000000  0.000000000000000  0.054901904264898  0.000000000000000  0.000000000000000  0.014239082509955  0.000000000000000  0.000000000000000  0.000000000000000  0.073607674349686  0.000000000000000  0.000000000000000  0.023470623858452  0.008961773626767  0.000000000000000  0.000000000000000  0.000000000000000  1.000000000000000  0.000000000000000  0.000000000000000  0.000000000000000  0.000000000000000  0.000000000000000  0.000000000000000  0.081390261848064  1.000000000000000  1.000000000000000 
75.0    A  0.892546971472977  0.002257591223740  0.000000000000000  0.000000000000000  0.000000000000000  0.013592927386073  0.000000000000000  0.000000000000000  0.000000000000000  0.000000000000000  0.006083005398919  0.026096497482137  0.021747599872361  0.000000000000000  0.000000000000000  0.006146581604325  0.017506081471784  0.000000000000000  0.000000000000000  0.014239082509955  1.000000000000000  0.000000000000000  0.000000000000000  0.000000000000000  0.000000000000000  0.000000000000000  0.000000000000000  0.081390261848064  1.000000000000000  1.000000000000000 
76.0    A  0.929804942613162  0.000000000000000  0.000000000000000  0.000000000000000  0.000000000000000  0.000000000000000  0.000000000000000  0.000000000000000  0.000000000000000  0.000000000000000  0.000000000000000  0.000000000000000  0.000000000000000  0.000000000000000  0.000000000000000  0.029997789407466  0.000000000000000  0.040330077826618  0.000000000000000  0.000000000000000  1.000000000000000  0.000000000000000  0.000000000000000  0.000000000000000  0.000000000000000  0.000000000000000  0.000000000000000  0.081390261848064  1.000000000000000  1.000000000000000 
77.0    H  0.000000000000000  0.000000000000000  0.000000000000000  0.000000000000000  0.000000000000000  0.000000000000000  0.324434691734796  0.000000000000000  0.011485838565539  0.031358492140922  0.000000000000000  0.000000000000000  0.000000000000000  0.000000000000000  0.632439771176968  0.000000000000000  0.000000000000000  0.000000000000000  0.000000000000000  0.000000000000000  1.000000000000000  0.000000000000000  0.000000000000000  0.000000000000000  0.000000000000000  0.000000000000000  0.000000000000000  0.081390261848064  1.000000000000000  1.000000000000000 
78.0    L  0.003786288347403  0.061383724703962  0.000000000000000  0.001911604785932  0.000000000000000  0.000000000000000  0.056956330039821  0.000000000000000  0.193579756963305  0.498615625676035  0.024654588776640  0.000000000000000  0.000000000000000  0.011899130778932  0.059169601952295  0.003244023531605  0.050871449066902  0.000000000000000  0.004779250160671  0.029076551803219  1.000000000000000  0.000000000000000  0.000000000000000  0.000000000000000  0.000000000000000  0.000000000000000  0.000000000000000  0.081390261848064  1.000000000000000  1.000000000000000 
79.0    V  0.265355802237449  0.098141014834197  0.000000000000000  0.000000000000000  0.059912464905811  0.117115180859053  0.000000000000000  0.072343138561883  0.000000000000000  0.000000000000000  0.003262062185267  0.009624984948795  0.000000000000000  0.000000000000000  0.000000000000000  0.000000000000000  0.005937206470318  0.360482217865056  0.007834190905477  0.000000000000000  1.000000000000000  0.000000000000000  0.000000000000000  0.000000000000000  0.000000000000000  0.000000000000000  0.000000000000000  0.081390261848064  1.000000000000000  1.000000000000000 
80.0    K  0.094995303525095  0.030081076346930  0.015218816695988  0.092461719328052  0.000000000000000  0.016968466505036  0.110185019738396  0.005002968208319  0.106137030805855  0.022639721164920  0.015218816695988  0.037996227599472  0.000000000000000  0.290780010386963  0.031098741306878  0.096655792181915  0.025172634095273  0.009407323290870  0.000000000000000  0.000000000000000  1.000000000000000  0.000000000000000  0.000000000000000  0.000000000000000  0.000000000000000  0.000000000000000  0.000000000000000  0.081390261848064  1.000000000000000  1.000000000000000 
81.0    P  0.036600318163088  0.000000000000000  0.000000000000000  0.034794425569646  0.000000000000000  0.000000000000000  0.000000000000000  0.062283766426742  0.141218401821265  0.027412923397901  0.000000000000000  0.000000000000000  0.358737383651676  0.025719385789960  0.019545766876770  0.005200982864205  0.042276507220321  0.242826873885408  0.000000000000000  0.003344485486510  0.992404374685819  0.007834190905477  0.000000000000000  0.500000000000000  0.500000000000000  0.000000000000000  0.000000000000000  0.081390261848064  0.490049707670935  1.000000000000000 
82.0    G  0.000000000000000  0.000000000000000  0.060078808024298  0.006206518750751  0.000000000000000  0.899378312147752  0.003457631892889  0.000000000000000  0.003616976650497  0.000000000000000  0.000000000000000  0.016909760070714  0.000000000000000  0.007284269425288  0.000000000000000  0.003370083377120  0.000000000000000  0.000000000000000  0.000000000000000  0.000000000000000  1.000000000000000  0.000000000000000  0.000000000000000  0.000000000000000  0.000000000000000  0.000000000000000  0.000000000000000  0.081390261848064  1.000000000000000  1.000000000000000 
83.0    D  0.000000000000000  0.000000000000000  0.937571096457110  0.028795755818709  0.000000000000000  0.000000000000000  0.014268722656437  0.000000000000000  0.000000000000000  0.000000000000000  0.000000000000000  0.003007957711860  0.000000000000000  0.016345077184258  0.000000000000000  0.000000000000000  0.000000000000000  0.000000000000000  0.000000000000000  0.000000000000000  1.000000000000000  0.000000000000000  0.000000000000000  0.000000000000000  0.000000000000000  0.000000000000000  0.000000000000000  0.081390261848064  1.000000000000000  1.000000000000000 
84.0    L  0.000000000000000  0.001867080698425  0.004018854327709  0.075834597515543  0.002548740132205  0.000000000000000  0.018401918587422  0.122088566120278  0.122257934180917  0.226879788829290  0.027393928791126  0.002642281701270  0.015909143746322  0.053846634982001  0.162667731930242  0.000000000000000  0.073048578035078  0.090684512989636  0.000000000000000  0.000000000000000  1.000000000000000  0.000000000000000  0.000000000000000  0.000000000000000  0.000000000000000  0.000000000000000  0.000000000000000  0.081390261848064  1.000000000000000  1.000000000000000 
85.0    V  0.006258358418669  0.000000000000000  0.000000000000000  0.000000000000000  0.000000000000000  0.000000000000000  0.000000000000000  0.290377182981431  0.000000000000000  0.177636505397670  0.012098734810207  0.000000000000000  0.000000000000000  0.000000000000000  0.000000000000000  0.000000000000000  0.000000000000000  0.513700719689482  0.000000000000000  0.000000000000000  0.992404374685819  0.000000000000000  0.007834190905477  0.000000000000000  0.000000000000000  0.000000000000000  0.000000000000000  0.081390261848064  1.000000000000000  1.000000000000000 
86.0    I  0.000000000000000  0.000000000000000  0.000000000000000  0.000000000000000  0.011702819800189  0.000000000000000  0.012387252134536  0.927873476471283  0.000000000000000  0.002931795112333  0.000000000000000  0.000000000000000  0.000000000000000  0.000000000000000  0.000000000000000  0.000000000000000  0.014111351721122  0.031055659166330  0.000000000000000  0.000000000000000  1.000000000000000  0.000000000000000  0.000000000000000  0.000000000000000  0.000000000000000  0.000000000000000  1.000000000000000  0.081956375888478  1.000000000000000  0.490049707670935 
87.0    L  0.000000000000000  0.000000000000000  0.000000000000000  0.000000000000000  0.000000000000000  0.000000000000000  0.000000000000000  0.782411781736511  0.000000000000000  0.081052472165688  0.003969023996069  0.000000000000000  0.000000000000000  0.000000000000000  0.000000000000000  0.000000000000000  0.000000000000000  0.132677901118724  0.000000000000000  0.000000000000000  1.000000000000000  0.000000000000000  0.000000000000000  0.000000000000000  0.000000000000000  0.000000000000000  1.000000000000000  0.081956375888478  1.000000000000000  0.490049707670935 
88.0    V  0.179742066605870  0.114704985288921  0.000000000000000  0.000000000000000  0.029482445340480  0.000000000000000  0.000000000000000  0.226879788829290  0.000000000000000  0.100551046367739  0.260977981855430  0.000000000000000  0.000000000000000  0.000000000000000  0.000000000000000  0.011374918351555  0.002909526295162  0.053734780390188  0.009220112057314  0.010539863549529  1.000000000000000  0.000000000000000  0.000000000000000  0.000000000000000  0.000000000000000  1.000000000000000  0.000000000000000  0.081956375888478  1.000000000000000  0.490049707670935 
89.0    A  0.406689599066063  0.026223426159579  0.000000000000000  0.000000000000000  0.000000000000000  0.052084575447451  0.000000000000000  0.000000000000000  0.000000000000000  0.000000000000000  0.000000000000000  0.030458738465361  0.007834190905477  0.000000000000000  0.000000000000000  0.341510064188599  0.125956720051313  0.009118422670457  0.000000000000000  0.000000000000000  0.997231251352069  0.002744958398841  0.000000000000000  1.000000000000000  0.000000000000000  0.000000000000000  0.000000000000000  0.081390261848064  0.498961359499525  1.000000000000000 
90.0    Y  0.006223750752231  0.000000000000000  0.000000000000000  0.000000000000000  0.187764990867616  0.000000000000000  0.000000000000000  0.000000000000000  0.000000000000000  0.004163463812765  0.004493327708401  0.012115518849172  0.000000000000000  0.000000000000000  0.000000000000000  0.033353916813749  0.008032139270751  0.005161478147103  0.008149910886952  0.730522189272838  0.992404374685819  0.000000000000000  0.007834190905477  0.000000000000000  0.000000000000000  0.000000000000000  0.000000000000000  0.081390261848064  1.000000000000000  1.000000000000000 
91.0    G  0.431969093700139  0.049172652834598  0.011581773514085  0.071100326742032  0.002756398131658  0.191047065095646  0.007284269425288  0.017923547253534  0.010258758792376  0.007657026682358  0.005782864445313  0.000000000000000  0.000000000000000  0.007905103133023  0.028419007868773  0.044378354954482  0.027584468634083  0.085141127165031  0.000000000000000  0.000000000000000  0.985549336939371  0.009466192659611  0.005321320447814  1.000000000000000  0.000000000000000  0.000000000000000  1.000000000000000  0.081956375888478  0.493116352246680  0.490049707670935 
92.0    V  0.011335564123705  0.006116830439504  0.042482132559586  0.051154323849425  0.022561393680039  0.020717590004667  0.055900306361413  0.031098741306878  0.000000000000000  0.134810053961806  0.089003137224817  0.038181034427297  0.013111713079790  0.232612414425754  0.008344261000374  0.050590138534213  0.039254449410735  0.045720975647010  0.044071811265137  0.063022028430912  0.956608158091874  0.000000000000000  0.043585739573450  0.000000000000000  0.000000000000000  0.285982743300952  0.714001989842532  0.082240907814313  1.000000000000000  0.485317234884773 
93.0    F  0.006744840301363  0.039802421103953  0.000000000000000  0.000000000000000  0.089374061647606  0.002658816633788  0.000000000000000  0.122937759253281  0.000000000000000  0.171229122495696  0.241484082231211  0.000000000000000  0.000000000000000  0.000000000000000  0.014052786127309  0.007411596212035  0.011202775375124  0.177513419817928  0.000000000000000  0.115663053504732  0.995159721820083  0.000000000000000  0.004999501616579  0.000000000000000  0.000000000000000  0.413225159077106  0.586824089140676  0.084377374070172  1.000000000000000  0.450625231305415 
94.0    D  0.057551606075315  0.000000000000000  0.272438028053332  0.134250558952516  0.000000000000000  0.004058043372257  0.007274178279924  0.000000000000000  0.014170161389580  0.008716713455664  0.000000000000000  0.067451764781527  0.098413497071150  0.004352318948513  0.014417851447716  0.132402291835485  0.172181255797892  0.012259126529637  0.000000000000000  0.000000000000000  0.962594443101751  0.023115429832013  0.014427848605147  1.000000000000000  0.000000000000000  0.028340322779161  0.971980987981352  0.083100444261357  0.480630464194381  0.467163673441590 
95.0    E  0.076574083244042  0.000000000000000  0.173619391970639  0.402483068810561  0.022312562182579  0.009691932013401  0.006824788249349  0.008644510571033  0.014936645587402  0.020503300852999  0.012404436420807  0.017217267435572  0.112422289018469  0.020263118041422  0.042217940141739  0.018035709648701  0.018893057434896  0.016367751985934  0.000000000000000  0.006642766875502  0.971980987981352  0.000000000000000  0.027814866664141  0.000000000000000  0.000000000000000  0.000000000000000  1.000000000000000  0.083562530962821  1.000000000000000  0.455019412040450 
96.0    E  0.172779025816073  0.000000000000000  0.134250558952516  0.378141999320990  0.000000000000000  0.021883692513863  0.004944361695196  0.004923841373371  0.062154385542076  0.007704943003854  0.000000000000000  0.020789516266886  0.016607744911852  0.045594385757505  0.025347723611783  0.055552667572911  0.033284631356044  0.014457881688091  0.000000000000000  0.001674562571551  1.000000000000000  0.000000000000000  0.000000000000000  1.000000000000000  0.000000000000000  0.418123199957031  0.581963267201068  0.085377516047150  0.498615625676035  0.433468781757343 
97.0    E  0.023535788541153  0.000000000000000  0.081672828368323  0.692554734055462  0.000000000000000  0.000000000000000  0.023486898094774  0.004556052225736  0.041291825176821  0.005656008485858  0.000000000000000  0.020249077584896  0.007828762539685  0.026515871928309  0.019410754402882  0.031752191968553  0.010258758792376  0.008710673583810  0.000000000000000  0.002364908367091  0.941478464541206  0.020095273178603  0.038714021805747  0.774855930959171  0.225156494961982  0.000000000000000  1.000000000000000  0.083736475151740  0.483638164806966  0.460732093099352 
98.0    A  0.426613049056034  0.014052786127309  0.015314053364717  0.009631658792686  0.000000000000000  0.004052421627209  0.009407323290870  0.141905262768258  0.000000000000000  0.202922395244320  0.019763742849280  0.004587742075053  0.014239082509955  0.003624505767466  0.008936960728155  0.010761328487368  0.004301334367570  0.099718154976129  0.004277548714037  0.005908468739390  0.974679630891549  0.025172634095273  0.000000000000000  0.628942485918009  0.370873733460280  0.513700719689482  0.486327473706143  0.085200162955157  0.478635729097649  0.428688018317086 
99.0    R  0.145894762727308  0.002407914698171  0.048160694272400  0.084670311092835  0.000000000000000  0.012421644546078  0.007134361328219  0.012267626854275  0.242826873885408  0.016075417310837  0.000000000000000  0.049343367918785  0.049446081324091  0.021418481327808  0.203063099089059  0.039664715188119  0.018060729789919  0.023179608341268  0.000000000000000  0.023947186878247  0.970634469769547  0.020404059173264  0.008961773626767  0.542614685940904  0.457549584063964  1.000000000000000  0.000000000000000  0.082640912821411  0.483303048532487  0.464902471306581 
100.0    N  0.073914437515259  0.002140257356343  0.072092850316251  0.068203992315933  0.002017801538446  0.103377921055408  0.026405824512891  0.005391864661706  0.076362068854594  0.016075417310837  0.001544119368367  0.111878133865997  0.039308905369876  0.052884912287518  0.065835064747177  0.086030975099419  0.172181255797892  0.014004167180772  0.000000000000000  0.010322956294205  0.997231251352069  0.002295461578945  0.000644290972057  1.000000000000000  0.000000000000000  1.000000000000000  0.000000000000000  0.082070070339009  0.489710148793463  0.485990493990676 
101.0    L  0.011335564123705  0.000000000000000  0.000000000000000  0.000000000000000  0.217336140022505  0.000000000000000  0.344362511595784  0.049686578184311  0.009277809891199  0.067078767899591  0.003547454756725  0.004759415092481  0.006606033495137  0.006829520471956  0.024518253059273  0.003791540897537  0.003206021909416  0.017530366883289  0.056055509978876  0.173980798978888  1.000000000000000  0.000000000000000  0.000000000000000  0.000000000000000  0.000000000000000  1.000000000000000  0.000000000000000  0.081333865965121  1.000000000000000  0.500000000000000 
102.0    K  0.056016668723088  0.001640100572157  0.013405789537948  0.083736475151740  0.004642121504129  0.002750672318188  0.045216715183454  0.031358492140922  0.357248534935273  0.008437316873694  0.000000000000000  0.023276210361292  0.014338123161115  0.107246316303586  0.107618648542363  0.049070507417098  0.036071419297401  0.054334035005626  0.000000000000000  0.003713512114179  1.000000000000000  0.000000000000000  0.000000000000000  0.000000000000000  0.000000000000000  0.000000000000000  0.000000000000000  0.081333865965121  1.000000000000000  1.000000000000000 
103.0    P  0.062803988776487  0.004537143484085  0.000000000000000  0.000000000000000  0.000000000000000  0.009618315729257  0.000000000000000  0.000000000000000  0.000000000000000  0.002260723080059  0.000000000000000  0.000000000000000  0.837987134667949  0.002424663069387  0.000000000000000  0.013120804577252  0.051617354058483  0.015484836926001  0.000000000000000  0.000000000000000  1.000000000000000  0.000000000000000  0.000000000000000  0.000000000000000  0.000000000000000  0.000000000000000  0.000000000000000  0.081333865965121  1.000000000000000  1.000000000000000 
104.0    T  0.024603374267788  0.010605820155313  0.005451995172352  0.003335225446841  0.003654779288404  0.000000000000000  0.037008487870426  0.013677989526473  0.311218558845543  0.017493951385222  0.019397304555096  0.050485048600601  0.009453078822026  0.042511589137686  0.215834889643603  0.052848267961095  0.131578894338680  0.029687511964840  0.004896613361096  0.016164805961233  1.000000000000000  0.000000000000000  0.000000000000000  0.000000000000000  0.000000000000000  0.000000000000000  0.000000000000000  0.081333865965121  1.000000000000000  1.000000000000000 
105.0    V  0.006267040362129  0.005030787615273  0.000000000000000  0.000000000000000  0.008961773626767  0.000000000000000  0.000000000000000  0.177759676323409  0.014427848605147  0.199298119135134  0.010821167719617  0.000000000000000  0.000000000000000  0.000000000000000  0.007154169425142  0.000000000000000  0.012691443693066  0.557483109363849  0.000000000000000  0.000000000000000  1.000000000000000  0.000000000000000  0.000000000000000  0.000000000000000  0.000000000000000  0.000000000000000  0.000000000000000  0.081333865965121  1.000000000000000  1.000000000000000 
106.0    V  0.067405026980903  0.008740914851841  0.000000000000000  0.000000000000000  0.004869535915137  0.000000000000000  0.000000000000000  0.157017797642941  0.000000000000000  0.125086673432823  0.000000000000000  0.000000000000000  0.003760134543366  0.000000000000000  0.000000000000000  0.000000000000000  0.003414760235978  0.629814989973700  0.000000000000000  0.000000000000000  0.990342871933025  0.009453078822026  0.000000000000000  1.000000000000000  0.000000000000000  0.000000000000000  0.000000000000000  0.081333865965121  0.493116352246680  1.000000000000000 
107.0    L  0.020081349022959  0.000000000000000  0.011751591807724  0.000000000000000  0.282045534364128  0.000000000000000  0.066477042055824  0.095325103328518  0.010642640895629  0.175069540110901  0.016232173489026  0.000000000000000  0.000000000000000  0.032240099353167  0.015920174947136  0.000000000000000  0.047563543151230  0.072594295745358  0.000000000000000  0.154106540682976  1.000000000000000  0.000000000000000  0.000000000000000  0.000000000000000  0.000000000000000  0.000000000000000  0.000000000000000  0.081333865965121  1.000000000000000  1.000000000000000 
108.0    V  0.051653144884638  0.011767894270577  0.000000000000000  0.000000000000000  0.086329653008991  0.000000000000000  0.000000000000000  0.014895289770127  0.000000000000000  0.177390419525048  0.053142135004012  0.000000000000000  0.049309177553279  0.000000000000000  0.000000000000000  0.005815020527994  0.003985565075189  0.542990928161147  0.000000000000000  0.002744958398841  0.994470168673214  0.000000000000000  0.005266280202098  0.000000000000000  0.000000000000000  0.000000000000000  0.000000000000000  0.081333865965121  1.000000000000000  1.000000000000000 
109.0    D  0.012577595900330  0.000000000000000  0.618995145418723  0.022312562182579  0.000000000000000  0.063022028430912  0.000000000000000  0.000000000000000  0.011776053980925  0.010452559021767  0.000000000000000  0.221135108832885  0.000000000000000  0.015388538170243  0.000000000000000  0.005810991259510  0.018542762463383  0.000000000000000  0.000000000000000  0.000000000000000  0.995849753094458  0.003844468836070  0.000000000000000  1.000000000000000  0.000000000000000  1.000000000000000  0.000000000000000  0.081559684230560  0.493458272942921  0.497235084336607 
110.0    E  0.123193667117421  0.000000000000000  0.147828875030518  0.339857060476685  0.000000000000000  0.077750728331154  0.009485897534336  0.000000000000000  0.035847094507068  0.005892109674557  0.040666932982560  0.026886019706607  0.065199287095616  0.045720975647010  0.031730190652170  0.031401994388243  0.016642315678022  0.001734817960630  0.000000000000000  0.000000000000000  0.993781093322555  0.002189777496149  0.003713512114179  0.062500000000000  0.937571096457110  0.000000000000000  0.000000000000000  0.081842838942723  0.500000000000000  1.000000000000000 
111.0    R  0.041897268486885  0.004565536127192  0.187504873660727  0.089498046325071  0.010964622859680  0.070316155293051  0.064883704408941  0.000000000000000  0.170400325910313  0.009303569135664  0.002999629433012  0.165511113799425  0.003300728064111  0.054598305994793  0.058924033494890  0.032509383328812  0.013021143861863  0.011719054603795  0.000000000000000  0.008037708655419  0.991029563264079  0.009284243008257  0.000000000000000  1.000000000000000  0.000000000000000  0.000000000000000  1.000000000000000  0.082013203411998  0.493116352246680  0.498615625676035 
112.0    N  0.000000000000000  0.003823209571865  0.011694710834318  0.005888026990462  0.000000000000000  0.010265872087104  0.000000000000000  0.000000000000000  0.002306626291855  0.000000000000000  0.000000000000000  0.943438250895360  0.000000000000000  0.000000000000000  0.000000000000000  0.003300728064111  0.013230395505664  0.000000000000000  0.000000000000000  0.005750886180344  0.990342871933025  0.009512234520805  0.000000000000000  0.372419365780676  0.627635995641322  1.000000000000000  0.000000000000000  0.082013203411998  0.490049707670935  0.498615625676035 
113.0    R  0.040190546357206  0.006583178355493  0.017086491523197  0.113518552215189  0.023421868777430  0.008026573745148  0.047861187409199  0.014082038478294  0.136881558849197  0.005675644724888  0.023880883136956  0.065471007943737  0.004111840448084  0.080214118597682  0.306296332976169  0.030543305200338  0.052665426843947  0.020151066416498  0.000000000000000  0.003282475594661  0.997231251352069  0.003020493505685  0.000000000000000  0.436483795566881  0.563700206072711  0.000000000000000  0.000000000000000  0.082927821287323  0.498961359499525  1.000000000000000 
114.0    I  0.016933218231950  0.016447361792335  0.000000000000000  0.004140440560146  0.009030364894959  0.000000000000000  0.000000000000000  0.474013482564323  0.003421868418231  0.102948877158447  0.027661055143111  0.000000000000000  0.074583483939483  0.013470992890900  0.016769691974898  0.005609158244623  0.014558444207887  0.220217343531745  0.000000000000000  0.000000000000000  0.991716730738293  0.003372420150681  0.004879672365834  0.027035521580781  0.972654947412286  0.000000000000000  0.000000000000000  0.082927821287323  0.498961359499525  1.000000000000000 
115.0    L  0.031752191968553  0.002031836458051  0.022844647631251  0.034578042284134  0.005839254877480  0.000000000000000  0.003977285936581  0.133786087303328  0.166316130135086  0.113204247877228  0.003677650252114  0.011461979251307  0.000000000000000  0.026848773592100  0.033842970172685  0.059457392270737  0.125086673432823  0.223446290589197  0.000000000000000  0.002013609997646  0.937571096457110  0.060790934213268  0.001854183829981  0.613017430026578  0.387159513926610  1.000000000000000  0.000000000000000  0.082469244423306  0.449689156073876  0.497924876547229 
116.0    E  0.035797434311867  0.000000000000000  0.086629367853151  0.268687293213875  0.007350203964951  0.042364510212500  0.064748922722501  0.009645020366356  0.118832387653727  0.000000000000000  0.001665302522984  0.024484287092167  0.002038890483246  0.074480160910878  0.165167300707283  0.069733707645310  0.021123606766064  0.000000000000000  0.001784827051229  0.005455775517451  0.878430468238362  0.121413436942704  0.000000000000000  0.731535610352163  0.268501117905031  1.000000000000000  0.000000000000000  0.083158065067543  0.442883759551180  0.500000000000000 
117.0    V  0.031336763621909  0.003237284783156  0.041665583659100  0.038687196588670  0.007269137950805  0.011808749439971  0.014091802787223  0.175433965754884  0.030122806491895  0.155717176946184  0.013725476066224  0.008881382603406  0.007807086663988  0.031250000000000  0.059005776196891  0.041206050452886  0.132035703168982  0.185308376225354  0.000000000000000  0.011414409207388  0.962594443101751  0.037473122305972  0.000000000000000  0.320411981040048  0.679714120953369  0.000000000000000  0.000000000000000  0.107544078826430  0.492092011016900  1.000000000000000 
118.0    R  0.101884041550328  0.000000000000000  0.070658160445287  0.021552514403548  0.000000000000000  0.245875518506562  0.058679484207216  0.032690154368517  0.062413416631314  0.019236631458514  0.000000000000000  0.032531924927628  0.000000000000000  0.015071846634127  0.146299830184324  0.119079749755492  0.036574957546081  0.029400815859806  0.000000000000000  0.008093615340313  1.000000000000000  0.000000000000000  0.000000000000000  0.000000000000000  0.000000000000000  0.000000000000000  0.000000000000000  0.124050546835727  1.000000000000000  1.000000000000000 
119.0    K  0.076574083244042  0.000000000000000  0.060329189054485  0.150204506190856  0.000000000000000  0.044532425442150  0.031271668358206  0.000000000000000  0.191312096227833  0.000000000000000  0.000000000000000  0.062240609568404  0.045310838527464  0.045122787360078  0.049377581991461  0.054749894691695  0.086210057614191  0.020446532366485  0.000000000000000  0.082240907814313  1.000000000000000  0.000000000000000  0.000000000000000  0.000000000000000  0.000000000000000  0.000000000000000  0.000000000000000  0.127273149970578  1.000000000000000  1.000000000000000 
120.0    G  0.000000000000000  0.000000000000000  0.000000000000000  0.000000000000000  0.000000000000000  1.000000000000000  0.000000000000000  0.000000000000000  0.000000000000000  0.000000000000000  0.000000000000000  0.000000000000000  0.000000000000000  0.000000000000000  0.000000000000000  0.000000000000000  0.000000000000000  0.000000000000000  0.000000000000000  0.000000000000000  1.000000000000000  0.000000000000000  0.000000000000000  1.000000000000000  0.000000000000000  0.000000000000000  0.000000000000000  0.500000000000000  1.000000000000000  1.000000000000000 
