No:  residues  hmm_col_1  hmm_col_2  hmm_col_3  hmm_col_4  hmm_col_5  hmm_col_6  hmm_col_7  hmm_col_8  hmm_col_9  hmm_col_10  hmm_col_11  hmm_col_12  hmm_col_13  hmm_col_14  hmm_col_15  hmm_col_16  hmm_col_17  hmm_col_18  hmm_col_19  hmm_col_20  hmm_col_21   hmm_col_22   hmm_col_23   hmm_col_24   hmm_col_25   hmm_col_26   hmm_col_27   hmm_col_28   hmm_col_29   hmm_col_30   
1.0    M  0.000000000000000  0.000000000000000  0.000000000000000  0.000000000000000  0.000000000000000  0.000000000000000  0.000000000000000  0.000000000000000  0.199160024071396  0.000000000000000  0.604577837916681  0.000000000000000  0.000000000000000  0.000000000000000  0.000000000000000  0.000000000000000  0.196282029668393  0.000000000000000  0.000000000000000  0.000000000000000  1.000000000000000  0.000000000000000  0.000000000000000  0.000000000000000  0.000000000000000  0.000000000000000  0.000000000000000  0.264254510140345  1.000000000000000  1.000000000000000 
2.0    M  0.155825149284387  0.000000000000000  0.000000000000000  0.000000000000000  0.000000000000000  0.000000000000000  0.000000000000000  0.000000000000000  0.041926319527571  0.000000000000000  0.395842932935636  0.000000000000000  0.000000000000000  0.000000000000000  0.000000000000000  0.000000000000000  0.035896823593657  0.370616752450709  0.000000000000000  0.000000000000000  1.000000000000000  0.000000000000000  0.000000000000000  0.000000000000000  0.000000000000000  0.000000000000000  0.000000000000000  0.194791144915125  1.000000000000000  1.000000000000000 
3.0    V  0.000000000000000  0.000000000000000  0.000000000000000  0.000000000000000  0.000000000000000  0.000000000000000  0.000000000000000  0.042600081477578  0.000000000000000  0.095193046231454  0.247414164103802  0.000000000000000  0.000000000000000  0.000000000000000  0.000000000000000  0.000000000000000  0.000000000000000  0.614719433627290  0.000000000000000  0.000000000000000  1.000000000000000  0.000000000000000  0.000000000000000  0.000000000000000  0.000000000000000  0.000000000000000  0.000000000000000  0.193311584363829  1.000000000000000  1.000000000000000 
4.0    L  0.074583483939483  0.000000000000000  0.000000000000000  0.000000000000000  0.000000000000000  0.000000000000000  0.000000000000000  0.000000000000000  0.000000000000000  0.505225723243382  0.325110036637120  0.000000000000000  0.000000000000000  0.000000000000000  0.000000000000000  0.000000000000000  0.000000000000000  0.095193046231454  0.000000000000000  0.000000000000000  1.000000000000000  0.000000000000000  0.000000000000000  0.000000000000000  0.000000000000000  0.000000000000000  0.000000000000000  0.193311584363829  1.000000000000000  1.000000000000000 
5.0    K  0.000000000000000  0.000000000000000  0.000000000000000  0.000000000000000  0.000000000000000  0.000000000000000  0.000000000000000  0.000000000000000  1.000000000000000  0.000000000000000  0.000000000000000  0.000000000000000  0.000000000000000  0.000000000000000  0.000000000000000  0.000000000000000  0.000000000000000  0.000000000000000  0.000000000000000  0.000000000000000  1.000000000000000  0.000000000000000  0.000000000000000  0.000000000000000  0.000000000000000  0.000000000000000  0.000000000000000  0.193311584363829  1.000000000000000  1.000000000000000 
6.0    V  0.029096713119695  0.000000000000000  0.000000000000000  0.000000000000000  0.000000000000000  0.000000000000000  0.000000000000000  0.000000000000000  0.000000000000000  0.289974913626359  0.041006601705999  0.000000000000000  0.000000000000000  0.000000000000000  0.000000000000000  0.000000000000000  0.000000000000000  0.639936206922154  0.000000000000000  0.000000000000000  1.000000000000000  0.000000000000000  0.000000000000000  0.000000000000000  0.000000000000000  0.000000000000000  0.000000000000000  0.193311584363829  1.000000000000000  1.000000000000000 
7.0    C  0.436483795566881  0.452189688780544  0.000000000000000  0.000000000000000  0.000000000000000  0.000000000000000  0.000000000000000  0.111491064927512  0.000000000000000  0.000000000000000  0.000000000000000  0.000000000000000  0.000000000000000  0.000000000000000  0.000000000000000  0.000000000000000  0.000000000000000  0.000000000000000  0.000000000000000  0.000000000000000  0.526315577354719  0.037162722343835  0.436483795566881  0.333324669272800  0.666649338545599  0.000000000000000  0.000000000000000  0.163345656736647  0.494828328207603  1.000000000000000 
8.0    V  0.000000000000000  0.000000000000000  0.000000000000000  0.000000000000000  0.581157053759059  0.000000000000000  0.000000000000000  0.000000000000000  0.000000000000000  0.241651524266243  0.000000000000000  0.000000000000000  0.000000000000000  0.000000000000000  0.000000000000000  0.000000000000000  0.000000000000000  0.177267504459932  0.000000000000000  0.000000000000000  1.000000000000000  0.000000000000000  0.000000000000000  0.000000000000000  0.000000000000000  1.000000000000000  0.000000000000000  0.246387334234843  1.000000000000000  0.389312345530831 
9.0    L  0.000000000000000  0.000000000000000  0.000000000000000  0.000000000000000  0.000000000000000  0.000000000000000  0.000000000000000  0.000000000000000  0.000000000000000  0.672217497076313  0.126306430810845  0.000000000000000  0.000000000000000  0.000000000000000  0.000000000000000  0.084611642440779  0.000000000000000  0.116709993114414  0.000000000000000  0.000000000000000  1.000000000000000  0.000000000000000  0.000000000000000  0.000000000000000  0.000000000000000  0.000000000000000  0.000000000000000  0.163345656736647  1.000000000000000  1.000000000000000 
10.0    V  0.000000000000000  0.000000000000000  0.000000000000000  0.000000000000000  0.000000000000000  0.000000000000000  0.000000000000000  0.000000000000000  0.000000000000000  0.688247800795349  0.181620631196421  0.000000000000000  0.000000000000000  0.000000000000000  0.000000000000000  0.000000000000000  0.000000000000000  0.130037533315248  0.000000000000000  0.000000000000000  1.000000000000000  0.000000000000000  0.000000000000000  0.000000000000000  0.000000000000000  0.000000000000000  0.000000000000000  0.158768872817349  1.000000000000000  1.000000000000000 
11.0    V  0.000000000000000  0.000000000000000  0.000000000000000  0.000000000000000  0.035797434311867  0.000000000000000  0.000000000000000  0.108442335894008  0.000000000000000  0.629814989973700  0.000000000000000  0.000000000000000  0.000000000000000  0.000000000000000  0.000000000000000  0.044532425442150  0.000000000000000  0.181369025979272  0.000000000000000  0.000000000000000  1.000000000000000  0.000000000000000  0.000000000000000  0.000000000000000  0.000000000000000  0.000000000000000  0.000000000000000  0.158768872817349  1.000000000000000  1.000000000000000 
12.0    F  0.108442335894008  0.000000000000000  0.000000000000000  0.000000000000000  0.891310495896971  0.000000000000000  0.000000000000000  0.000000000000000  0.000000000000000  0.000000000000000  0.000000000000000  0.000000000000000  0.000000000000000  0.000000000000000  0.000000000000000  0.000000000000000  0.000000000000000  0.000000000000000  0.000000000000000  0.000000000000000  1.000000000000000  0.000000000000000  0.000000000000000  0.000000000000000  0.000000000000000  0.000000000000000  0.000000000000000  0.158768872817349  1.000000000000000  1.000000000000000 
13.0    L  0.044532425442150  0.000000000000000  0.000000000000000  0.000000000000000  0.028281451965091  0.000000000000000  0.000000000000000  0.000000000000000  0.000000000000000  0.818469181590804  0.108442335894008  0.000000000000000  0.000000000000000  0.000000000000000  0.000000000000000  0.000000000000000  0.000000000000000  0.000000000000000  0.000000000000000  0.000000000000000  1.000000000000000  0.000000000000000  0.000000000000000  0.000000000000000  0.000000000000000  0.000000000000000  0.000000000000000  0.158768872817349  1.000000000000000  1.000000000000000 
14.0    V  0.078020659306351  0.000000000000000  0.000000000000000  0.000000000000000  0.000000000000000  0.000000000000000  0.000000000000000  0.000000000000000  0.000000000000000  0.664342907048256  0.000000000000000  0.000000000000000  0.000000000000000  0.000000000000000  0.000000000000000  0.000000000000000  0.000000000000000  0.257563488405019  0.000000000000000  0.000000000000000  1.000000000000000  0.000000000000000  0.000000000000000  0.000000000000000  0.000000000000000  0.000000000000000  0.000000000000000  0.158768872817349  1.000000000000000  1.000000000000000 
15.0    G  0.000000000000000  0.000000000000000  0.000000000000000  0.000000000000000  0.000000000000000  0.890692900606681  0.000000000000000  0.000000000000000  0.000000000000000  0.000000000000000  0.000000000000000  0.044532425442150  0.000000000000000  0.000000000000000  0.000000000000000  0.064704057740086  0.000000000000000  0.000000000000000  0.000000000000000  0.000000000000000  0.968618189226628  0.031554728049896  0.000000000000000  1.000000000000000  0.000000000000000  0.000000000000000  0.000000000000000  0.158768872817349  0.495171435966512  1.000000000000000 
16.0    V  0.000000000000000  0.000000000000000  0.000000000000000  0.000000000000000  0.352330188785505  0.000000000000000  0.000000000000000  0.000000000000000  0.000000000000000  0.061171353149840  0.000000000000000  0.000000000000000  0.000000000000000  0.000000000000000  0.000000000000000  0.024332021595677  0.210953949032504  0.351111218934499  0.000000000000000  0.000000000000000  1.000000000000000  0.000000000000000  0.000000000000000  0.000000000000000  0.000000000000000  0.000000000000000  0.000000000000000  0.158768872817349  1.000000000000000  1.000000000000000 
17.0    T  0.064704057740086  0.061767853218796  0.000000000000000  0.000000000000000  0.000000000000000  0.000000000000000  0.000000000000000  0.000000000000000  0.000000000000000  0.108442335894008  0.000000000000000  0.000000000000000  0.000000000000000  0.000000000000000  0.000000000000000  0.203063099089059  0.517632461920689  0.044532425442150  0.000000000000000  0.000000000000000  1.000000000000000  0.000000000000000  0.000000000000000  0.000000000000000  0.000000000000000  0.000000000000000  0.000000000000000  0.158768872817349  1.000000000000000  1.000000000000000 
18.0    T  0.523042469896265  0.000000000000000  0.000000000000000  0.000000000000000  0.000000000000000  0.000000000000000  0.000000000000000  0.000000000000000  0.000000000000000  0.000000000000000  0.000000000000000  0.077750728331154  0.000000000000000  0.000000000000000  0.000000000000000  0.091188771515011  0.307999518361439  0.000000000000000  0.000000000000000  0.000000000000000  1.000000000000000  0.000000000000000  0.000000000000000  0.000000000000000  0.000000000000000  0.000000000000000  0.000000000000000  0.158768872817349  1.000000000000000  1.000000000000000 
19.0    A  0.586417474615939  0.000000000000000  0.000000000000000  0.000000000000000  0.000000000000000  0.000000000000000  0.000000000000000  0.000000000000000  0.000000000000000  0.000000000000000  0.000000000000000  0.065698306817982  0.000000000000000  0.000000000000000  0.000000000000000  0.000000000000000  0.347961597957775  0.000000000000000  0.000000000000000  0.000000000000000  0.976031760776225  0.023947186878247  0.000000000000000  1.000000000000000  0.000000000000000  0.000000000000000  0.000000000000000  0.158768872817349  0.498961359499525  1.000000000000000 
20.0    G  0.034458411345904  0.000000000000000  0.000000000000000  0.108818820412016  0.000000000000000  0.074222479129588  0.000000000000000  0.000000000000000  0.000000000000000  0.000000000000000  0.025988190574216  0.043164826504496  0.000000000000000  0.000000000000000  0.138408073060536  0.196554323035083  0.031818287492644  0.346517471412604  0.000000000000000  0.000000000000000  0.971980987981352  0.000000000000000  0.027872766231878  0.000000000000000  0.000000000000000  0.000000000000000  0.000000000000000  0.158439065254303  1.000000000000000  1.000000000000000 
21.0    M  0.138120560599989  0.026460791011329  0.000000000000000  0.061511501377113  0.046746429948825  0.000000000000000  0.000000000000000  0.000000000000000  0.000000000000000  0.233096621609208  0.191843262000111  0.000000000000000  0.000000000000000  0.000000000000000  0.000000000000000  0.000000000000000  0.000000000000000  0.302079460847486  0.000000000000000  0.000000000000000  1.000000000000000  0.000000000000000  0.000000000000000  0.000000000000000  0.000000000000000  1.000000000000000  0.000000000000000  0.158109942794242  1.000000000000000  0.496890546661277 
22.0    D  0.060706718471352  0.000000000000000  0.472046209575125  0.061256213458867  0.000000000000000  0.000000000000000  0.000000000000000  0.025988190574216  0.149270398384324  0.000000000000000  0.000000000000000  0.031642337729703  0.000000000000000  0.000000000000000  0.090370768409109  0.000000000000000  0.000000000000000  0.000000000000000  0.000000000000000  0.108818820412016  0.965267024871757  0.034458411345904  0.000000000000000  1.000000000000000  0.000000000000000  0.000000000000000  0.000000000000000  0.158439065254303  0.494828328207603  1.000000000000000 
23.0    L  0.344840230456765  0.000000000000000  0.000000000000000  0.000000000000000  0.000000000000000  0.000000000000000  0.000000000000000  0.000000000000000  0.000000000000000  0.382889499273596  0.033238521027912  0.000000000000000  0.108818820412016  0.025347723611783  0.000000000000000  0.044316876114983  0.000000000000000  0.060706718471352  0.000000000000000  0.000000000000000  1.000000000000000  0.000000000000000  0.000000000000000  0.000000000000000  0.000000000000000  0.000000000000000  0.000000000000000  0.158439065254303  1.000000000000000  1.000000000000000 
24.0    N  0.000000000000000  0.000000000000000  0.000000000000000  0.000000000000000  0.000000000000000  0.000000000000000  0.000000000000000  0.000000000000000  0.000000000000000  0.000000000000000  0.000000000000000  0.255253031426798  0.012149156810665  0.000000000000000  0.405563577788521  0.282828615711475  0.044316876114983  0.000000000000000  0.000000000000000  0.000000000000000  0.891310495896971  0.000000000000000  0.108818820412016  0.000000000000000  0.000000000000000  0.000000000000000  0.000000000000000  0.158439065254303  1.000000000000000  1.000000000000000 
25.0    Q  0.000000000000000  0.000000000000000  0.000000000000000  0.235043550627282  0.412652704256329  0.000000000000000  0.100900134313096  0.000000000000000  0.033819520141429  0.142200653484063  0.000000000000000  0.000000000000000  0.000000000000000  0.026755883892077  0.000000000000000  0.048765342510856  0.000000000000000  0.000000000000000  0.000000000000000  0.000000000000000  1.000000000000000  0.000000000000000  0.000000000000000  0.000000000000000  0.000000000000000  0.000000000000000  1.000000000000000  0.186209682890338  1.000000000000000  0.481297221550876 
26.0    L  0.000000000000000  0.000000000000000  0.433168428200044  0.000000000000000  0.116145084281364  0.025934205799687  0.000000000000000  0.012859692894980  0.038473262917029  0.373194595824238  0.000000000000000  0.000000000000000  0.000000000000000  0.000000000000000  0.000000000000000  0.000000000000000  0.000000000000000  0.000000000000000  0.000000000000000  0.000000000000000  0.609205131837596  0.390663940086159  0.000000000000000  0.250000000000000  0.750019494642909  1.000000000000000  0.000000000000000  0.186209682890338  0.402483068810561  0.481297221550876 
27.0    R  0.000000000000000  0.000000000000000  0.000000000000000  0.000000000000000  0.000000000000000  0.034458411345904  0.000000000000000  0.098550021757035  0.314689293376214  0.169458040850000  0.032849153408991  0.000000000000000  0.081899587741148  0.000000000000000  0.118175264593843  0.149788627667427  0.000000000000000  0.000000000000000  0.000000000000000  0.000000000000000  0.709561678100191  0.290578526879529  0.000000000000000  0.250000000000000  0.750019494642909  0.000000000000000  0.000000000000000  0.158439065254303  0.421031476804208  1.000000000000000 
28.0    S  0.000000000000000  0.000000000000000  0.000000000000000  0.000000000000000  0.000000000000000  0.012149156810665  0.000000000000000  0.031206708315657  0.000000000000000  0.000000000000000  0.000000000000000  0.026096497482137  0.000000000000000  0.000000000000000  0.141610485661975  0.424548123223420  0.364502344704145  0.000000000000000  0.000000000000000  0.000000000000000  0.554784736033923  0.383420664918273  0.061982295671143  0.913198250011992  0.086809695985319  0.000000000000000  0.000000000000000  0.158439065254303  0.395568650592725  1.000000000000000 
29.0    H  0.000000000000000  0.000000000000000  0.107767943127199  0.000000000000000  0.000000000000000  0.000000000000000  0.347961597957775  0.000000000000000  0.000000000000000  0.000000000000000  0.000000000000000  0.027073026762503  0.000000000000000  0.440129506781575  0.018998113799736  0.000000000000000  0.000000000000000  0.058193426239389  0.000000000000000  0.000000000000000  0.972654947412286  0.027073026762503  0.000000000000000  1.000000000000000  0.000000000000000  1.000000000000000  0.000000000000000  0.163912751776956  0.496546247718518  0.463615273217731 
30.0    H  0.000000000000000  0.000000000000000  0.074790560201920  0.000000000000000  0.074376981019167  0.000000000000000  0.410655350376033  0.055706905993561  0.000000000000000  0.157126671815229  0.000000000000000  0.000000000000000  0.000000000000000  0.021552514403548  0.032106294980593  0.000000000000000  0.000000000000000  0.173619391970639  0.000000000000000  0.000000000000000  1.000000000000000  0.000000000000000  0.000000000000000  0.000000000000000  0.000000000000000  0.000000000000000  0.000000000000000  0.162667731930242  1.000000000000000  1.000000000000000 
31.0    H  0.000000000000000  0.000000000000000  0.050660319992832  0.113518552215189  0.020263118041422  0.000000000000000  0.272815969263734  0.000000000000000  0.000000000000000  0.284795844305529  0.000000000000000  0.055706905993561  0.000000000000000  0.023847800140009  0.000000000000000  0.078454499455165  0.000000000000000  0.100064351332038  0.000000000000000  0.000000000000000  1.000000000000000  0.000000000000000  0.000000000000000  0.000000000000000  0.000000000000000  0.000000000000000  0.000000000000000  0.162667731930242  1.000000000000000  1.000000000000000 
32.0    D  0.020263118041422  0.000000000000000  0.162329825341235  0.130217928626028  0.020404059173264  0.000000000000000  0.075154328056136  0.000000000000000  0.000000000000000  0.000000000000000  0.000000000000000  0.087716982877442  0.096924150793376  0.068440779424598  0.000000000000000  0.238489887636890  0.000000000000000  0.100064351332038  0.000000000000000  0.000000000000000  1.000000000000000  0.000000000000000  0.000000000000000  0.000000000000000  0.000000000000000  0.000000000000000  0.000000000000000  0.162667731930242  1.000000000000000  1.000000000000000 
33.0    S  0.016653855251062  0.000000000000000  0.056484545421943  0.000000000000000  0.000000000000000  0.000000000000000  0.020011872833278  0.055706905993561  0.024895003008924  0.000000000000000  0.000000000000000  0.280097303548544  0.000000000000000  0.000000000000000  0.000000000000000  0.431071772508798  0.115103212150630  0.000000000000000  0.000000000000000  0.000000000000000  0.934975197751455  0.065199287095616  0.000000000000000  0.489710148793463  0.510152329624229  0.000000000000000  0.000000000000000  0.162667731930242  0.482633512435878  1.000000000000000 
34.0    S  0.068535724286743  0.000000000000000  0.019424213576624  0.028242272710971  0.000000000000000  0.341983825975623  0.000000000000000  0.000000000000000  0.000000000000000  0.000000000000000  0.000000000000000  0.000000000000000  0.000000000000000  0.000000000000000  0.000000000000000  0.208338301789805  0.333555792419442  0.000000000000000  0.000000000000000  0.000000000000000  0.976031760776225  0.000000000000000  0.023715925827720  0.000000000000000  0.000000000000000  0.000000000000000  0.000000000000000  0.147828875030518  1.000000000000000  1.000000000000000 
35.0    D  0.000000000000000  0.000000000000000  0.674551267169849  0.213602435222433  0.000000000000000  0.000000000000000  0.000000000000000  0.000000000000000  0.000000000000000  0.000000000000000  0.000000000000000  0.061596833558711  0.027393928791126  0.000000000000000  0.000000000000000  0.000000000000000  0.000000000000000  0.000000000000000  0.000000000000000  0.023131457781251  0.891928519420093  0.067218399403586  0.040638754579640  1.000000000000000  0.000000000000000  0.000000000000000  1.000000000000000  0.134716643130459  0.498615625676035  0.496890546661277 
36.0    E  0.303128204765434  0.000000000000000  0.160317075345281  0.490389501994276  0.000000000000000  0.000000000000000  0.000000000000000  0.000000000000000  0.000000000000000  0.000000000000000  0.000000000000000  0.000000000000000  0.000000000000000  0.018453010334836  0.027776333786455  0.000000000000000  0.000000000000000  0.000000000000000  0.000000000000000  0.000000000000000  0.899378312147752  0.000000000000000  0.100342173589494  0.000000000000000  0.000000000000000  0.255607132652481  0.744322627583270  0.141414307855738  1.000000000000000  0.469435873657726 
37.0    P  0.258278596921033  0.000000000000000  0.055475708579344  0.125173406963917  0.000000000000000  0.027261334555336  0.000000000000000  0.000000000000000  0.000000000000000  0.000000000000000  0.000000000000000  0.094666644742311  0.329191730514811  0.000000000000000  0.000000000000000  0.109956134490304  0.000000000000000  0.000000000000000  0.000000000000000  0.000000000000000  0.786762445353566  0.117358968414432  0.095988141856381  0.821880187294851  0.178253214670518  0.138888591081887  0.860949188338904  0.145490816800267  0.462973011263662  0.429878243121503 
38.0    S  0.034315400430845  0.000000000000000  0.057074890625749  0.049514675682811  0.000000000000000  0.040162698045918  0.000000000000000  0.000000000000000  0.046941247716904  0.000000000000000  0.039940605100095  0.075782051191359  0.000000000000000  0.000000000000000  0.071893243334413  0.436181352885379  0.108894274017782  0.016086563803656  0.000000000000000  0.023099412988654  0.805524291048750  0.166200888522714  0.028183605574445  0.344362511595784  0.655651007107824  0.264621098718783  0.735093668194520  0.128069602879100  0.440740078953585  0.409518348929914 
39.0    E  0.034101996157967  0.000000000000000  0.046843737554861  0.430176315305720  0.000000000000000  0.047006367230897  0.000000000000000  0.000000000000000  0.095656048113917  0.000000000000000  0.000000000000000  0.037943590137345  0.122512426917734  0.022545760732213  0.066569262712089  0.080269738061839  0.016379101179952  0.000000000000000  0.000000000000000  0.000000000000000  0.992404374685819  0.000000000000000  0.007720981652349  0.000000000000000  0.000000000000000  0.408101523075451  0.591725510876286  0.068156733291579  1.000000000000000  0.411795508633787 
40.0    S  0.013545899429917  0.000000000000000  0.000000000000000  0.049002528379734  0.000000000000000  0.027393928791126  0.010223266183242  0.000000000000000  0.101954686667376  0.000000000000000  0.000000000000000  0.000000000000000  0.000000000000000  0.042393885232740  0.174584816558425  0.412652704256329  0.086569341756933  0.021448194238358  0.025382887386132  0.034939432842683  0.995849753094458  0.004376520367946  0.000000000000000  1.000000000000000  0.000000000000000  0.863339558574412  0.136786712657592  0.070903467808497  0.491410299272626  0.445037866626248 
41.0    S  0.075939799494064  0.142991371650476  0.017676788481967  0.057273040292209  0.000000000000000  0.013377941946038  0.000000000000000  0.015356571852270  0.053809324271181  0.014538275901610  0.000000000000000  0.023115429832013  0.217486838177163  0.000000000000000  0.018840747307668  0.269433286260918  0.073812041339346  0.000000000000000  0.006336930902946  0.000000000000000  0.984866442895551  0.000000000000000  0.015356571852270  0.199990032083188  0.799960128332753  0.341036958719839  0.658839975867070  0.069300040225192  0.498615625676035  0.497579860910041 
42.0    E  0.000000000000000  0.000000000000000  0.000000000000000  0.128603338486697  0.000000000000000  0.044163551371335  0.102025380768863  0.000000000000000  0.181494784987987  0.000000000000000  0.000000000000000  0.033077637339848  0.020151066416498  0.000000000000000  0.033725882390763  0.050032175666019  0.037603219562484  0.000000000000000  0.369078601420708  0.000000000000000  0.955282936382437  0.033679160782615  0.011195012893540  1.000000000000000  0.000000000000000  0.320411981040048  0.679714120953369  0.066939426449466  0.483973513446869  0.488354264481114 
43.0    P  0.097328086382708  0.000000000000000  0.159209684415812  0.014588749139302  0.000000000000000  0.036221748497014  0.000000000000000  0.000000000000000  0.166777896209721  0.029137077701151  0.023421868777430  0.000000000000000  0.343409058357406  0.000000000000000  0.000000000000000  0.115262889739079  0.000000000000000  0.014669871051804  0.000000000000000  0.000000000000000  1.000000000000000  0.000000000000000  0.000000000000000  0.000000000000000  0.000000000000000  1.000000000000000  0.000000000000000  0.064973714698455  1.000000000000000  0.485317234884773 
44.0    C  0.070267432736164  0.898755126611030  0.015832139064986  0.000000000000000  0.000000000000000  0.000000000000000  0.000000000000000  0.000000000000000  0.000000000000000  0.000000000000000  0.000000000000000  0.000000000000000  0.000000000000000  0.000000000000000  0.000000000000000  0.014998894703733  0.000000000000000  0.000000000000000  0.000000000000000  0.000000000000000  0.975355461527642  0.000000000000000  0.024723040662045  0.000000000000000  0.000000000000000  0.000000000000000  0.000000000000000  0.064301669243348  1.000000000000000  1.000000000000000 
45.0    C  0.062891113968611  0.936921446872426  0.000000000000000  0.000000000000000  0.000000000000000  0.000000000000000  0.000000000000000  0.000000000000000  0.000000000000000  0.000000000000000  0.000000000000000  0.000000000000000  0.000000000000000  0.000000000000000  0.000000000000000  0.000000000000000  0.000000000000000  0.000000000000000  0.000000000000000  0.000000000000000  1.000000000000000  0.000000000000000  0.000000000000000  0.000000000000000  0.000000000000000  1.000000000000000  0.000000000000000  0.056406295466402  1.000000000000000  0.491069797631696 
46.0    D  0.000000000000000  0.000000000000000  0.607097442197523  0.019316800951890  0.000000000000000  0.000000000000000  0.000000000000000  0.000000000000000  0.179493063827929  0.000000000000000  0.000000000000000  0.108517528450130  0.000000000000000  0.000000000000000  0.018465805420849  0.052738487258126  0.014407861217385  0.000000000000000  0.000000000000000  0.000000000000000  0.963261894020148  0.032284824615129  0.004413075056915  1.000000000000000  0.000000000000000  0.000000000000000  0.000000000000000  0.056172195413189  0.489710148793463  1.000000000000000 
47.0    S  0.058476468614463  0.055939066932998  0.061682284117865  0.031950891581560  0.041435180009333  0.011857962913860  0.056523711097568  0.021883692513863  0.077106698113094  0.043075161030488  0.009074286968170  0.139564120247822  0.004815829396343  0.055092509869198  0.042629619839980  0.247414164103802  0.024774504269071  0.016769691974898  0.000000000000000  0.000000000000000  1.000000000000000  0.000000000000000  0.000000000000000  0.000000000000000  0.000000000000000  0.000000000000000  1.000000000000000  0.056094378166704  1.000000000000000  0.500000000000000 
48.0    C  0.062934721878545  0.725979139951947  0.009074286968170  0.000000000000000  0.000000000000000  0.014548356559847  0.000000000000000  0.071198961076382  0.000000000000000  0.000000000000000  0.000000000000000  0.000000000000000  0.049343367918785  0.009916178797030  0.000000000000000  0.000000000000000  0.040751585476830  0.016187230680625  0.000000000000000  0.000000000000000  0.806641759222126  0.188155843426383  0.005147187311461  0.862143545017596  0.137642699762245  1.000000000000000  0.000000000000000  0.056094378166704  0.374230746698173  0.500000000000000 
49.0    R  0.109045338221345  0.019130256131253  0.000000000000000  0.010716666317114  0.043767385027725  0.059788009880742  0.000000000000000  0.268315071598363  0.014843755982420  0.111800612722826  0.048060650977196  0.000000000000000  0.014397877909355  0.071694189014135  0.021433332634228  0.031642337729703  0.045531222309313  0.129857387912208  0.000000000000000  0.000000000000000  0.888226795842405  0.111800612722826  0.000000000000000  1.000000000000000  0.000000000000000  1.000000000000000  0.000000000000000  0.055900306361413  0.433168428200044  0.496890546661277 
50.0    C  0.000000000000000  0.863339558574412  0.000000000000000  0.000000000000000  0.000000000000000  0.000000000000000  0.000000000000000  0.000000000000000  0.000000000000000  0.000000000000000  0.000000000000000  0.000000000000000  0.043676467870346  0.000000000000000  0.037317599596081  0.055939066932998  0.000000000000000  0.000000000000000  0.000000000000000  0.000000000000000  0.980779003988551  0.019103754338939  0.000000000000000  0.500000000000000  0.500000000000000  0.000000000000000  0.000000000000000  0.056172195413189  0.491069797631696  1.000000000000000 
51.0    T  0.055322110286222  0.000000000000000  0.079274462457867  0.000000000000000  0.000000000000000  0.000000000000000  0.000000000000000  0.000000000000000  0.000000000000000  0.027450952132449  0.000000000000000  0.065561832973434  0.000000000000000  0.027622735345740  0.008590751166520  0.059169601952295  0.639492790638714  0.000000000000000  0.000000000000000  0.037577164028068  1.000000000000000  0.000000000000000  0.000000000000000  0.000000000000000  0.000000000000000  0.000000000000000  0.000000000000000  0.056172195413189  1.000000000000000  1.000000000000000 
52.0    K  0.009868181733170  0.000000000000000  0.004556052225736  0.014091802787223  0.055822865772048  0.037240080455439  0.014338123161115  0.010547171758771  0.324209888662752  0.096254646779509  0.027450952132449  0.000000000000000  0.011017952816284  0.000000000000000  0.337509496280686  0.024843289092155  0.000000000000000  0.000000000000000  0.000000000000000  0.032329611922466  1.000000000000000  0.000000000000000  0.000000000000000  0.000000000000000  0.000000000000000  0.000000000000000  0.000000000000000  0.056172195413189  1.000000000000000  1.000000000000000 
53.0    S  0.014477938467037  0.000000000000000  0.026811579075897  0.000000000000000  0.000000000000000  0.000000000000000  0.000000000000000  0.068869069742288  0.032150834621674  0.025120343460723  0.022452190258501  0.000000000000000  0.000000000000000  0.000000000000000  0.061128967090459  0.702709350103360  0.025612643988672  0.000000000000000  0.020631606890859  0.000000000000000  1.000000000000000  0.000000000000000  0.000000000000000  0.000000000000000  0.000000000000000  0.000000000000000  0.000000000000000  0.056172195413189  1.000000000000000  1.000000000000000 
54.0    I  0.028835702895431  0.000000000000000  0.034530140149997  0.022498926851792  0.076680311078363  0.000000000000000  0.000000000000000  0.409234590795402  0.020631606890859  0.119493164699218  0.062847536274904  0.075206439124969  0.000000000000000  0.031034140482407  0.005140056738395  0.000000000000000  0.010145614083827  0.007233953300995  0.009264957026648  0.087352935740692  1.000000000000000  0.000000000000000  0.000000000000000  0.000000000000000  0.000000000000000  0.000000000000000  0.000000000000000  0.056172195413189  1.000000000000000  1.000000000000000 
55.0    P  0.000000000000000  0.000000000000000  0.000000000000000  0.000000000000000  0.000000000000000  0.000000000000000  0.000000000000000  0.043404847992660  0.000000000000000  0.000000000000000  0.000000000000000  0.000000000000000  0.913831450229400  0.000000000000000  0.000000000000000  0.022173802440631  0.000000000000000  0.000000000000000  0.000000000000000  0.020631606890859  1.000000000000000  0.000000000000000  0.000000000000000  0.000000000000000  0.000000000000000  0.000000000000000  0.000000000000000  0.056172195413189  1.000000000000000  1.000000000000000 
56.0    P  0.160650792183672  0.000000000000000  0.025683755852964  0.000000000000000  0.000000000000000  0.041349107497129  0.000000000000000  0.000000000000000  0.000000000000000  0.000000000000000  0.000000000000000  0.000000000000000  0.731028724200017  0.000000000000000  0.041492661199451  0.000000000000000  0.000000000000000  0.000000000000000  0.000000000000000  0.000000000000000  0.971307495541633  0.028835702895431  0.000000000000000  0.400534938794811  0.599154510669709  0.000000000000000  0.000000000000000  0.056172195413189  0.457866843209063  1.000000000000000 
57.0    Q  0.021974893748642  0.000000000000000  0.024895003008924  0.045752677998301  0.034818551588104  0.000000000000000  0.006787048321489  0.091188771515011  0.056250120612095  0.041435180009333  0.020039634418160  0.032940356977836  0.000000000000000  0.446892581178393  0.063769041203029  0.005535771080110  0.052628934600526  0.029935475569459  0.014278616409834  0.010761328487368  1.000000000000000  0.000000000000000  0.000000000000000  0.000000000000000  0.000000000000000  1.000000000000000  0.000000000000000  0.056838015737546  1.000000000000000  0.481630947010074 
58.0    C  0.000000000000000  0.929160674250913  0.000000000000000  0.000000000000000  0.000000000000000  0.000000000000000  0.000000000000000  0.000000000000000  0.000000000000000  0.000000000000000  0.000000000000000  0.000000000000000  0.000000000000000  0.000000000000000  0.000000000000000  0.000000000000000  0.000000000000000  0.000000000000000  0.043676467870346  0.027450952132449  1.000000000000000  0.000000000000000  0.000000000000000  0.000000000000000  0.000000000000000  0.000000000000000  0.000000000000000  0.056172195413189  1.000000000000000  1.000000000000000 
59.0    H  0.000000000000000  0.000000000000000  0.000000000000000  0.054825846795801  0.020861692238999  0.032284824615129  0.093298648956060  0.009433442120988  0.034746223672410  0.016515906883772  0.016176014435022  0.000000000000000  0.000000000000000  0.139660892259028  0.386623168727659  0.061044283060139  0.042159454198116  0.087111077417967  0.000000000000000  0.005233529696984  1.000000000000000  0.000000000000000  0.000000000000000  0.000000000000000  0.000000000000000  0.000000000000000  0.000000000000000  0.056172195413189  1.000000000000000  1.000000000000000 
60.0    C  0.000000000000000  0.930449657703015  0.000000000000000  0.000000000000000  0.000000000000000  0.000000000000000  0.013659040943912  0.000000000000000  0.000000000000000  0.000000000000000  0.000000000000000  0.000000000000000  0.000000000000000  0.000000000000000  0.000000000000000  0.000000000000000  0.055939066932998  0.000000000000000  0.000000000000000  0.000000000000000  1.000000000000000  0.000000000000000  0.000000000000000  0.000000000000000  0.000000000000000  0.000000000000000  0.000000000000000  0.056172195413189  1.000000000000000  1.000000000000000 
61.0    A  0.117521775313641  0.000000000000000  0.000000000000000  0.026024242840017  0.024332021595677  0.084202098554106  0.005566553180269  0.055939066932998  0.018161157929971  0.122427537198366  0.108592773143828  0.127273149970578  0.000000000000000  0.026960667016958  0.032374461361251  0.061298687749284  0.124567532853483  0.055283777208221  0.000000000000000  0.009499056899868  0.984184022033800  0.000000000000000  0.015953314464175  0.000000000000000  0.000000000000000  0.000000000000000  0.000000000000000  0.056172195413189  1.000000000000000  1.000000000000000 
62.0    D  0.032396909406866  0.000000000000000  0.929160674250913  0.013359409029562  0.000000000000000  0.000000000000000  0.000000000000000  0.000000000000000  0.000000000000000  0.000000000000000  0.000000000000000  0.025085543397374  0.000000000000000  0.000000000000000  0.000000000000000  0.000000000000000  0.000000000000000  0.000000000000000  0.000000000000000  0.000000000000000  0.993092495437036  0.000000000000000  0.007198938954677  0.000000000000000  0.000000000000000  1.000000000000000  0.000000000000000  0.056055509978876  1.000000000000000  0.499307333050514 
63.0    I  0.034554082916258  0.000000000000000  0.000000000000000  0.164824201811546  0.023131457781251  0.005369487092078  0.000000000000000  0.157126671815229  0.048934643516034  0.066477042055824  0.030905341136904  0.063240825064183  0.000000000000000  0.013433695097547  0.036524289017539  0.000000000000000  0.129049816935405  0.221135108832885  0.005269931774764  0.000000000000000  0.624165274450806  0.000000000000000  0.375790369516391  0.000000000000000  0.000000000000000  1.000000000000000  0.000000000000000  0.056328153913177  1.000000000000000  0.487002134271620 
64.0    R  0.041550222130679  0.000000000000000  0.012744335833422  0.000000000000000  0.016413196000168  0.127361399577090  0.038875364165577  0.000000000000000  0.032240099353167  0.000000000000000  0.017554685984869  0.109423916211783  0.000000000000000  0.000000000000000  0.308213081365952  0.173018714506435  0.109348095613228  0.013294745773540  0.000000000000000  0.000000000000000  0.524131237758464  0.000000000000000  0.475988954248766  0.000000000000000  0.000000000000000  0.900625979847929  0.099580012035698  0.094208431847399  1.000000000000000  0.310141824428847 
65.0    L  0.000000000000000  0.000000000000000  0.000000000000000  0.000000000000000  0.042600081477578  0.000000000000000  0.000000000000000  0.000000000000000  0.000000000000000  0.425137080032098  0.000000000000000  0.000000000000000  0.122937759253281  0.014397877909355  0.000000000000000  0.000000000000000  0.038446604523473  0.356506429341035  0.000000000000000  0.000000000000000  0.929804942613162  0.048562954299003  0.021717472185037  0.662503508522604  0.337743521133909  1.000000000000000  0.000000000000000  0.058314561971050  0.467487598875728  0.271119352210766 
66.0    N  0.019464647118273  0.000000000000000  0.279321784518055  0.203485796267609  0.010272990314102  0.011630041055989  0.018607138271328  0.000000000000000  0.118667765118815  0.000000000000000  0.000000000000000  0.165396429988515  0.000000000000000  0.027622735345740  0.028203147733201  0.060748811748835  0.045626000332954  0.011033237534256  0.000000000000000  0.000000000000000  1.000000000000000  0.000000000000000  0.000000000000000  0.000000000000000  0.000000000000000  1.000000000000000  0.000000000000000  0.056133273305246  1.000000000000000  0.497579860910041 
67.0    S  0.010851211998165  0.015953314464175  0.000000000000000  0.089003137224817  0.230046912656219  0.127449710374774  0.050765774772265  0.000000000000000  0.023503183615448  0.006116830439504  0.000000000000000  0.007324774191071  0.000000000000000  0.107842668067832  0.044470733163581  0.231005643111706  0.045531222309313  0.000000000000000  0.000000000000000  0.010216182410443  1.000000000000000  0.000000000000000  0.000000000000000  0.000000000000000  0.000000000000000  0.000000000000000  0.000000000000000  0.056016668723088  1.000000000000000  1.000000000000000 
68.0    C  0.015229369232680  0.968618189226628  0.000000000000000  0.000000000000000  0.000000000000000  0.000000000000000  0.000000000000000  0.000000000000000  0.000000000000000  0.000000000000000  0.000000000000000  0.015953314464175  0.000000000000000  0.000000000000000  0.000000000000000  0.000000000000000  0.000000000000000  0.000000000000000  0.000000000000000  0.000000000000000  1.000000000000000  0.000000000000000  0.000000000000000  0.000000000000000  0.000000000000000  0.000000000000000  0.000000000000000  0.056016668723088  1.000000000000000  1.000000000000000 
69.0    H  0.168404197108211  0.000000000000000  0.017824433060444  0.004198238956467  0.000000000000000  0.044501568612408  0.338446569763115  0.006180760165511  0.004632478513324  0.000000000000000  0.000000000000000  0.025068161448515  0.104893704638318  0.000000000000000  0.000000000000000  0.040302132832996  0.018300159081544  0.000000000000000  0.000000000000000  0.227352062950183  0.976708528962227  0.000000000000000  0.023601134149419  0.000000000000000  0.000000000000000  0.000000000000000  0.000000000000000  0.055706905993561  1.000000000000000  1.000000000000000 
70.0    S  0.143189737247470  0.000000000000000  0.029687511964840  0.133323222603971  0.000000000000000  0.020617311105826  0.000000000000000  0.000000000000000  0.111028349480301  0.000000000000000  0.033539383949795  0.000000000000000  0.214939121560752  0.000000000000000  0.000000000000000  0.313817997820661  0.000000000000000  0.000000000000000  0.000000000000000  0.000000000000000  1.000000000000000  0.000000000000000  0.000000000000000  0.000000000000000  0.000000000000000  0.000000000000000  1.000000000000000  0.056172195413189  1.000000000000000  0.488015880388112 
71.0    A  0.399702915176236  0.082927821287323  0.013811367672870  0.059788009880742  0.000000000000000  0.035231262879544  0.000000000000000  0.000000000000000  0.017689045345479  0.000000000000000  0.000000000000000  0.030437633391976  0.138888591081887  0.025068161448515  0.000000000000000  0.058435949859466  0.085141127165031  0.000000000000000  0.052958277184132  0.000000000000000  1.000000000000000  0.000000000000000  0.000000000000000  0.000000000000000  0.000000000000000  0.381300413314071  0.618566239343586  0.056172195413189  1.000000000000000  0.488015880388112 
72.0    C  0.018504243935213  0.925946022527324  0.000000000000000  0.000000000000000  0.000000000000000  0.000000000000000  0.000000000000000  0.000000000000000  0.000000000000000  0.000000000000000  0.000000000000000  0.000000000000000  0.055283777208221  0.000000000000000  0.000000000000000  0.000000000000000  0.000000000000000  0.000000000000000  0.000000000000000  0.000000000000000  1.000000000000000  0.000000000000000  0.000000000000000  0.000000000000000  0.000000000000000  0.000000000000000  1.000000000000000  0.056250120612095  1.000000000000000  0.495171435966512 
73.0    K  0.000000000000000  0.000000000000000  0.032061817041786  0.080269738061839  0.000000000000000  0.014558444207887  0.029076551803219  0.033330805650993  0.610050255136112  0.000000000000000  0.008121714337307  0.075206439124969  0.000000000000000  0.019791160214425  0.061682284117865  0.018098325096791  0.017554685984869  0.000000000000000  0.000000000000000  0.000000000000000  0.994470168673214  0.005652089397932  0.000000000000000  0.199990032083188  0.799960128332753  0.000000000000000  1.000000000000000  0.056250120612095  0.500000000000000  0.495171435966512 
74.0    S  0.040723348417603  0.018581361171918  0.066569262712089  0.107767943127199  0.005062269396224  0.006403160997168  0.024113752735296  0.018958649378886  0.043314683926575  0.016064278541501  0.000000000000000  0.054146053525005  0.008632535037499  0.032017400719775  0.053734780390188  0.422786143688758  0.038714021805747  0.025260027150174  0.000000000000000  0.017027376753333  1.000000000000000  0.000000000000000  0.000000000000000  0.000000000000000  0.000000000000000  0.000000000000000  1.000000000000000  0.056406295466402  1.000000000000000  0.495171435966512 
75.0    C  0.000000000000000  0.979420297586927  0.000000000000000  0.000000000000000  0.000000000000000  0.000000000000000  0.000000000000000  0.000000000000000  0.000000000000000  0.000000000000000  0.020460709735681  0.000000000000000  0.000000000000000  0.000000000000000  0.000000000000000  0.000000000000000  0.000000000000000  0.000000000000000  0.000000000000000  0.000000000000000  1.000000000000000  0.000000000000000  0.000000000000000  0.000000000000000  0.000000000000000  0.000000000000000  1.000000000000000  0.056877426505056  1.000000000000000  0.495171435966512 
76.0    M  0.083331167318200  0.000000000000000  0.049721030234682  0.078672323344054  0.015420571029466  0.042335155546418  0.023831275832129  0.146198458006493  0.022876338999150  0.084085450532614  0.049893649147291  0.000000000000000  0.000000000000000  0.075834597515543  0.035304600455316  0.007319698803691  0.000000000000000  0.285190928967106  0.000000000000000  0.000000000000000  1.000000000000000  0.000000000000000  0.000000000000000  0.000000000000000  0.000000000000000  0.000000000000000  1.000000000000000  0.057871626407958  1.000000000000000  0.495171435966512 
77.0    C  0.013499034178129  0.372936006672866  0.043646204139606  0.091125586176036  0.016333751565706  0.000000000000000  0.000000000000000  0.000000000000000  0.132127255070173  0.021507743774855  0.020731955321831  0.000000000000000  0.095656048113917  0.048462075396688  0.065018766657624  0.030185510278901  0.014487977288054  0.014874654820274  0.000000000000000  0.019370432811547  0.922103117912631  0.014578640492763  0.063197005053207  0.333324669272800  0.666649338545599  0.000000000000000  1.000000000000000  0.058314561971050  0.500000000000000  0.495171435966512 
78.0    T  0.125782227937223  0.000000000000000  0.016676958406874  0.024860515117341  0.000000000000000  0.056680645558321  0.000000000000000  0.000000000000000  0.000000000000000  0.028596849003998  0.000000000000000  0.007139308204917  0.015250496262129  0.026241609154504  0.006905683836435  0.150621539374348  0.356012548899268  0.167356907122305  0.000000000000000  0.017799740269096  0.820741608810498  0.106875272236497  0.072343138561883  0.920825697205040  0.079384436408674  0.520510798842056  0.479632059662632  0.059210629412454  0.451250363731215  0.459138081150462 
79.0    R  0.035206850890540  0.000000000000000  0.030841142058933  0.107097744346071  0.109196611989587  0.059128602920350  0.030713143704539  0.025916235806701  0.074686950303549  0.093882495433808  0.013120804577252  0.010496120513448  0.082070070339009  0.000000000000000  0.212274061611710  0.046391361582158  0.033423346496414  0.000000000000000  0.000000000000000  0.035402621415494  0.934327346883180  0.065607292726442  0.000000000000000  0.671751712860648  0.328280281356038  0.425726853874473  0.574349177498517  0.062413416631314  0.440740078953585  0.441045682598588 
80.0    S  0.125869443757090  0.000000000000000  0.025737219289612  0.000000000000000  0.015303442149796  0.099235491366457  0.036854893508163  0.011589804170634  0.000000000000000  0.042217940141739  0.000000000000000  0.000000000000000  0.000000000000000  0.000000000000000  0.000000000000000  0.556710809114343  0.069156084568267  0.017241152188156  0.000000000000000  0.000000000000000  0.828170661334546  0.171704529178703  0.000000000000000  0.493800430722686  0.506277403675246  0.000000000000000  1.000000000000000  0.062197482613755  0.422786143688758  0.467811748915700 
81.0    M  0.000000000000000  0.000000000000000  0.147624082678691  0.053996136712517  0.043374772469237  0.068678388598555  0.017361073885236  0.201940194402402  0.012430257558671  0.020934118787935  0.088143622530274  0.124050546835727  0.020432364820887  0.021762679385454  0.015755507107728  0.082755556899712  0.020081349022959  0.019873640730368  0.012516716837338  0.028261855548784  0.908148417721510  0.082013203411998  0.010103507280371  0.480630464194381  0.519429551648832  0.669427628489221  0.330563651285644  0.064257114166004  0.468136123717246  0.456282744271726 
82.0    P  0.040808118346529  0.000000000000000  0.047169561516268  0.034626010870779  0.000000000000000  0.073658712988230  0.000000000000000  0.000000000000000  0.000000000000000  0.000000000000000  0.000000000000000  0.026132699997314  0.756283998641981  0.000000000000000  0.012081974022739  0.009492474936758  0.000000000000000  0.000000000000000  0.000000000000000  0.000000000000000  1.000000000000000  0.000000000000000  0.000000000000000  0.000000000000000  0.000000000000000  0.000000000000000  1.000000000000000  0.058598193528569  1.000000000000000  0.478967609111348 
83.0    G  0.154213396226187  0.000000000000000  0.035772630018709  0.034626010870779  0.000000000000000  0.268315071598363  0.000000000000000  0.000000000000000  0.000000000000000  0.000000000000000  0.000000000000000  0.000000000000000  0.368311921454120  0.000000000000000  0.030543305200338  0.071198961076382  0.036854893508163  0.000000000000000  0.000000000000000  0.000000000000000  0.978063473447339  0.015463385256488  0.006159376359815  0.500000000000000  0.500000000000000  0.380244688310252  0.619853849969493  0.058598193528569  0.498615625676035  0.478967609111348 
84.0    K  0.040134869030920  0.000000000000000  0.033169475279681  0.032262454233851  0.000000000000000  0.081052472165688  0.007535923317064  0.014052786127309  0.083794536973771  0.064569649230258  0.017241152188156  0.000000000000000  0.000000000000000  0.260977981855430  0.265539796623843  0.068916822691807  0.000000000000000  0.030755750688556  0.000000000000000  0.000000000000000  0.874784764905822  0.125086673432823  0.000000000000000  0.202360554136852  0.797745239809033  0.389852421305662  0.610050255136112  0.058193426239389  0.437695664847132  0.486327473706143 
85.0    C  0.000000000000000  0.431071772508798  0.000000000000000  0.000000000000000  0.155393708612992  0.000000000000000  0.037629293163482  0.020876157474845  0.020703234641331  0.045911519789947  0.000000000000000  0.000000000000000  0.000000000000000  0.025916235806701  0.055130710324824  0.000000000000000  0.000000000000000  0.000000000000000  0.000000000000000  0.207329886453610  1.000000000000000  0.000000000000000  0.000000000000000  0.000000000000000  0.000000000000000  1.000000000000000  0.000000000000000  0.058274155402302  1.000000000000000  0.494142825750366 
86.0    R  0.000000000000000  0.000000000000000  0.000000000000000  0.008918396149428  0.037707622491274  0.000000000000000  0.030841142058933  0.102877543159839  0.000000000000000  0.004968410182592  0.017973310833603  0.000000000000000  0.000000000000000  0.129049816935405  0.344362511595784  0.039336161672027  0.000000000000000  0.248962438273615  0.016142412307565  0.018866884241977  1.000000000000000  0.000000000000000  0.000000000000000  0.000000000000000  0.000000000000000  0.000000000000000  0.000000000000000  0.057193698007996  1.000000000000000  1.000000000000000 
87.0    C  0.000000000000000  0.946057646725596  0.000000000000000  0.000000000000000  0.000000000000000  0.000000000000000  0.000000000000000  0.000000000000000  0.027412923397901  0.000000000000000  0.000000000000000  0.000000000000000  0.000000000000000  0.000000000000000  0.000000000000000  0.000000000000000  0.026644840367749  0.000000000000000  0.000000000000000  0.000000000000000  0.984184022033800  0.016142412307565  0.000000000000000  1.000000000000000  0.000000000000000  0.000000000000000  0.000000000000000  0.057193698007996  0.497235084336607  1.000000000000000 
88.0    L  0.091188771515011  0.000000000000000  0.046746429948825  0.049036506118547  0.035723072981689  0.050136322897030  0.011257263662796  0.060622619396358  0.116145084281364  0.133230842008493  0.067498534989555  0.030585676574920  0.000000000000000  0.042423280621250  0.055900306361413  0.061682284117865  0.099442060469365  0.038499939795180  0.000000000000000  0.009786440926751  1.000000000000000  0.000000000000000  0.000000000000000  0.000000000000000  0.000000000000000  0.000000000000000  0.000000000000000  0.057193698007996  1.000000000000000  1.000000000000000 
89.0    D  0.000000000000000  0.000000000000000  0.942131273904809  0.000000000000000  0.000000000000000  0.000000000000000  0.000000000000000  0.000000000000000  0.017973310833603  0.000000000000000  0.000000000000000  0.023880883136956  0.000000000000000  0.000000000000000  0.016142412307565  0.000000000000000  0.000000000000000  0.000000000000000  0.000000000000000  0.000000000000000  0.702222437868999  0.297920643643512  0.000000000000000  1.000000000000000  0.000000000000000  0.000000000000000  0.000000000000000  0.057193698007996  0.341273429471292  1.000000000000000 
90.0    T  0.000000000000000  0.000000000000000  0.000000000000000  0.000000000000000  0.019956464987428  0.005182988830458  0.009433442120988  0.325561047392257  0.000000000000000  0.064480198706335  0.011776053980925  0.026793001144818  0.000000000000000  0.072293011494080  0.055822865772048  0.035158077646525  0.186985719795299  0.138024855895387  0.025612643988672  0.022923958502614  0.963261894020148  0.000000000000000  0.036423162441705  0.000000000000000  0.000000000000000  0.000000000000000  0.000000000000000  0.061341191490842  1.000000000000000  1.000000000000000 
91.0    D  0.066754088002991  0.000000000000000  0.013773127467300  0.019722688001752  0.135465745855598  0.000000000000000  0.084905392784309  0.000000000000000  0.050345268190547  0.000000000000000  0.000000000000000  0.144085793349858  0.093492859897649  0.026405824512891  0.041377778449856  0.000000000000000  0.276816146121071  0.046843737554861  0.000000000000000  0.000000000000000  0.876605721316035  0.123535706437592  0.000000000000000  0.251913440102626  0.747942879181195  1.000000000000000  0.000000000000000  0.071396640428034  0.445346450303340  0.491069797631696 
92.0    D  0.000000000000000  0.000000000000000  0.279128240495643  0.007075265492327  0.000000000000000  0.103163176064082  0.039172906888772  0.000000000000000  0.071297732241776  0.000000000000000  0.000000000000000  0.397768241877459  0.000000000000000  0.019090517213648  0.027911432886024  0.000000000000000  0.013649576498698  0.041665583659100  0.000000000000000  0.000000000000000  0.985549336939371  0.014239082509955  0.000000000000000  1.000000000000000  0.000000000000000  1.000000000000000  0.000000000000000  0.071644511608024  0.494828328207603  0.500000000000000 
93.0    F  0.000000000000000  0.000000000000000  0.042511589137686  0.023666661185578  0.661585719954060  0.000000000000000  0.021807980689409  0.000000000000000  0.000000000000000  0.016898043179432  0.000000000000000  0.015931213796847  0.028419007868773  0.000000000000000  0.000000000000000  0.041063488348418  0.000000000000000  0.000000000000000  0.029625842660270  0.118503370641081  1.000000000000000  0.000000000000000  0.000000000000000  0.000000000000000  0.000000000000000  0.000000000000000  0.000000000000000  0.072293011494080  1.000000000000000  1.000000000000000 
94.0    C  0.000000000000000  0.853817714391245  0.000000000000000  0.000000000000000  0.000000000000000  0.000000000000000  0.000000000000000  0.000000000000000  0.000000000000000  0.000000000000000  0.000000000000000  0.000000000000000  0.117603263439223  0.000000000000000  0.000000000000000  0.000000000000000  0.000000000000000  0.028419007868773  0.000000000000000  0.000000000000000  1.000000000000000  0.000000000000000  0.000000000000000  0.000000000000000  0.000000000000000  0.000000000000000  0.000000000000000  0.072293011494080  1.000000000000000  1.000000000000000 
95.0    Y  0.015931213796847  0.000000000000000  0.045373696246997  0.105843164045316  0.000000000000000  0.117603263439223  0.023781771575615  0.000000000000000  0.114704985288921  0.000000000000000  0.000000000000000  0.012806321994336  0.028419007868773  0.095457343622544  0.014978116226453  0.000000000000000  0.000000000000000  0.000000000000000  0.000000000000000  0.425137080032098  1.000000000000000  0.000000000000000  0.000000000000000  0.000000000000000  0.000000000000000  0.000000000000000  0.000000000000000  0.072293011494080  1.000000000000000  1.000000000000000 
96.0    K  0.000000000000000  0.000000000000000  0.013868927144836  0.178129701768598  0.000000000000000  0.000000000000000  0.013202912256446  0.000000000000000  0.286578046432095  0.000000000000000  0.000000000000000  0.049070507417098  0.182124889237251  0.008746975692611  0.193982713568714  0.024013674707625  0.050275523183870  0.000000000000000  0.000000000000000  0.000000000000000  1.000000000000000  0.000000000000000  0.000000000000000  0.000000000000000  0.000000000000000  0.000000000000000  0.000000000000000  0.072293011494080  1.000000000000000  1.000000000000000 
97.0    P  0.044286168640882  0.035971546603993  0.000000000000000  0.000000000000000  0.000000000000000  0.000000000000000  0.000000000000000  0.000000000000000  0.168754748140343  0.021418481327808  0.000000000000000  0.036880448229256  0.277584708407160  0.028616677700566  0.264071406337964  0.100272645794061  0.000000000000000  0.022035905632569  0.000000000000000  0.000000000000000  1.000000000000000  0.000000000000000  0.000000000000000  0.000000000000000  0.000000000000000  0.000000000000000  0.000000000000000  0.073149915092162  1.000000000000000  1.000000000000000 
98.0    C  0.000000000000000  0.951977908497532  0.000000000000000  0.000000000000000  0.000000000000000  0.000000000000000  0.000000000000000  0.000000000000000  0.000000000000000  0.000000000000000  0.000000000000000  0.000000000000000  0.036096430767300  0.000000000000000  0.011998517732048  0.000000000000000  0.000000000000000  0.000000000000000  0.000000000000000  0.000000000000000  1.000000000000000  0.000000000000000  0.000000000000000  0.000000000000000  0.000000000000000  0.000000000000000  0.000000000000000  0.073505703143185  1.000000000000000  1.000000000000000 
99.0    E  0.042718357873182  0.000000000000000  0.014130927774392  0.025365299405540  0.000000000000000  0.000000000000000  0.051868411599374  0.000000000000000  0.284204243309004  0.000000000000000  0.000000000000000  0.076468002570742  0.016642315678022  0.000000000000000  0.000000000000000  0.092461719328052  0.396117405462485  0.000000000000000  0.000000000000000  0.000000000000000  0.924663278113700  0.075050214217826  0.000000000000000  0.237829569082950  0.762072415169885  0.000000000000000  0.000000000000000  0.073505703143185  0.469110598250336  1.000000000000000 
100.0    S  0.088879838161705  0.000000000000000  0.022127741222102  0.050660319992832  0.000000000000000  0.023963791557392  0.037864770638445  0.000000000000000  0.033749267494778  0.000000000000000  0.000000000000000  0.068298608693810  0.246558176123340  0.017181502333040  0.000000000000000  0.410655350376033  0.000000000000000  0.000000000000000  0.000000000000000  0.000000000000000  1.000000000000000  0.000000000000000  0.000000000000000  0.000000000000000  0.000000000000000  0.000000000000000  0.000000000000000  0.080436827956329  1.000000000000000  1.000000000000000 
101.0    M  0.270743761381481  0.019064070473003  0.047695600280017  0.000000000000000  0.000000000000000  0.057193698007996  0.000000000000000  0.000000000000000  0.000000000000000  0.000000000000000  0.031250000000000  0.016153605253874  0.028636520146105  0.000000000000000  0.126481650128366  0.402762145524375  0.000000000000000  0.000000000000000  0.000000000000000  0.000000000000000  1.000000000000000  0.000000000000000  0.000000000000000  0.000000000000000  0.000000000000000  0.000000000000000  0.000000000000000  0.117440343651751  1.000000000000000  1.000000000000000 
102.0    D  0.068015152604425  0.000000000000000  0.184283652161388  0.252088113723649  0.000000000000000  0.128960397412670  0.321524370857651  0.000000000000000  0.000000000000000  0.000000000000000  0.000000000000000  0.000000000000000  0.000000000000000  0.000000000000000  0.021006796783635  0.024130472909118  0.000000000000000  0.000000000000000  0.000000000000000  0.000000000000000  1.000000000000000  0.000000000000000  0.000000000000000  0.000000000000000  0.000000000000000  0.000000000000000  0.000000000000000  0.206899204019551  1.000000000000000  1.000000000000000 
103.0    K  0.000000000000000  0.000000000000000  0.314689293376214  0.144586022988161  0.000000000000000  0.058557590429527  0.024501264189867  0.031642337729703  0.080940187428402  0.000000000000000  0.000000000000000  0.000000000000000  0.000000000000000  0.000000000000000  0.000000000000000  0.167821562847533  0.115023456328109  0.062326953209504  0.000000000000000  0.000000000000000  1.000000000000000  0.000000000000000  0.000000000000000  0.000000000000000  0.000000000000000  0.000000000000000  0.000000000000000  0.207617506022724  1.000000000000000  1.000000000000000 
104.0    D  0.000000000000000  0.000000000000000  0.610473256334567  0.153466960489383  0.000000000000000  0.000000000000000  0.000000000000000  0.000000000000000  0.162555018318560  0.000000000000000  0.000000000000000  0.041636713284126  0.031664278129971  0.000000000000000  0.000000000000000  0.000000000000000  0.000000000000000  0.000000000000000  0.000000000000000  0.000000000000000  1.000000000000000  0.000000000000000  0.000000000000000  0.000000000000000  0.000000000000000  0.000000000000000  0.000000000000000  0.211246596103128  1.000000000000000  1.000000000000000 
105.0    D  0.000000000000000  0.000000000000000  0.761016690419679  0.068393356328796  0.000000000000000  0.000000000000000  0.000000000000000  0.000000000000000  0.054978067245152  0.000000000000000  0.000000000000000  0.115743252815915  0.000000000000000  0.000000000000000  0.000000000000000  0.000000000000000  0.000000000000000  0.000000000000000  0.000000000000000  0.000000000000000  1.000000000000000  0.000000000000000  0.000000000000000  0.000000000000000  0.000000000000000  0.000000000000000  0.000000000000000  0.287971910587339  1.000000000000000  1.000000000000000 
106.0    D  0.000000000000000  0.000000000000000  0.511568734867216  0.117848066989780  0.000000000000000  0.000000000000000  0.000000000000000  0.000000000000000  0.000000000000000  0.046681670534761  0.000000000000000  0.126744934973754  0.000000000000000  0.000000000000000  0.000000000000000  0.147011406286371  0.000000000000000  0.000000000000000  0.050240686921447  0.000000000000000  1.000000000000000  0.000000000000000  0.000000000000000  1.000000000000000  0.000000000000000  0.000000000000000  0.000000000000000  0.283810525536516  1.000000000000000  1.000000000000000 
