No:  residues  hmm_col_1  hmm_col_2  hmm_col_3  hmm_col_4  hmm_col_5  hmm_col_6  hmm_col_7  hmm_col_8  hmm_col_9  hmm_col_10  hmm_col_11  hmm_col_12  hmm_col_13  hmm_col_14  hmm_col_15  hmm_col_16  hmm_col_17  hmm_col_18  hmm_col_19  hmm_col_20  hmm_col_21   hmm_col_22   hmm_col_23   hmm_col_24   hmm_col_25   hmm_col_26   hmm_col_27   hmm_col_28   hmm_col_29   hmm_col_30   
1.0    K  0.296273192735396  0.000000000000000  0.000000000000000  0.004697145503509  0.000000000000000  0.059005776196891  0.018504243935213  0.023503183615448  0.268315071598363  0.000000000000000  0.000000000000000  0.025755065154789  0.007050786933300  0.057871626407958  0.128158404736074  0.075729541276890  0.009042892320235  0.026278012976679  0.000000000000000  0.000000000000000  0.908778116448520  0.064614421015498  0.026497498894786  0.299992845593304  0.699792932797598  0.000000000000000  0.000000000000000  0.061426287409078  0.447512535463986  1.000000000000000 
2.0    E  0.024654588776640  0.010315803445430  0.119244943818445  0.345558051632146  0.000000000000000  0.000000000000000  0.000000000000000  0.009407323290870  0.161656116485936  0.066338950559362  0.020876157474845  0.049070507417098  0.033446521825832  0.080828058242968  0.041006601705999  0.004775938584735  0.003873893479446  0.007437327410137  0.021507743774855  0.000000000000000  0.995849753094458  0.000000000000000  0.003999401954799  0.042452696392155  0.957271458195298  0.000000000000000  1.000000000000000  0.034963659407366  0.451876363375543  0.491410299272626 
3.0    T  0.057751410777926  0.000000000000000  0.008862933476062  0.027776333786455  0.000000000000000  0.030500992524257  0.018840747307668  0.011759740214149  0.006443230848516  0.005108091205222  0.000000000000000  0.000000000000000  0.205755086319677  0.117603263439223  0.053511767784154  0.207042665333636  0.232935107326193  0.000000000000000  0.000000000000000  0.016142412307565  1.000000000000000  0.000000000000000  0.000000000000000  0.500000000000000  0.500000000000000  1.000000000000000  0.000000000000000  0.022671128247409  0.491410299272626  0.486664687079119 
4.0    A  0.069975805540890  0.000000000000000  0.071001829049168  0.020123150461091  0.000000000000000  0.033284631356044  0.000000000000000  0.000000000000000  0.093428078039684  0.010642640895629  0.051403129294529  0.055977854380678  0.139081265073104  0.049928244778072  0.249653666525257  0.082640912821411  0.055054335882936  0.011414409207388  0.006323767316777  0.000000000000000  0.840313752233282  0.140827403562160  0.019064070473003  0.250000000000000  0.750019494642909  0.000000000000000  0.000000000000000  0.019183370061173  0.293412044570338  1.000000000000000 
5.0    A  0.301034345307854  0.000000000000000  0.002223425838037  0.003670010739117  0.056995822844986  0.009290680585959  0.008155561932982  0.043495199744722  0.010488847677971  0.000000000000000  0.000000000000000  0.000000000000000  0.006820059305733  0.000000000000000  0.000000000000000  0.147317425976460  0.016921485086343  0.015581738302376  0.104169150894902  0.273763117698394  0.997231251352069  0.000000000000000  0.002501484104160  0.000000000000000  0.000000000000000  0.000000000000000  1.000000000000000  0.017385158134138  1.000000000000000  0.474671060475260 
6.0    A  0.065380308737033  0.003058415219752  0.018775563273857  0.192509293559018  0.000000000000000  0.000000000000000  0.010798689113505  0.031228346655952  0.113991645689971  0.087413505171154  0.035525530413625  0.025701564647265  0.009752582413294  0.282632641781148  0.064346255214625  0.015345931175990  0.025737219289612  0.017762765206813  0.000000000000000  0.000000000000000  0.955945317593742  0.000000000000000  0.043767385027725  0.000000000000000  0.000000000000000  0.567227742467977  0.432868282759829  0.011589804170634  1.000000000000000  0.468785548228555 
7.0    K  0.014802657353114  0.000000000000000  0.042955896736626  0.000000000000000  0.000000000000000  0.003812624065532  0.062543336716411  0.000000000000000  0.237006741282161  0.007274178279924  0.003667467762951  0.052084575447451  0.007350203964951  0.005945442893904  0.081277509159280  0.053289680735497  0.219303387183206  0.007657026682358  0.186209682890338  0.014988501864457  1.000000000000000  0.000000000000000  0.000000000000000  1.000000000000000  0.000000000000000  0.868140227601043  0.131761427911342  0.010672189505894  0.402762145524375  0.389042588277709 
8.0    F  0.000000000000000  0.000000000000000  0.000000000000000  0.000000000000000  0.860352630611440  0.000000000000000  0.000000000000000  0.027431931175297  0.000000000000000  0.042393885232740  0.010409178321031  0.000000000000000  0.015071846634127  0.000000000000000  0.007208925723858  0.015377875344278  0.000000000000000  0.021974893748642  0.000000000000000  0.000000000000000  1.000000000000000  0.000000000000000  0.000000000000000  0.000000000000000  0.000000000000000  0.000000000000000  1.000000000000000  0.010866265403984  1.000000000000000  0.491410299272626 
9.0    E  0.046941247716904  0.000000000000000  0.007447644885064  0.176776695296637  0.000000000000000  0.009571760405505  0.000000000000000  0.041810236087066  0.106579361470995  0.218090676442690  0.007742418463001  0.007672965587995  0.000000000000000  0.182757181050004  0.139274206352417  0.013715965587649  0.005999258866024  0.007094909513449  0.009658400475945  0.018958649378886  0.960594863953477  0.000000000000000  0.039582320428851  0.000000000000000  0.000000000000000  0.000000000000000  1.000000000000000  0.010881339692727  1.000000000000000  0.491410299272626 
10.0    R  0.014782150730087  0.000000000000000  0.006461120065963  0.070707153927869  0.000000000000000  0.000000000000000  0.027892092858531  0.154427329640866  0.091441951294020  0.022189177477241  0.007737053686977  0.045310838527464  0.000000000000000  0.046455718263469  0.341746862985452  0.010686994561738  0.150308656112272  0.000000000000000  0.004619652344704  0.005182988830458  1.000000000000000  0.000000000000000  0.000000000000000  0.602903913845380  0.397217200048052  1.000000000000000  0.000000000000000  0.010650020369395  0.389042588277709  0.389042588277709 
11.0    Q  0.000000000000000  0.000000000000000  0.000000000000000  0.011948720920959  0.009591685030586  0.000000000000000  0.024097044146999  0.006987538295177  0.137642699762245  0.193982713568714  0.029749309640548  0.000000000000000  0.000000000000000  0.511214265304961  0.062197482613755  0.000000000000000  0.012456132445946  0.000000000000000  0.000000000000000  0.000000000000000  0.955282936382437  0.039527485698561  0.005512796263315  1.000000000000000  0.000000000000000  0.000000000000000  0.000000000000000  0.010873799936180  0.402762145524375  1.000000000000000 
12.0    H  0.000000000000000  0.000000000000000  0.004756117260402  0.000000000000000  0.000000000000000  0.000000000000000  0.834509281155409  0.030060232958274  0.000000000000000  0.000000000000000  0.000000000000000  0.007715631730042  0.000000000000000  0.015071846634127  0.021314809919990  0.051976381148432  0.006891338790603  0.027508094173848  0.000000000000000  0.000000000000000  0.917004043204671  0.078128893911576  0.004789198672083  1.000000000000000  0.000000000000000  0.868140227601043  0.131761427911342  0.010650020369395  0.349411742962767  0.389042588277709 
13.0    M  0.007188966020507  0.000000000000000  0.000000000000000  0.000000000000000  0.030458738465361  0.000000000000000  0.003001709338453  0.280680355518402  0.000000000000000  0.062716984281844  0.140827403562160  0.000000000000000  0.000000000000000  0.000000000000000  0.020574483157176  0.003319082027885  0.011589804170634  0.310356872881528  0.000000000000000  0.129408115480172  0.741747466920561  0.089995707407168  0.168404197108211  0.725979139951947  0.273952941611923  0.595015848153338  0.404721108273704  0.010926688146394  0.329191730514811  0.479299719246488 
14.0    D  0.008662505028149  0.000000000000000  0.583983697306559  0.017873921456309  0.025506345192216  0.037240080455439  0.008862933476062  0.052156830072213  0.012395841299862  0.011605882192663  0.000000000000000  0.032667503131411  0.006456643110580  0.022035905632569  0.014978116226453  0.013157233650131  0.074068298183849  0.030841142058933  0.000000000000000  0.047563543151230  0.738669031791280  0.067920928907879  0.193713982739793  0.677362488742684  0.322640622612945  0.026479138592066  0.973329374158238  0.010903990344704  0.383154990051946  0.214047071136614 
15.0    S  0.098141014834197  0.000000000000000  0.007233953300995  0.018048215383650  0.070413701781080  0.021868529149925  0.000000000000000  0.000000000000000  0.016538818669924  0.020992241026895  0.016232173489026  0.057751410777926  0.352330188785505  0.011751591807724  0.012421644546078  0.147011406286371  0.045468146363586  0.006953716666035  0.000000000000000  0.096924150793376  0.950000382874886  0.012815201737449  0.037265902260332  1.000000000000000  0.000000000000000  0.136313466583157  0.863938187400277  0.014367969471120  0.487677730763821  0.112890813768978 
16.0    S  0.017301009132567  0.000000000000000  0.123279088061670  0.102592701101312  0.000000000000000  0.083388948104861  0.010724097119179  0.002223425838037  0.196963471512337  0.000000000000000  0.008525499039492  0.034842694335241  0.243838865381910  0.056562903930182  0.002712802999541  0.076680311078363  0.038101721689884  0.000000000000000  0.000000000000000  0.002179178363916  0.693515484565693  0.252788020212826  0.053734780390188  0.919550046151658  0.080381092714413  0.000000000000000  1.000000000000000  0.013139006488339  0.208771979857092  0.123279088061670 
17.0    T  0.006412043818832  0.013405789537948  0.020137103601328  0.034458411345904  0.000000000000000  0.079384436408674  0.004940935712320  0.000000000000000  0.069878865685366  0.000000000000000  0.052519609514580  0.169693122485001  0.129139298460517  0.013285533751003  0.110337874536332  0.147113342152346  0.127803566326240  0.021477948368313  0.000000000000000  0.000000000000000  0.788400174056278  0.093492859897649  0.118257205840699  0.326917837134190  0.673150034638391  0.076627178753322  0.923382310729395  0.013668511951653  0.381036207584942  0.108292107050011 
18.0    S  0.029217974929733  0.000000000000000  0.036196650193583  0.029543816148461  0.033169475279681  0.044625124365158  0.000000000000000  0.007731692628244  0.056016668723088  0.052958277184132  0.000000000000000  0.025085543397374  0.184539300710354  0.021552514403548  0.017861536490844  0.262975444800968  0.128336193215000  0.011233879162867  0.000000000000000  0.059005776196891  0.629378586752429  0.030416542942445  0.340092713101489  0.500000000000000  0.500000000000000  0.102450575954690  0.897510050667261  0.015887104270187  0.467487598875728  0.084611642440779 
19.0    A  0.128514228332008  0.000000000000000  0.003142220198992  0.030122806491895  0.016619260513956  0.090621677054928  0.000000000000000  0.029584800976147  0.026060345119530  0.043888902366812  0.024740183308477  0.000000000000000  0.226094844390272  0.014348065035952  0.000000000000000  0.190782401120070  0.068773663085384  0.098686735837569  0.000000000000000  0.007982188146205  0.890075733252496  0.000000000000000  0.110185019738396  0.000000000000000  0.000000000000000  0.745355193399460  0.254369923025672  0.023163547028169  1.000000000000000  0.048765342510856 
20.0    A  0.028855697210294  0.000000000000000  0.015942260300757  0.014978116226453  0.017591227908387  0.194251817196012  0.000000000000000  0.006772949714958  0.054939972556987  0.085436715746363  0.000000000000000  0.167009259798762  0.088449635020416  0.098481735756168  0.050977343333688  0.130217928626028  0.016345077184258  0.006948898387015  0.019654452684938  0.003203800434362  0.944092419150250  0.004416135027830  0.051367511705928  0.272060610417701  0.727994774499543  0.123878695408010  0.875998315067126  0.012191335627714  0.483638164806966  0.195467410782148 
21.0    S  0.037447156916857  0.000000000000000  0.040723348417603  0.000000000000000  0.006470083291676  0.132954084111648  0.004493327708401  0.021270533070304  0.023880883136956  0.014905617977306  0.066707833627497  0.188286308329227  0.081729459283547  0.017062821027276  0.084787770465479  0.177759676323409  0.067685940345370  0.020992241026895  0.005444442338623  0.007340021478234  0.980099415341871  0.002477326951808  0.017169597149639  0.421907898065009  0.577943353277399  0.528142812675929  0.471719125447680  0.012456132445946  0.312732270028317  0.178872065002864 
22.0    S  0.069975805540890  0.000000000000000  0.212421249784663  0.000000000000000  0.046134825177589  0.096187951260054  0.021582413252248  0.007938047992138  0.020109206989082  0.014467906601989  0.016956708935653  0.144385723069198  0.032329611922466  0.007274178279924  0.036931610841699  0.161656116485936  0.085673925311231  0.020517517584752  0.005403088394574  0.000000000000000  1.000000000000000  0.000000000000000  0.000000000000000  0.000000000000000  0.000000000000000  0.727994774499543  0.271872097713721  0.010438078737423  1.000000000000000  0.283613871233989 
23.0    S  0.029056404456661  0.002962436612059  0.156908998910330  0.026755883892077  0.000000000000000  0.018788582014034  0.042777619159120  0.030905341136904  0.084553014440642  0.014528202228331  0.000000000000000  0.093687475109722  0.160539476123678  0.021094343517543  0.077912574642194  0.103952762296863  0.047202268298838  0.035133716368082  0.000000000000000  0.053289680735497  0.982139595263391  0.015942260300757  0.002185228712960  0.500000000000000  0.500000000000000  0.217486838177163  0.782411781736511  0.010686994561738  0.464902471306581  0.431969093700139 
24.0    N  0.020617311105826  0.000000000000000  0.069830446129514  0.083100444261357  0.014680042956469  0.059995578814932  0.027661055143111  0.073302184326992  0.028676246322230  0.067779838052691  0.000000000000000  0.068916822691807  0.053772039413215  0.089933348750676  0.176531800548094  0.023666661185578  0.085614561247848  0.046973796189549  0.000000000000000  0.009024107691825  1.000000000000000  0.000000000000000  0.000000000000000  0.000000000000000  0.000000000000000  0.538493188096524  0.461371246326899  0.010672189505894  1.000000000000000  0.438606774366411 
25.0    Y  0.024620433939042  0.054711958105891  0.040836414184162  0.027167017502813  0.006470083291676  0.010488847677971  0.004361378757744  0.002266999832781  0.046649324478030  0.005520443921417  0.000000000000000  0.061939347704005  0.010738974184156  0.095788747512986  0.047431851655439  0.005097480264410  0.008275143239718  0.003360752463326  0.000000000000000  0.544498507668053  0.995159721820083  0.005072807041914  0.000000000000000  0.500000000000000  0.500000000000000  0.560971740265242  0.439215234119181  0.010635266535152  0.496546247718518  0.475329550614909 
26.0    C  0.003377098559796  0.950000382874886  0.000000000000000  0.000000000000000  0.000000000000000  0.000000000000000  0.000000000000000  0.000000000000000  0.000000000000000  0.007021524426649  0.000000000000000  0.000000000000000  0.000000000000000  0.000000000000000  0.009800017222820  0.000000000000000  0.000000000000000  0.030039404012149  0.000000000000000  0.000000000000000  1.000000000000000  0.000000000000000  0.000000000000000  0.000000000000000  0.000000000000000  0.671751712860648  0.328280281356038  0.010547171758771  1.000000000000000  0.494142825750366 
27.0    N  0.005343497280869  0.000000000000000  0.128781744202509  0.046391361582158  0.004394759705816  0.006772949714958  0.000000000000000  0.001139802833807  0.032599643547808  0.000000000000000  0.003289308412533  0.657015813574686  0.000000000000000  0.006519603759027  0.014447863720527  0.018173750649185  0.067639040282857  0.000000000000000  0.000000000000000  0.007324774191071  1.000000000000000  0.000000000000000  0.000000000000000  0.000000000000000  0.000000000000000  0.000000000000000  1.000000000000000  0.010539863549529  1.000000000000000  0.500000000000000 
28.0    Q  0.054749894691695  0.000000000000000  0.095788747512986  0.057551606075315  0.000000000000000  0.053178983094159  0.034722147770472  0.020137103601328  0.051796556530500  0.066201145917742  0.016711673248207  0.051617354058483  0.005616939581433  0.096789878481653  0.052483218309009  0.128871039849349  0.099373156368622  0.097193254485320  0.000000000000000  0.017098339082199  0.989656656415207  0.000000000000000  0.010394758133443  0.000000000000000  0.000000000000000  0.000000000000000  1.000000000000000  0.010547171758771  1.000000000000000  0.500000000000000 
29.0    M  0.177021929776818  0.004221583601716  0.000000000000000  0.125260200634954  0.000000000000000  0.000000000000000  0.000000000000000  0.065789447169340  0.011063870611051  0.104530799989258  0.384485207817567  0.000000000000000  0.015854102290326  0.011327709631866  0.000000000000000  0.004271622880799  0.033984012214215  0.062111318332660  0.000000000000000  0.000000000000000  1.000000000000000  0.000000000000000  0.000000000000000  0.000000000000000  0.000000000000000  0.354043859553636  0.646176415318746  0.010576455305097  1.000000000000000  0.459775023075829 
30.0    M  0.000000000000000  0.000000000000000  0.000000000000000  0.000000000000000  0.000000000000000  0.000000000000000  0.000000000000000  0.102806258589058  0.000000000000000  0.066615421004246  0.714001989842532  0.000000000000000  0.000000000000000  0.000000000000000  0.023051429016919  0.015452670568452  0.048462075396688  0.029625842660270  0.000000000000000  0.000000000000000  0.995849753094458  0.004346289533535  0.000000000000000  0.500000000000000  0.500000000000000  0.849096246446840  0.151039730423743  0.010561803383032  0.497924876547229  0.476649272644080 
31.0    K  0.083678453561153  0.000000000000000  0.019330194979487  0.018504243935213  0.008602668735140  0.029831906691866  0.007169061580558  0.031163476604752  0.176287245060549  0.056680645558321  0.027546254934599  0.030458738465361  0.009712106788312  0.082412100905773  0.225625181865607  0.078237278665875  0.002555816545811  0.097733705391074  0.000000000000000  0.014498023069864  0.994470168673214  0.005486112795852  0.000000000000000  1.000000000000000  0.000000000000000  1.000000000000000  0.000000000000000  0.010569126805080  0.494828328207603  0.500000000000000 
32.0    S  0.050136322897030  0.014477938467037  0.022781396544009  0.030500992524257  0.000000000000000  0.068630800861691  0.021929245719361  0.020095273178603  0.089250248730317  0.020319377289820  0.019915009801863  0.051225287977345  0.021959667190730  0.065607292726442  0.258278596921033  0.024197469620413  0.018287478773040  0.060875266783953  0.083794536973771  0.057791454882106  0.982820598545251  0.000000000000000  0.016933218231950  0.000000000000000  0.000000000000000  0.000000000000000  0.000000000000000  0.010576455305097  1.000000000000000  1.000000000000000 
33.0    R  0.021567458646822  0.004242116626259  0.004446851676074  0.000000000000000  0.000000000000000  0.000000000000000  0.000000000000000  0.112111019957752  0.105843164045316  0.018998113799736  0.013792234317041  0.015603354157829  0.020645912588410  0.017506081471784  0.524131237758464  0.013003105229868  0.000000000000000  0.127892183716804  0.000000000000000  0.000000000000000  0.891928519420093  0.069637103176208  0.038234001285371  1.000000000000000  0.000000000000000  0.000000000000000  1.000000000000000  0.010679589468295  0.361984543094890  0.465547409915115 
34.0    N  0.004499561102927  0.014802657353114  0.013433695097547  0.034722147770472  0.000000000000000  0.159209684415812  0.015324671937321  0.025016087833009  0.155825149284387  0.055475708579344  0.000000000000000  0.352330188785505  0.000000000000000  0.046391361582158  0.036473690681827  0.021255794568843  0.030862526920168  0.027299152997397  0.007104751967193  0.000000000000000  0.994470168673214  0.005659930291230  0.000000000000000  0.698823485925533  0.301034345307854  0.724471077277439  0.275667290767228  0.010547171758771  0.391748593474670  0.369078601420708 
35.0    L  0.021079727099058  0.000000000000000  0.015292838287460  0.020361674208801  0.044501568612408  0.014771908074230  0.003398231846518  0.158219574246285  0.091505355996602  0.126481650128366  0.211100221855945  0.076946525834057  0.007683609953330  0.015335297872711  0.058801631719612  0.010124538792448  0.000000000000000  0.091886708524315  0.000000000000000  0.032464346978052  0.829894585589983  0.134997069979110  0.035304600455316  0.955945317593742  0.043797732783773  0.759435844907265  0.240648610775438  0.010724097119179  0.264804583670969  0.452503231441453 
36.0    T  0.009355302379835  0.000000000000000  0.022608357591727  0.018427446754082  0.016075417310837  0.000000000000000  0.037629293163482  0.047464740306704  0.018186352100033  0.018893057434896  0.000000000000000  0.076680311078363  0.004661467746218  0.043615961378818  0.037603219562484  0.081559684230560  0.341983825975623  0.031862427593693  0.010358795002333  0.183010711993203  0.819604607637517  0.143686856004335  0.036625696364829  0.463936738235641  0.535886731268147  0.135371880690741  0.864537231307865  0.011249463425896  0.257742079698697  0.412938832467860 
37.0    K  0.026168952734638  0.000000000000000  0.047431851655439  0.077428043611494  0.006412043818832  0.013621222492767  0.019627224705368  0.009978232493714  0.143289023216047  0.029831906691866  0.002722221169311  0.163685677885446  0.007179006902180  0.085377516047150  0.093492859897649  0.100203166174924  0.132769898311922  0.040836414184162  0.000000000000000  0.000000000000000  0.836826242683391  0.153466960489383  0.009800017222820  0.471719125447680  0.528509020280690  0.607097442197523  0.392836258333790  0.011367036590897  0.222364748384474  0.342220953272960 
38.0    D  0.022498926851792  0.000000000000000  0.020179021098474  0.043374772469237  0.036549614501623  0.290780010386963  0.050240686921447  0.000000000000000  0.047431851655439  0.046552420722584  0.004277548714037  0.075519865211871  0.082640912821411  0.062978360025657  0.099995016041594  0.041263213781719  0.016379101179952  0.004352318948513  0.035574813408590  0.019464647118273  0.921464186198704  0.000000000000000  0.078291527414008  0.000000000000000  0.000000000000000  0.746389191648477  0.253314225039771  0.010896434893363  1.000000000000000  0.417543959714185 
39.0    R  0.004992575637512  0.005240789940946  0.035847094507068  0.013630667277668  0.018148573936339  0.005104551773020  0.066754088002991  0.004406961474439  0.052884912287518  0.008217982650030  0.000000000000000  0.078237278665875  0.049790006017849  0.077428043611494  0.245194750997138  0.164938488846612  0.062500000000000  0.031642337729703  0.033725882390763  0.041291825176821  0.974004268543241  0.025790794016021  0.000000000000000  0.400812664699697  0.599154510669709  0.621574834451970  0.378404198242395  0.011304178795863  0.449377563305515  0.326691313473293 
40.0    C  0.000000000000000  0.948026965128645  0.000000000000000  0.000000000000000  0.009923054551084  0.007494250932229  0.000000000000000  0.000000000000000  0.000000000000000  0.000000000000000  0.000000000000000  0.000000000000000  0.000000000000000  0.000000000000000  0.010813669656652  0.009277809891199  0.000000000000000  0.000000000000000  0.007294374569651  0.006934463572418  0.993092495437036  0.006934463572418  0.000000000000000  1.000000000000000  0.000000000000000  0.000000000000000  1.000000000000000  0.011406500083238  0.491751037013124  0.428985265214345 
41.0    K  0.000000000000000  0.000000000000000  0.006707542472170  0.005108091205222  0.000000000000000  0.000000000000000  0.000000000000000  0.035427169149326  0.748461493396346  0.000000000000000  0.004456108265111  0.000000000000000  0.044224817510208  0.042688758023575  0.037008487870426  0.000000000000000  0.008602668735140  0.045657636829552  0.000000000000000  0.021868529149925  1.000000000000000  0.000000000000000  0.000000000000000  0.000000000000000  0.000000000000000  1.000000000000000  0.000000000000000  0.011406500083238  1.000000000000000  0.428985265214345 
42.0    P  0.026848773592100  0.000000000000000  0.138600080450384  0.084143754329799  0.020291228167654  0.017787406704295  0.006394290481178  0.000000000000000  0.129228842030996  0.074946244611945  0.006341324851385  0.058112808913323  0.218544655102593  0.032217759962337  0.070854338298651  0.041177498491692  0.033702513490452  0.019397304555096  0.010138584116712  0.011171757705951  1.000000000000000  0.000000000000000  0.000000000000000  0.000000000000000  0.000000000000000  0.000000000000000  0.000000000000000  0.010591127553125  1.000000000000000  1.000000000000000 
43.0    V  0.022035905632569  0.000000000000000  0.004117544622229  0.108367195439336  0.043224707156593  0.034078366645789  0.016619260513956  0.109499789383391  0.075154328056136  0.107618648542363  0.013965393161825  0.008936960728155  0.000000000000000  0.082640912821411  0.048529304687565  0.063372467486877  0.044132950137024  0.201102092735479  0.016607744911852  0.000000000000000  1.000000000000000  0.000000000000000  0.000000000000000  0.000000000000000  0.000000000000000  0.000000000000000  0.000000000000000  0.010591127553125  1.000000000000000  1.000000000000000 
44.0    N  0.000000000000000  0.000000000000000  0.004832548744872  0.006057759424586  0.000000000000000  0.000000000000000  0.141022767182064  0.000000000000000  0.013039207518053  0.000000000000000  0.000000000000000  0.761544369851631  0.000000000000000  0.007016659163156  0.011079219028746  0.000000000000000  0.014608987464866  0.000000000000000  0.000000000000000  0.040582456335309  1.000000000000000  0.000000000000000  0.000000000000000  0.000000000000000  0.000000000000000  0.000000000000000  0.000000000000000  0.010591127553125  1.000000000000000  1.000000000000000 
45.0    T  0.004069310269563  0.000000000000000  0.029036271070341  0.000000000000000  0.030798416779355  0.000000000000000  0.000000000000000  0.014792400488074  0.006057759424586  0.000000000000000  0.000000000000000  0.059622471909222  0.000000000000000  0.000000000000000  0.000000000000000  0.026663315566002  0.705637921704346  0.033169475279681  0.000000000000000  0.090308149870220  0.994470168673214  0.000000000000000  0.005373210227108  0.000000000000000  0.000000000000000  0.000000000000000  0.000000000000000  0.010591127553125  1.000000000000000  1.000000000000000 
46.0    F  0.000000000000000  0.000000000000000  0.007535923317064  0.000000000000000  0.875391329694264  0.000000000000000  0.000000000000000  0.035525530413625  0.000000000000000  0.014258835758491  0.006564951189323  0.000000000000000  0.000000000000000  0.000000000000000  0.000000000000000  0.000000000000000  0.007319698803691  0.029584800976147  0.000000000000000  0.023963791557392  0.993781093322555  0.000000000000000  0.006070369287375  0.000000000000000  0.000000000000000  0.000000000000000  1.000000000000000  0.010605820155313  1.000000000000000  0.491410299272626 
47.0    V  0.012318752719629  0.000000000000000  0.000000000000000  0.000000000000000  0.000000000000000  0.003705798106017  0.000000000000000  0.506628450079543  0.000000000000000  0.263888429409492  0.000000000000000  0.000000000000000  0.000000000000000  0.000000000000000  0.004985659253238  0.000000000000000  0.024740183308477  0.183773417048630  0.000000000000000  0.000000000000000  1.000000000000000  0.000000000000000  0.000000000000000  0.000000000000000  0.000000000000000  0.000000000000000  1.000000000000000  0.010657404959995  1.000000000000000  0.474342157570227 
48.0    H  0.004004950148002  0.014318260073052  0.000000000000000  0.000000000000000  0.015898120189104  0.021079727099058  0.727490341817379  0.027091798859834  0.013285533751003  0.053548872173036  0.000000000000000  0.005727018582770  0.000000000000000  0.034770316268276  0.027757087370075  0.000000000000000  0.000000000000000  0.021094343517543  0.000000000000000  0.033796086358863  0.992404374685819  0.007380836257791  0.000000000000000  0.199990032083188  0.799960128332753  0.000000000000000  1.000000000000000  0.010657404959995  0.487002134271620  0.474342157570227 
49.0    E  0.189990607050190  0.000000000000000  0.065789447169340  0.312949114663499  0.000000000000000  0.117358968414432  0.000000000000000  0.000000000000000  0.004982204654994  0.000000000000000  0.036271997324491  0.005027301747271  0.000000000000000  0.004007727130223  0.004274584770550  0.092847057541302  0.146299830184324  0.016220926102235  0.000000000000000  0.004111840448084  1.000000000000000  0.000000000000000  0.000000000000000  0.000000000000000  0.000000000000000  0.000000000000000  1.000000000000000  0.010657404959995  1.000000000000000  0.474342157570227 
50.0    S  0.006389859832483  0.000000000000000  0.066615421004246  0.022005378545501  0.002484205091296  0.005186582649931  0.002948097594767  0.005535771080110  0.003436129202822  0.023454360898662  0.008789519411631  0.086930123231874  0.191444749636798  0.018542762463383  0.069012427947693  0.308640651723385  0.166431451654546  0.012098734810207  0.000000000000000  0.000000000000000  1.000000000000000  0.000000000000000  0.000000000000000  0.000000000000000  0.000000000000000  0.000000000000000  1.000000000000000  0.010657404959995  1.000000000000000  0.474342157570227 
51.0    L  0.052012420919470  0.000000000000000  0.036829356494115  0.033192474577980  0.203485796267609  0.015777364024948  0.004215735298845  0.041810236087066  0.071545260037418  0.158878961163208  0.055054335882936  0.006782345528133  0.143587294374629  0.009297122627396  0.005455775517451  0.021167577773209  0.018224208902945  0.013148116910709  0.035036439938391  0.074531804520664  0.976708528962227  0.018274807250812  0.005186582649931  0.723467442935263  0.276624338273068  0.000000000000000  1.000000000000000  0.010657404959995  0.464902471306581  0.474342157570227 
52.0    A  0.198608600024026  0.000000000000000  0.101040108600696  0.142003658098336  0.000000000000000  0.084260483233566  0.006651982091789  0.005086891365504  0.055283777208221  0.001840100144345  0.000000000000000  0.043767385027725  0.052156830072213  0.056289123740496  0.076574083244042  0.077053270341488  0.049411819787746  0.023035456520173  0.023421868777430  0.003537632746163  1.000000000000000  0.000000000000000  0.000000000000000  0.000000000000000  0.000000000000000  0.265539796623843  0.734584316639154  0.010716666317114  1.000000000000000  0.462331639056850 
53.0    D  0.046552420722584  0.000000000000000  0.199022024694695  0.089933348750676  0.003372420150681  0.031141883213371  0.014988501864457  0.002655133284974  0.059375023929680  0.006241030597259  0.000000000000000  0.185436866730140  0.024332021595677  0.043344717785356  0.025808677029241  0.087656203165150  0.076627178753322  0.088143622530274  0.000000000000000  0.015324671937321  1.000000000000000  0.000000000000000  0.000000000000000  0.125000000000000  0.874784764905822  0.506277403675246  0.493800430722686  0.010657404959995  0.491410299272626  0.474342157570227 
54.0    V  0.014998894703733  0.000000000000000  0.000000000000000  0.000000000000000  0.000000000000000  0.000000000000000  0.000000000000000  0.282828615711475  0.000000000000000  0.116064606538341  0.010173782731008  0.000000000000000  0.000000000000000  0.000000000000000  0.007715631730042  0.030290306779221  0.009011606289531  0.528875481809214  0.000000000000000  0.000000000000000  0.995159721820083  0.000000000000000  0.004982204654994  0.000000000000000  0.000000000000000  0.000000000000000  1.000000000000000  0.010650020369395  1.000000000000000  0.491751037013124 
55.0    Q  0.085082132281217  0.000000000000000  0.022204563174709  0.017775081685508  0.000000000000000  0.004157696025208  0.045531222309313  0.011040887842834  0.218999578766781  0.052446852319159  0.011759740214149  0.060790934213268  0.007562086147607  0.175921046915675  0.113833729198997  0.011398596439376  0.030101934188130  0.125695072549809  0.005699298219688  0.000000000000000  1.000000000000000  0.000000000000000  0.000000000000000  0.000000000000000  0.000000000000000  0.423079298300145  0.576742802530011  0.010635266535152  1.000000000000000  0.479299719246488 
56.0    A  0.410655350376033  0.004982204654994  0.049446081324091  0.015788303851356  0.000000000000000  0.112266546610492  0.015324671937321  0.006011746953753  0.090120554466264  0.011063870611051  0.000000000000000  0.049070507417098  0.020081349022959  0.006896117158521  0.073149915092162  0.071644511608024  0.054825846795801  0.008801712722635  0.000000000000000  0.000000000000000  1.000000000000000  0.000000000000000  0.000000000000000  0.000000000000000  0.000000000000000  0.000000000000000  1.000000000000000  0.010650020369395  1.000000000000000  0.491751037013124 
57.0    V  0.056250120612095  0.000000000000000  0.000000000000000  0.006997231797585  0.043495199744722  0.000000000000000  0.000000000000000  0.298747801214196  0.000000000000000  0.085555238318240  0.011493802701998  0.000000000000000  0.000000000000000  0.000000000000000  0.000000000000000  0.011557714916007  0.083620472174132  0.402204185470958  0.000000000000000  0.000000000000000  1.000000000000000  0.000000000000000  0.000000000000000  0.000000000000000  0.000000000000000  0.000000000000000  1.000000000000000  0.010650020369395  1.000000000000000  0.491751037013124 
58.0    C  0.000000000000000  0.913831450229400  0.000000000000000  0.000000000000000  0.000000000000000  0.000000000000000  0.010344444612464  0.000000000000000  0.000000000000000  0.000000000000000  0.000000000000000  0.000000000000000  0.061171353149840  0.014477938467037  0.000000000000000  0.000000000000000  0.000000000000000  0.000000000000000  0.000000000000000  0.000000000000000  0.991716730738293  0.002589698750583  0.005508976408142  0.333324669272800  0.666649338545599  0.000000000000000  1.000000000000000  0.010664794670978  0.500000000000000  0.491751037013124 
59.0    S  0.017469716421342  0.000000000000000  0.026534257701464  0.028517671516983  0.036854893508163  0.179368691825838  0.009985151275024  0.020545980628204  0.162667731930242  0.028066636652623  0.005058761714275  0.072896835611779  0.000000000000000  0.037214276542655  0.078617810739751  0.136407984631867  0.097937148368668  0.002767885540055  0.005273585879386  0.053772039413215  0.904379377561088  0.031995215638389  0.063724855187387  1.000000000000000  0.000000000000000  0.207329886453610  0.792784136610284  0.010701820155981  0.429580377473592  0.470087101254563 
60.0    Q  0.088879838161705  0.000000000000000  0.041148966314351  0.017469716421342  0.002616764848492  0.141120550600766  0.024740183308477  0.000000000000000  0.011557714916007  0.028557232819669  0.022608357591727  0.197236710213116  0.021388809579560  0.133415667254995  0.033307710502123  0.064212589961185  0.113833729198997  0.015592542484360  0.008402299925448  0.033984012214215  0.960594863953477  0.008396477912934  0.031206708315657  1.000000000000000  0.000000000000000  0.231647015472593  0.768437590644006  0.011187255790634  0.488354264481114  0.343409058357406 
61.0    K  0.048596627242660  0.000000000000000  0.025312608551001  0.053178983094159  0.000000000000000  0.079384436408674  0.003005873476877  0.058435949859466  0.152830034711509  0.021914050791288  0.000000000000000  0.010821167719617  0.282241101201533  0.025524030972188  0.074376981019167  0.061213768599183  0.075050214217826  0.028105572254617  0.000000000000000  0.000000000000000  0.948026965128645  0.030649343874642  0.021388809579560  0.849684999138650  0.150621539374348  0.080381092714413  0.919550046151658  0.010972225591703  0.431370672271328  0.326691313473293 
62.0    N  0.041752314949691  0.008710673583810  0.040949793870574  0.027469986278493  0.041406469282663  0.105916554368265  0.011557714916007  0.030905341136904  0.109727724701190  0.013630667277668  0.000000000000000  0.255076164812114  0.006306258394568  0.019263317585372  0.061596833558711  0.165052855126875  0.031884520601514  0.021959667190730  0.000000000000000  0.006900898839699  0.930449657703015  0.069637103176208  0.000000000000000  0.406407800992160  0.593368398828266  0.117684808067651  0.882091365197176  0.011179504062679  0.364755086060044  0.309497572709361 
63.0    V  0.014328188175073  0.060287386536509  0.010709240663904  0.011646174896867  0.005489916797682  0.095855166229568  0.000000000000000  0.159320078414908  0.077750728331154  0.000000000000000  0.034626010870779  0.051438771579919  0.000000000000000  0.012560171730362  0.033100572958871  0.055130710324824  0.057471877884479  0.297507924076669  0.000000000000000  0.022813000166477  0.807760777609608  0.009604991150426  0.182377543030022  1.000000000000000  0.000000000000000  0.180366085857704  0.819604607637517  0.011156281091290  0.486327473706143  0.316658563430804 
64.0    A  0.145894762727308  0.000000000000000  0.018555619782397  0.008608633717786  0.060833085884890  0.000000000000000  0.006461120065963  0.038128140946007  0.108367195439336  0.041521431690516  0.002501484104160  0.045060277233132  0.155717176946184  0.058072542140682  0.030926770512975  0.021522656974737  0.249653666525257  0.008217982650030  0.000000000000000  0.000000000000000  0.945402116750744  0.000000000000000  0.054749894691695  0.000000000000000  0.000000000000000  0.015484836926001  0.984184022033800  0.013763583970734  1.000000000000000  0.151879598988127 
65.0    C  0.009162773040874  0.837406487508427  0.007391075365044  0.000000000000000  0.015843116871719  0.022592692102277  0.005656008485858  0.006900898839699  0.000000000000000  0.008795613954193  0.000000000000000  0.003060535886521  0.023470623858452  0.016108879981169  0.000000000000000  0.000000000000000  0.007309558576808  0.000000000000000  0.000000000000000  0.036498981081660  0.977385766410805  0.000000000000000  0.022608357591727  0.500000000000000  0.500000000000000  0.509092599882310  0.491069797631696  0.014802657353114  0.402762145524375  0.134436798807172 
66.0    K  0.005640348420010  0.000000000000000  0.047169561516268  0.128871039849349  0.000000000000000  0.074325444687670  0.004616451355212  0.000000000000000  0.416387885440275  0.005683518295448  0.007949060094552  0.016968466505036  0.068015152604425  0.042688758023575  0.111800612722826  0.029016151634585  0.018161157929971  0.017518219969195  0.000000000000000  0.005072807041914  0.996540262827868  0.003166269999552  0.000000000000000  1.000000000000000  0.000000000000000  0.100551046367739  0.899378312147752  0.013039207518053  0.500000000000000  0.236678407809178 
67.0    N  0.015832139064986  0.000000000000000  0.083042863381032  0.038714021805747  0.004746237468379  0.026497498894786  0.020775111065339  0.000000000000000  0.036096430767300  0.079109787123142  0.000000000000000  0.512633618944297  0.000000000000000  0.068630800861691  0.055207190717592  0.033679160782615  0.015538596385519  0.009538644630228  0.000000000000000  0.000000000000000  0.933679944915313  0.010019817209080  0.056094378166704  0.500000000000000  0.500000000000000  0.013148116910709  0.986916545885842  0.012976094126420  0.486327473706143  0.254546299941155 
68.0    G  0.000000000000000  0.000000000000000  0.020560226953578  0.016176014435022  0.018035709648701  0.435879119768531  0.024450368179266  0.000000000000000  0.048294409352999  0.009861344000876  0.013359409029562  0.175312406330300  0.016792955825867  0.000000000000000  0.053400608805608  0.027261334555336  0.081221191403465  0.004587742075053  0.002690332121842  0.051940366349603  0.765778998547191  0.188416863694798  0.046038990181765  0.529609167341938  0.470413053756894  0.300825756499876  0.699308041369231  0.013396500572409  0.247071412875183  0.204333832122071 
69.0    Q  0.050485048600601  0.006506060710004  0.033913417871306  0.012073602338250  0.005896195189533  0.164595865257405  0.018427446754082  0.050977343333688  0.086449414313185  0.006796463693036  0.000000000000000  0.096321388544801  0.007694269085121  0.129228842030996  0.126044056861824  0.069878865685366  0.041063488348418  0.090684512989636  0.002980975017501  0.000000000000000  0.914465089499901  0.085436715746363  0.000000000000000  0.847919964633148  0.151879598988127  0.209351621877107  0.790589116603944  0.013564691056266  0.351111218934499  0.198333460797786 
70.0    T  0.015909143746322  0.000000000000000  0.023633874957562  0.076733480244691  0.016470178488918  0.090433430366908  0.018971795068673  0.052848267961095  0.133230842008493  0.082755556899712  0.026024242840017  0.050765774772265  0.048562954299003  0.007828762539685  0.070511383591032  0.125347054487635  0.121666171769780  0.018840747307668  0.000000000000000  0.019491649561157  0.853226098112067  0.121919432690955  0.024808872841614  0.736113431084089  0.263888429409492  0.886381699194867  0.113361291116643  0.012482061194518  0.296067902963408  0.238655253534929 
71.0    N  0.003421868418231  0.006569503244170  0.020631606890859  0.003982803449212  0.048394939240826  0.030206440533280  0.025541729015259  0.004443770421377  0.098892162648181  0.018762553554456  0.000000000000000  0.495514781632040  0.000000000000000  0.000000000000000  0.041492661199451  0.076733480244691  0.028222703442244  0.048462075396688  0.005644259366889  0.043224707156593  0.988970916380931  0.005663854815933  0.005644259366889  0.500000000000000  0.500000000000000  0.120074357994185  0.879649075922436  0.011109979770213  0.495171435966512  0.421615555125056 
72.0    C  0.020095273178603  0.656105627295980  0.000000000000000  0.025683755852964  0.029421202016913  0.000000000000000  0.000000000000000  0.015777364024948  0.003358423774387  0.123450107680672  0.025277542136304  0.000000000000000  0.000000000000000  0.007355300504228  0.002494558123428  0.026830169888680  0.016781319869064  0.018453010334836  0.000000000000000  0.028735938942239  1.000000000000000  0.000000000000000  0.000000000000000  0.000000000000000  0.000000000000000  0.665725806618185  0.334018519597525  0.011133106360537  1.000000000000000  0.420448207626857 
73.0    Y  0.000000000000000  0.040470093714201  0.000000000000000  0.000000000000000  0.055168937268166  0.000000000000000  0.391205890868256  0.007971130150379  0.008054439990584  0.012250632094933  0.006853230849475  0.021898866391887  0.003282475594661  0.000000000000000  0.111028349480301  0.119908014915658  0.070462525759089  0.023503183615448  0.000000000000000  0.128069602879100  0.886996305152150  0.000000000000000  0.112734422297781  0.000000000000000  0.000000000000000  0.602068690615708  0.398044049389390  0.010851211998165  1.000000000000000  0.477641468191219 
74.0    Q  0.004581386520437  0.000000000000000  0.074738737298508  0.065471007943737  0.000000000000000  0.036498981081660  0.029278795214763  0.061171353149840  0.123023002754225  0.090120554466264  0.013936383115939  0.060875266783953  0.000000000000000  0.213602435222433  0.159762420400381  0.009985151275024  0.041781265481410  0.008223680896167  0.000000000000000  0.006829520471956  0.948026965128645  0.042629619839980  0.009479324689443  1.000000000000000  0.000000000000000  0.145087989297965  0.855002177891973  0.012208248127692  0.402762145524375  0.280291519507127 
75.0    S  0.000000000000000  0.003549914517377  0.000000000000000  0.000000000000000  0.000000000000000  0.027795593548059  0.000000000000000  0.010657404959995  0.000000000000000  0.000000000000000  0.000000000000000  0.025772923394065  0.000000000000000  0.000000000000000  0.035500914524584  0.832775770880549  0.064034801439550  0.000000000000000  0.000000000000000  0.000000000000000  0.873572895916694  0.000000000000000  0.126218912199586  0.000000000000000  0.000000000000000  0.956608158091874  0.043706752585577  0.011686607487206  1.000000000000000  0.235696133979560 
76.0    Y  0.019451159927846  0.015239929086369  0.014367969471120  0.065471007943737  0.000000000000000  0.047530586038782  0.039996012932635  0.008795613954193  0.116306207212877  0.023715925827720  0.030248344590429  0.106801217611217  0.057114465639338  0.035871950432969  0.090873282332519  0.215237297084726  0.105039219029160  0.002839790072891  0.000000000000000  0.005143620789294  1.000000000000000  0.000000000000000  0.000000000000000  0.000000000000000  0.000000000000000  0.749499800877774  0.250694108975269  0.013313188985545  1.000000000000000  0.290981633600534 
77.0    S  0.051331918797004  0.002609519684356  0.071743900865938  0.038154578520910  0.009772883438385  0.046876218415182  0.015898120189104  0.004446851676074  0.067592172717726  0.048596627242660  0.013452331067795  0.052265399994629  0.021717472185037  0.062283766426742  0.058233776831548  0.290780010386963  0.093298648956060  0.041035035169505  0.000000000000000  0.009840859218339  1.000000000000000  0.000000000000000  0.000000000000000  0.000000000000000  0.000000000000000  0.931740429304773  0.068440779424598  0.010806176789148  1.000000000000000  0.440434687063490 
78.0    T  0.053289680735497  0.000000000000000  0.006910472151028  0.083794536973771  0.000000000000000  0.036473690681827  0.012797448404060  0.018998113799736  0.098550021757035  0.054522669110672  0.000000000000000  0.010858736092518  0.225468844595562  0.098345305669196  0.106210624892331  0.101884041550328  0.054749894691695  0.032849153408991  0.000000000000000  0.004236239878293  0.997231251352069  0.002596888883167  0.000000000000000  1.000000000000000  0.000000000000000  0.000000000000000  1.000000000000000  0.010709240663904  0.500000000000000  0.500000000000000 
79.0    M  0.000000000000000  0.000000000000000  0.000000000000000  0.000000000000000  0.367546834097260  0.000000000000000  0.000000000000000  0.076893209046947  0.000000000000000  0.173860246463749  0.114546080584419  0.000000000000000  0.014358013804360  0.000000000000000  0.000000000000000  0.000000000000000  0.011390698272005  0.241484082231211  0.000000000000000  0.000000000000000  1.000000000000000  0.000000000000000  0.000000000000000  0.000000000000000  0.000000000000000  1.000000000000000  0.000000000000000  0.010709240663904  1.000000000000000  0.500000000000000 
80.0    S  0.009820416988452  0.000000000000000  0.077912574642194  0.112422289018469  0.004301334367570  0.007845058931554  0.082870360018666  0.000000000000000  0.093947592379098  0.008054439990584  0.000000000000000  0.039940605100095  0.217939559884266  0.087595465567547  0.097733705391074  0.113125807860363  0.019505164826588  0.000000000000000  0.000000000000000  0.027035521580781  1.000000000000000  0.000000000000000  0.000000000000000  0.000000000000000  0.000000000000000  0.000000000000000  0.000000000000000  0.010701820155981  1.000000000000000  1.000000000000000 
81.0    I  0.006661210091937  0.015657525079369  0.000000000000000  0.000000000000000  0.005136495157051  0.059663813383732  0.000000000000000  0.232935107326193  0.020249077584896  0.271872097713721  0.075677067746910  0.010358795002333  0.000000000000000  0.008765183441644  0.015324671937321  0.000000000000000  0.054183597719668  0.219912268980609  0.000000000000000  0.003672555478551  1.000000000000000  0.000000000000000  0.000000000000000  0.000000000000000  0.000000000000000  0.000000000000000  0.000000000000000  0.010701820155981  1.000000000000000  1.000000000000000 
82.0    T  0.028359973603661  0.000000000000000  0.007401328676557  0.000000000000000  0.004622855553721  0.000000000000000  0.000000000000000  0.051724801004888  0.000000000000000  0.010569126805080  0.007769298192759  0.013574096642978  0.017849160107009  0.000000000000000  0.000000000000000  0.019613624863791  0.745355193399460  0.093363341069521  0.000000000000000  0.000000000000000  0.961260928388761  0.000000000000000  0.038446604523473  0.000000000000000  0.000000000000000  0.000000000000000  0.000000000000000  0.010731533073669  1.000000000000000  1.000000000000000 
83.0    D  0.007238969233519  0.000000000000000  0.216584214100022  0.040779842115280  0.036549614501623  0.000000000000000  0.029769937438873  0.088388347648318  0.010351617320666  0.040218413978165  0.065789447169340  0.013303964183577  0.000000000000000  0.036906020669673  0.021522656974737  0.015155654849090  0.188286308329227  0.105769824575036  0.000000000000000  0.083388948104861  1.000000000000000  0.000000000000000  0.000000000000000  0.000000000000000  0.000000000000000  0.000000000000000  1.000000000000000  0.010358795002333  1.000000000000000  0.402762145524375 
84.0    C  0.000000000000000  0.978741650397436  0.000000000000000  0.000000000000000  0.006583178355493  0.006095667813857  0.000000000000000  0.000000000000000  0.000000000000000  0.000000000000000  0.000000000000000  0.000000000000000  0.000000000000000  0.000000000000000  0.000000000000000  0.000000000000000  0.000000000000000  0.000000000000000  0.000000000000000  0.008490116113485  0.967947026893737  0.023980407750014  0.008195229121679  0.449066186441967  0.550952557938305  1.000000000000000  0.000000000000000  0.010358795002333  0.357248534935273  0.402762145524375 
85.0    R  0.010258758792376  0.006555856539895  0.024998754010399  0.037603219562484  0.007006938747359  0.004658237782542  0.015155654849090  0.024467321758017  0.179617522068008  0.029319412390646  0.000000000000000  0.170873431492726  0.000000000000000  0.095788747512986  0.201520707873242  0.064569649230258  0.081108672933699  0.035182455816774  0.000000000000000  0.011296346051139  0.918276162300924  0.006578616825066  0.074998211398326  0.500000000000000  0.500000000000000  0.000000000000000  1.000000000000000  0.010873799936180  0.490729531926740  0.461051558956316 
86.0    E  0.011438169499575  0.000000000000000  0.003339852257391  0.049002528379734  0.028340322779161  0.000000000000000  0.097125908598006  0.015367219906660  0.014072280935124  0.627201102260497  0.006510571930931  0.005391864661706  0.000000000000000  0.018211581220852  0.059087632296921  0.000000000000000  0.003522950696806  0.061468879626641  0.000000000000000  0.000000000000000  0.980779003988551  0.000000000000000  0.019370432811547  0.752623373705534  0.247071412875183  0.487339815445774  0.512633618944297  0.011335564123705  0.396392068305142  0.295657750061036 
87.0    T  0.031973045929201  0.000000000000000  0.010187896369208  0.023147496844068  0.000000000000000  0.000000000000000  0.014437852694482  0.098755163982922  0.133323222603971  0.038419964601706  0.021944451183406  0.017861536490844  0.015538596385519  0.026718818059124  0.056016668723088  0.055706905993561  0.412652704256329  0.027584468634083  0.000000000000000  0.015690117863109  0.988970916380931  0.005794902085317  0.004992575637512  1.000000000000000  0.000000000000000  0.043706752585577  0.956608158091874  0.012006837353813  0.495171435966512  0.350624812660600 
88.0    G  0.057631444869539  0.007421877991210  0.008088007217511  0.059333882559407  0.009005362084366  0.292396916012987  0.012421644546078  0.000000000000000  0.080214118597682  0.000000000000000  0.004459198074714  0.035822255804012  0.033960464453939  0.005798920197770  0.057631444869539  0.217035056900261  0.088082547196376  0.023003544721378  0.000000000000000  0.007662335968661  0.886996305152150  0.041897268486885  0.071248329543341  1.000000000000000  0.000000000000000  0.000000000000000  1.000000000000000  0.012040173568100  0.419284092220466  0.348685916587601 
89.0    S  0.035451733904249  0.000000000000000  0.007089993400915  0.020560226953578  0.009466192659611  0.554784736033923  0.003794169904460  0.000000000000000  0.027091798859834  0.010828670981644  0.000000000000000  0.031098741306878  0.079992025865269  0.025016087833009  0.062283766426742  0.104675810938553  0.011800567074710  0.000000000000000  0.016019800592009  0.000000000000000  0.964598184584138  0.026332713421973  0.008746975692611  0.787853886049346  0.212274061611710  0.100064351332038  0.900001929793512  0.013424386796050  0.453759577658580  0.255607132652481 
90.0    S  0.065154110052570  0.000000000000000  0.008396477912934  0.060037178997092  0.006702894768974  0.058032303269171  0.036196650193583  0.007233953300995  0.082640912821411  0.014268722656437  0.000000000000000  0.008795613954193  0.042276507220321  0.090621677054928  0.051868411599374  0.372936006672866  0.087716982877442  0.007060568177743  0.000000000000000  0.000000000000000  0.839731492944140  0.038526635170744  0.121666171769780  0.637280313659631  0.362738051958545  0.553248676546136  0.446582926176380  0.013340901787363  0.371645746107754  0.255253031426798 
91.0    K  0.035231262879544  0.000000000000000  0.002211130668185  0.019518689463334  0.000000000000000  0.000000000000000  0.000000000000000  0.014062530153024  0.168988854128516  0.009718841041394  0.008206598000084  0.034866853822655  0.103091693576260  0.181746564665039  0.184667257947820  0.054183597719668  0.120658378108970  0.048765342510856  0.004651784567832  0.009387781636929  0.866937563514687  0.133138525424177  0.000000000000000  0.978063473447339  0.021974893748642  0.757333157938488  0.242658617442387  0.012456132445946  0.295862755438143  0.220217343531745 
92.0    Y  0.014957366534302  0.038473262917029  0.008240799352094  0.000000000000000  0.061383724703962  0.004677651189918  0.070805242830987  0.058032303269171  0.030332327180298  0.013687473672924  0.035847094507068  0.024705909893873  0.117440343651751  0.000000000000000  0.084787770465479  0.022250784306204  0.037343475151774  0.016992006107108  0.012115518849172  0.347961597957775  1.000000000000000  0.000000000000000  0.000000000000000  0.000000000000000  0.000000000000000  0.000000000000000  1.000000000000000  0.011025592526630  1.000000000000000  0.410940093647425 
93.0    P  0.006619784648017  0.000000000000000  0.009538644630228  0.000000000000000  0.000000000000000  0.015474107373954  0.000000000000000  0.009936820365184  0.016120049676584  0.033492920704259  0.000000000000000  0.015506318354466  0.661585719954060  0.000000000000000  0.037059828106592  0.069975805540890  0.097937148368668  0.026607928367155  0.000000000000000  0.000000000000000  1.000000000000000  0.000000000000000  0.000000000000000  0.286578046432095  0.713507252858939  0.224688781652757  0.775393206347005  0.011025592526630  0.461051558956316  0.410940093647425 
94.0    N  0.047169561516268  0.000000000000000  0.126218912199586  0.000000000000000  0.000000000000000  0.015887104270187  0.045531222309313  0.000000000000000  0.030248344590429  0.003469635921259  0.006721504926652  0.289974913626359  0.155070912214424  0.079549683454746  0.093363341069521  0.058679484207216  0.029687511964840  0.006900898839699  0.000000000000000  0.011509747545441  1.000000000000000  0.000000000000000  0.000000000000000  0.000000000000000  0.000000000000000  0.940826107513788  0.059457392270737  0.010919116967586  1.000000000000000  0.431071772508798 
95.0    C  0.000000000000000  0.931740429304773  0.000000000000000  0.000000000000000  0.003971776067547  0.009303569135664  0.000000000000000  0.000000000000000  0.000000000000000  0.000000000000000  0.000000000000000  0.000000000000000  0.000000000000000  0.000000000000000  0.008662505028149  0.015335297872711  0.000000000000000  0.000000000000000  0.000000000000000  0.030883926609398  0.994470168673214  0.000000000000000  0.005474716597972  0.000000000000000  0.000000000000000  0.000000000000000  1.000000000000000  0.010701820155981  1.000000000000000  0.500000000000000 
96.0    A  0.081956375888478  0.000000000000000  0.057392260143808  0.046134825177589  0.000000000000000  0.013508394239185  0.083215725827273  0.021537580515244  0.101040108600696  0.004462290026752  0.018363692631559  0.055668306287918  0.040079268836320  0.090999346812443  0.283613871233989  0.034410674940561  0.014741222670240  0.029625842660270  0.000000000000000  0.023340835267380  1.000000000000000  0.000000000000000  0.000000000000000  0.000000000000000  0.000000000000000  0.000000000000000  1.000000000000000  0.010716666317114  1.000000000000000  0.486327473706143 
97.0    Y  0.000000000000000  0.006578616825066  0.000000000000000  0.031034140482407  0.033238521027912  0.000000000000000  0.010096506489355  0.000000000000000  0.000000000000000  0.000000000000000  0.000000000000000  0.000000000000000  0.000000000000000  0.000000000000000  0.000000000000000  0.000000000000000  0.000000000000000  0.000000000000000  0.000000000000000  0.918912883479050  0.993092495437036  0.006702894768974  0.000000000000000  0.500000000000000  0.500000000000000  0.000000000000000  1.000000000000000  0.010716666317114  0.490049707670935  0.486327473706143 
98.0    K  0.025418099941629  0.000000000000000  0.028795755818709  0.058233776831548  0.009322935492435  0.005875795903862  0.130851285246822  0.000000000000000  0.198884120938730  0.027853452996780  0.000000000000000  0.079329430376238  0.000000000000000  0.109423916211783  0.192109397661002  0.073607674349686  0.041091961256408  0.019130256131253  0.000000000000000  0.000000000000000  1.000000000000000  0.000000000000000  0.000000000000000  0.333324669272800  0.666649338545599  0.782954296256543  0.216884671788017  0.010716666317114  0.491410299272626  0.486327473706143 
99.0    T  0.097937148368668  0.000000000000000  0.042688758023575  0.053400608805608  0.000000000000000  0.144385723069198  0.010672189505894  0.025719385789960  0.016992006107108  0.041148966314351  0.019478143660548  0.005774853247163  0.006420938963241  0.045310838527464  0.018697640050480  0.184667257947820  0.267572174606656  0.008986655416802  0.000000000000000  0.010054603494541  1.000000000000000  0.000000000000000  0.000000000000000  0.000000000000000  0.000000000000000  0.000000000000000  1.000000000000000  0.010701820155981  1.000000000000000  0.500000000000000 
100.0    T  0.021182255106250  0.000000000000000  0.045154074935110  0.031206708315657  0.069204036530268  0.002828004242929  0.006665828891501  0.082640912821411  0.106949378210325  0.013350152201402  0.006929658634001  0.035574813408590  0.000000000000000  0.012015162744299  0.051474438579223  0.157344646688107  0.277969789379277  0.070560275300383  0.000000000000000  0.008862933476062  0.986232704493359  0.013706461698950  0.000000000000000  1.000000000000000  0.000000000000000  0.000000000000000  1.000000000000000  0.010701820155981  0.474671060475260  0.500000000000000 
101.0    Q  0.075206439124969  0.000000000000000  0.021582413252248  0.026296233821418  0.000000000000000  0.036701936600427  0.032173127607312  0.029056404456661  0.069108165832517  0.058435949859466  0.006679704514781  0.045373696246997  0.109575715164504  0.122512426917734  0.060959716345478  0.081842838942723  0.137929217505245  0.029646384848139  0.000000000000000  0.056916864599499  0.993092495437036  0.006867496569623  0.000000000000000  0.656560562712076  0.343409058357406  0.741747466920561  0.258457684061991  0.010746420454217  0.479632059662632  0.490049707670935 
102.0    A  0.079439480581604  0.000000000000000  0.040302132832996  0.046973796189549  0.034578042284134  0.057273040292209  0.000000000000000  0.010979833595365  0.080436827956329  0.104966436618018  0.030691862351981  0.012438876543418  0.011288518733778  0.078345813777543  0.067265007798987  0.235206526878447  0.094208431847399  0.008026573745148  0.000000000000000  0.007546377569725  1.000000000000000  0.000000000000000  0.000000000000000  0.000000000000000  0.000000000000000  0.000000000000000  1.000000000000000  0.010701820155981  1.000000000000000  0.500000000000000 
103.0    N  0.000000000000000  0.000000000000000  0.011382805577328  0.127803566326240  0.046007089442756  0.000000000000000  0.015657525079369  0.026187097958373  0.037551126547714  0.092205716067677  0.024264652343782  0.141512362763834  0.039857637239955  0.091505355996602  0.034101996157967  0.056602123938614  0.181620631196421  0.036625696364829  0.004358356727832  0.032803646363221  1.000000000000000  0.000000000000000  0.000000000000000  0.000000000000000  0.000000000000000  0.000000000000000  1.000000000000000  0.010701820155981  1.000000000000000  0.500000000000000 
104.0    K  0.026168952734638  0.000000000000000  0.006707542472170  0.033284631356044  0.000000000000000  0.159762420400381  0.025137761591935  0.000000000000000  0.349654020684615  0.000000000000000  0.028458432299749  0.073760896458513  0.000000000000000  0.053623158151793  0.216284172646247  0.013359409029562  0.013888166893228  0.000000000000000  0.000000000000000  0.000000000000000  0.971980987981352  0.000000000000000  0.027969533466499  0.000000000000000  0.000000000000000  0.000000000000000  1.000000000000000  0.010701820155981  1.000000000000000  0.500000000000000 
105.0    H  0.008949358577967  0.005505159199774  0.015040538173465  0.000000000000000  0.180491149440312  0.004157696025208  0.110951417158687  0.030081076346930  0.131852789633508  0.017652300227658  0.000000000000000  0.028281451965091  0.022702578899553  0.015239929086369  0.123108305361944  0.063109456099793  0.042305821220389  0.039010329653175  0.000000000000000  0.161544103829687  1.000000000000000  0.000000000000000  0.000000000000000  0.000000000000000  0.000000000000000  0.000000000000000  1.000000000000000  0.010330114102676  1.000000000000000  0.424842499569325 
106.0    I  0.007080171392714  0.000000000000000  0.000000000000000  0.000000000000000  0.061554152680972  0.000000000000000  0.000000000000000  0.498961359499525  0.000000000000000  0.054939972556987  0.000000000000000  0.009005362084366  0.021747599872361  0.000000000000000  0.000000000000000  0.006610614035940  0.000000000000000  0.158548924915733  0.000000000000000  0.181369025979272  1.000000000000000  0.000000000000000  0.000000000000000  0.000000000000000  0.000000000000000  0.000000000000000  1.000000000000000  0.010330114102676  1.000000000000000  0.424842499569325 
107.0    I  0.016688522000748  0.095325103328518  0.004989116246857  0.015176679617838  0.009074286968170  0.000000000000000  0.000000000000000  0.230525779478158  0.028735938942239  0.165511113799425  0.006108356586942  0.012199788946990  0.000000000000000  0.005251699195909  0.076045147414629  0.008930768245422  0.077213664820433  0.203485796267609  0.006881791985367  0.037917298757772  1.000000000000000  0.000000000000000  0.000000000000000  0.000000000000000  0.000000000000000  0.000000000000000  1.000000000000000  0.010330114102676  1.000000000000000  0.424842499569325 
108.0    V  0.024097044146999  0.000000000000000  0.000000000000000  0.000000000000000  0.006228066222973  0.000000000000000  0.000000000000000  0.278548412704833  0.000000000000000  0.086090627898946  0.008716713455664  0.000000000000000  0.000000000000000  0.000000000000000  0.000000000000000  0.000000000000000  0.056133273305246  0.539988279916441  0.000000000000000  0.000000000000000  1.000000000000000  0.000000000000000  0.000000000000000  0.000000000000000  0.000000000000000  0.000000000000000  1.000000000000000  0.010337276874282  1.000000000000000  0.424842499569325 
109.0    A  0.521232880420561  0.000000000000000  0.000000000000000  0.007238969233519  0.000000000000000  0.046584699587466  0.000000000000000  0.000000000000000  0.043615961378818  0.079109787123142  0.000000000000000  0.000000000000000  0.000000000000000  0.017397212784823  0.017554685984869  0.044439919080852  0.209496783666987  0.013368672276291  0.000000000000000  0.000000000000000  1.000000000000000  0.000000000000000  0.000000000000000  0.000000000000000  0.000000000000000  0.000000000000000  1.000000000000000  0.013129902378645  1.000000000000000  0.424842499569325 
110.0    C  0.000000000000000  1.000000000000000  0.000000000000000  0.000000000000000  0.000000000000000  0.000000000000000  0.000000000000000  0.000000000000000  0.000000000000000  0.000000000000000  0.000000000000000  0.000000000000000  0.000000000000000  0.000000000000000  0.000000000000000  0.000000000000000  0.000000000000000  0.000000000000000  0.000000000000000  0.000000000000000  1.000000000000000  0.000000000000000  0.000000000000000  0.000000000000000  0.000000000000000  0.000000000000000  1.000000000000000  0.013102627881890  1.000000000000000  0.424842499569325 
111.0    E  0.014669871051804  0.000000000000000  0.217788548035564  0.364755086060044  0.000000000000000  0.005644259366889  0.009426905622818  0.006551313940945  0.034650020112596  0.007894151925678  0.005165057051338  0.093298648956060  0.003974530047276  0.037162722343835  0.057711394420587  0.064346255214625  0.017397212784823  0.053996136712517  0.005448217446681  0.000000000000000  0.705148980242195  0.294634851952921  0.000000000000000  0.149581120403839  0.850274160064196  0.000000000000000  1.000000000000000  0.013129902378645  0.123878695408010  0.424842499569325 
112.0    G  0.009492474936758  0.000000000000000  0.130760617474066  0.027546254934599  0.000000000000000  0.275476278969153  0.013630667277668  0.047530586038782  0.041781265481410  0.007345110957103  0.006973023214633  0.159651719899424  0.149166967878965  0.027223568504446  0.057711394420587  0.026700304402804  0.015030116479137  0.000000000000000  0.004013286872574  0.000000000000000  0.792234810924969  0.207617506022724  0.000000000000000  0.454704125900367  0.545253866332629  0.000000000000000  1.000000000000000  0.013230395505664  0.223756267731993  0.424842499569325 
113.0    N  0.005715121955876  0.000000000000000  0.030691862351981  0.050871449066902  0.021108970070869  0.192910021882367  0.011662331119507  0.000000000000000  0.077106698113094  0.048765342510856  0.014967737784730  0.172898828626371  0.000000000000000  0.083968964107581  0.028895727441053  0.010896434893363  0.020375792738415  0.000000000000000  0.018414678247058  0.210661707375788  0.532923368033971  0.006403160997168  0.460732093099352  0.259714775824416  0.740206649000025  0.850863729506541  0.149373900607098  0.016992006107108  0.477972658796871  0.409518348929914 
114.0    P  0.006670450893682  0.021418481327808  0.018529914053296  0.057831526752366  0.000000000000000  0.000000000000000  0.037733768483953  0.052738487258126  0.102521613899591  0.007812500000000  0.000000000000000  0.000000000000000  0.640823962080096  0.031554728049896  0.005083366622820  0.012551468699329  0.000000000000000  0.004562372635207  0.000000000000000  0.000000000000000  0.985549336939371  0.000000000000000  0.014700407929903  0.000000000000000  0.000000000000000  0.003642134712644  0.996540262827868  0.043858491438721  1.000000000000000  0.091886708524315 
115.0    Y  0.000000000000000  0.000000000000000  0.000000000000000  0.013221228071880  0.093234001668217  0.007780076196050  0.005154327776457  0.049755506173674  0.000000000000000  0.311650298568774  0.000000000000000  0.000000000000000  0.017217267435572  0.026006210459735  0.024552266145862  0.035648866120888  0.000000000000000  0.248101093671455  0.000000000000000  0.167705278110283  1.000000000000000  0.000000000000000  0.000000000000000  0.000000000000000  0.000000000000000  0.977385766410805  0.022483337187669  0.045911519789947  1.000000000000000  0.090433430366908 
116.0    V  0.022035905632569  0.000000000000000  0.000000000000000  0.000000000000000  0.021094343517543  0.040554336466849  0.000000000000000  0.084202098554106  0.039336161672027  0.185822873053877  0.002697801656531  0.000000000000000  0.007375722024611  0.017603425445270  0.026187097958373  0.000000000000000  0.000000000000000  0.430474594169452  0.065561832973434  0.057233355401133  1.000000000000000  0.000000000000000  0.000000000000000  0.000000000000000  0.000000000000000  0.348927691030542  0.651122094784514  0.017701310707747  1.000000000000000  0.487002134271620 
117.0    P  0.000000000000000  0.000000000000000  0.000000000000000  0.000000000000000  0.000000000000000  0.000000000000000  0.000000000000000  0.000000000000000  0.000000000000000  0.008578850107711  0.000000000000000  0.000000000000000  0.975355461527642  0.000000000000000  0.000000000000000  0.007391075365044  0.000000000000000  0.008361630456458  0.000000000000000  0.000000000000000  1.000000000000000  0.000000000000000  0.000000000000000  0.000000000000000  0.000000000000000  1.000000000000000  0.000000000000000  0.017566858184041  1.000000000000000  0.494485458190466 
118.0    V  0.021241066279793  0.018906157644051  0.035109371969739  0.000000000000000  0.000000000000000  0.000000000000000  0.016493026838093  0.042985681816867  0.000000000000000  0.000000000000000  0.000000000000000  0.024113752735296  0.000000000000000  0.000000000000000  0.000000000000000  0.000000000000000  0.019130256131253  0.812815601984320  0.000000000000000  0.009042892320235  1.000000000000000  0.000000000000000  0.000000000000000  0.000000000000000  0.000000000000000  0.000000000000000  0.000000000000000  0.017530366883289  1.000000000000000  1.000000000000000 
119.0    H  0.025577161924713  0.000000000000000  0.006642766875502  0.006551313940945  0.000000000000000  0.000000000000000  0.812815601984320  0.000000000000000  0.000000000000000  0.006564951189323  0.000000000000000  0.013377941946038  0.007401328676557  0.000000000000000  0.000000000000000  0.026848773592100  0.052410511527558  0.000000000000000  0.000000000000000  0.041984482053791  0.961260928388761  0.000000000000000  0.038687196588670  0.000000000000000  0.000000000000000  0.000000000000000  0.000000000000000  0.017445515030978  1.000000000000000  1.000000000000000 
120.0    F  0.000000000000000  0.000000000000000  0.000000000000000  0.000000000000000  0.383952567425525  0.000000000000000  0.000000000000000  0.055360469943898  0.000000000000000  0.389042588277709  0.000000000000000  0.000000000000000  0.000000000000000  0.000000000000000  0.000000000000000  0.000000000000000  0.000000000000000  0.053142135004012  0.009361789229214  0.109348095613228  1.000000000000000  0.000000000000000  0.000000000000000  1.000000000000000  0.000000000000000  1.000000000000000  0.000000000000000  0.017015578364627  0.428985265214345  0.428985265214345 
121.0    D  0.080996310339583  0.000000000000000  0.639936206922154  0.050275523183870  0.000000000000000  0.017325010056298  0.030798416779355  0.010103507280371  0.006546774489593  0.029977003728915  0.000000000000000  0.000000000000000  0.000000000000000  0.057591511637419  0.028047189083352  0.000000000000000  0.000000000000000  0.048394939240826  0.000000000000000  0.000000000000000  0.956608158091874  0.043284670878466  0.000000000000000  0.333324669272800  0.666649338545599  0.000000000000000  0.000000000000000  0.021403640311962  0.428985265214345  1.000000000000000 
122.0    A  0.110032376695394  0.000000000000000  0.012447501504462  0.125173406963917  0.003159692767038  0.366275218652834  0.000000000000000  0.000000000000000  0.147828875030518  0.016390458243359  0.000000000000000  0.006310631075075  0.015113692650218  0.025435724533451  0.088388347648318  0.045943354262158  0.031708204580653  0.000000000000000  0.005896195189533  0.000000000000000  0.970634469769547  0.029625842660270  0.000000000000000  0.221749076288037  0.778085176555419  0.000000000000000  0.000000000000000  0.021285281791258  0.461051558956316  1.000000000000000 
123.0    S  0.009407323290870  0.007089993400915  0.071992977646835  0.000000000000000  0.000000000000000  0.056877426505056  0.000000000000000  0.148444958259176  0.009532035236502  0.019117000642685  0.000000000000000  0.007899625631651  0.000000000000000  0.000000000000000  0.000000000000000  0.282632641781148  0.245194750997138  0.135841857815757  0.000000000000000  0.006078790441839  0.839149637106542  0.160762185428825  0.000000000000000  0.279709275258928  0.720464874418961  0.000000000000000  0.000000000000000  0.034172983046395  0.396392068305142  1.000000000000000 
124.0    V  0.018186352100033  0.000000000000000  0.000000000000000  0.016086563803656  0.214641359109438  0.000000000000000  0.017385158134138  0.093234001668217  0.062586703481958  0.069733707645310  0.000000000000000  0.015788303851356  0.000000000000000  0.030395467106634  0.000000000000000  0.000000000000000  0.024399577893981  0.409518348929914  0.000000000000000  0.028086097706595  1.000000000000000  0.000000000000000  0.000000000000000  1.000000000000000  0.000000000000000  0.000000000000000  0.000000000000000  0.066939426449466  1.000000000000000  1.000000000000000 
