No:  residues  hmm_col_1  hmm_col_2  hmm_col_3  hmm_col_4  hmm_col_5  hmm_col_6  hmm_col_7  hmm_col_8  hmm_col_9  hmm_col_10  hmm_col_11  hmm_col_12  hmm_col_13  hmm_col_14  hmm_col_15  hmm_col_16  hmm_col_17  hmm_col_18  hmm_col_19  hmm_col_20  hmm_col_21   hmm_col_22   hmm_col_23   hmm_col_24   hmm_col_25   hmm_col_26   hmm_col_27   hmm_col_28   hmm_col_29   hmm_col_30   
1.0    M  0.000000000000000  0.000000000000000  0.000000000000000  0.000000000000000  0.000000000000000  0.000000000000000  0.000000000000000  0.000000000000000  0.000000000000000  0.065018766657624  0.911933165519769  0.000000000000000  0.000000000000000  0.000000000000000  0.000000000000000  0.022813000166477  0.000000000000000  0.000000000000000  0.000000000000000  0.000000000000000  1.000000000000000  0.000000000000000  0.000000000000000  0.000000000000000  0.000000000000000  0.000000000000000  0.000000000000000  0.188286308329227  1.000000000000000  1.000000000000000 
2.0    S  0.028164076956588  0.000000000000000  0.000000000000000  0.000000000000000  0.000000000000000  0.000000000000000  0.065018766657624  0.000000000000000  0.000000000000000  0.000000000000000  0.000000000000000  0.027073026762503  0.000000000000000  0.000000000000000  0.000000000000000  0.853226098112067  0.026460791011329  0.000000000000000  0.000000000000000  0.000000000000000  1.000000000000000  0.000000000000000  0.000000000000000  0.000000000000000  0.000000000000000  0.000000000000000  0.000000000000000  0.188286308329227  1.000000000000000  1.000000000000000 
3.0    G  0.482968164462423  0.065018766657624  0.032986053676186  0.029646384848139  0.000000000000000  0.079936598829839  0.000000000000000  0.000000000000000  0.000000000000000  0.000000000000000  0.030905341136904  0.000000000000000  0.000000000000000  0.000000000000000  0.000000000000000  0.145188591490715  0.133323222603971  0.000000000000000  0.000000000000000  0.000000000000000  0.468460723436213  0.389042588277709  0.142397922152764  0.752623373705534  0.247585717983256  0.000000000000000  0.000000000000000  0.188286308329227  0.400534938794811  1.000000000000000 
4.0    G  0.076627178753322  0.000000000000000  0.000000000000000  0.000000000000000  0.000000000000000  0.293005570918628  0.000000000000000  0.000000000000000  0.000000000000000  0.000000000000000  0.000000000000000  0.000000000000000  0.219303387183206  0.105916554368265  0.035182455816774  0.269994139958221  0.000000000000000  0.000000000000000  0.000000000000000  0.000000000000000  1.000000000000000  0.000000000000000  0.000000000000000  0.000000000000000  0.000000000000000  0.000000000000000  1.000000000000000  0.194791144915125  1.000000000000000  0.465547409915115 
5.0    S  0.101884041550328  0.148239312426368  0.000000000000000  0.000000000000000  0.000000000000000  0.098209064583448  0.000000000000000  0.127361399577090  0.000000000000000  0.000000000000000  0.035921714001084  0.000000000000000  0.244177132240557  0.000000000000000  0.000000000000000  0.107544078826430  0.000000000000000  0.136597217387619  0.000000000000000  0.000000000000000  1.000000000000000  0.000000000000000  0.000000000000000  0.000000000000000  0.000000000000000  0.711531730617297  0.288371401265006  0.194791144915125  1.000000000000000  0.465547409915115 
6.0    S  0.182504001331815  0.028895727441053  0.027167017502813  0.027129382112533  0.000000000000000  0.071248329543341  0.000000000000000  0.068869069742288  0.000000000000000  0.000000000000000  0.000000000000000  0.049686578184311  0.027261334555336  0.206183387152520  0.000000000000000  0.162555018318560  0.148547888132117  0.000000000000000  0.000000000000000  0.000000000000000  0.849096246446840  0.000000000000000  0.151039730423743  0.000000000000000  0.000000000000000  0.000000000000000  1.000000000000000  0.176776695296637  1.000000000000000  0.496202187342909 
7.0    C  0.275476278969153  0.048127323389754  0.000000000000000  0.065199287095616  0.000000000000000  0.000000000000000  0.114466710802266  0.000000000000000  0.000000000000000  0.000000000000000  0.000000000000000  0.000000000000000  0.076893209046947  0.035822255804012  0.265723918589638  0.026607928367155  0.028716027608720  0.020992241026895  0.000000000000000  0.042071877164899  1.000000000000000  0.000000000000000  0.000000000000000  0.000000000000000  0.000000000000000  1.000000000000000  0.000000000000000  0.181494784987987  1.000000000000000  0.454704125900367 
8.0    S  0.000000000000000  0.000000000000000  0.000000000000000  0.000000000000000  0.033539383949795  0.087838668762920  0.017701310707747  0.000000000000000  0.125695072549809  0.000000000000000  0.000000000000000  0.079054971397121  0.026332713421973  0.289372554247531  0.198746312737244  0.119162318161020  0.022514527325593  0.000000000000000  0.000000000000000  0.000000000000000  1.000000000000000  0.000000000000000  0.000000000000000  0.000000000000000  0.000000000000000  0.000000000000000  0.000000000000000  0.174463845515271  1.000000000000000  1.000000000000000 
9.0    Q  0.138024855895387  0.000000000000000  0.000000000000000  0.024535253708549  0.084202098554106  0.000000000000000  0.000000000000000  0.024180703024100  0.000000000000000  0.036347501298370  0.000000000000000  0.020291228167654  0.066384949155961  0.285190928967106  0.055591187096119  0.025312608551001  0.194926210652831  0.027622735345740  0.000000000000000  0.017445515030978  0.866336856400087  0.133786087303328  0.000000000000000  0.576742802530011  0.423372656181264  0.000000000000000  0.000000000000000  0.174342958293801  0.458184322337676  1.000000000000000 
10.0    T  0.204333832122071  0.000000000000000  0.000000000000000  0.000000000000000  0.000000000000000  0.000000000000000  0.000000000000000  0.000000000000000  0.000000000000000  0.000000000000000  0.000000000000000  0.000000000000000  0.047071577082307  0.000000000000000  0.034410674940561  0.338916081700000  0.344123900397674  0.031120304784202  0.000000000000000  0.000000000000000  0.978741650397436  0.000000000000000  0.021582413252248  0.000000000000000  0.000000000000000  0.000000000000000  0.000000000000000  0.173980798978888  1.000000000000000  1.000000000000000 
11.0    P  0.039010329653175  0.019572881853502  0.000000000000000  0.053660339777360  0.000000000000000  0.000000000000000  0.019887420863687  0.050695447223565  0.094273754792911  0.052156830072213  0.000000000000000  0.000000000000000  0.089312133733818  0.250694108975269  0.000000000000000  0.096856991369896  0.177636505397670  0.056328153913177  0.000000000000000  0.000000000000000  1.000000000000000  0.000000000000000  0.000000000000000  0.000000000000000  0.000000000000000  0.000000000000000  1.000000000000000  0.187504873660727  1.000000000000000  0.500000000000000 
12.0    S  0.029873291174804  0.000000000000000  0.000000000000000  0.000000000000000  0.000000000000000  0.094077921713192  0.018478609378815  0.000000000000000  0.000000000000000  0.000000000000000  0.015832139064986  0.023067412588794  0.069733707645310  0.022892201165802  0.000000000000000  0.512278411516401  0.213750544472993  0.000000000000000  0.000000000000000  0.000000000000000  0.924022572446823  0.050380176968310  0.025594896808120  0.744838731561351  0.254899420749548  1.000000000000000  0.000000000000000  0.180866860733816  0.464258426153364  0.500000000000000 
13.0    R  0.038207508677877  0.090747392493993  0.000000000000000  0.022405550750247  0.000000000000000  0.000000000000000  0.042247213532129  0.000000000000000  0.160205990520024  0.025120343460723  0.000000000000000  0.000000000000000  0.070024325887136  0.152618314083642  0.306296332976169  0.022908074331081  0.000000000000000  0.019818615614467  0.000000000000000  0.049411819787746  1.000000000000000  0.000000000000000  0.000000000000000  0.000000000000000  0.000000000000000  0.000000000000000  1.000000000000000  0.155178436440764  1.000000000000000  0.494142825750366 
14.0    A  0.397768241877459  0.000000000000000  0.072745408400134  0.029137077701151  0.000000000000000  0.027280237222930  0.070024325887136  0.019090517213648  0.000000000000000  0.019130256131253  0.000000000000000  0.012242143546083  0.187504873660727  0.000000000000000  0.000000000000000  0.124567532853483  0.040779842115280  0.000000000000000  0.000000000000000  0.000000000000000  1.000000000000000  0.000000000000000  0.000000000000000  0.000000000000000  0.000000000000000  1.000000000000000  0.000000000000000  0.155178436440764  1.000000000000000  0.494142825750366 
15.0    I  0.000000000000000  0.000000000000000  0.000000000000000  0.000000000000000  0.000000000000000  0.000000000000000  0.000000000000000  0.763658748980350  0.000000000000000  0.037655384843587  0.037917298757772  0.000000000000000  0.088143622530274  0.000000000000000  0.000000000000000  0.000000000000000  0.000000000000000  0.072795849154279  0.000000000000000  0.000000000000000  1.000000000000000  0.000000000000000  0.000000000000000  0.000000000000000  0.000000000000000  0.000000000000000  0.000000000000000  0.154320325861692  1.000000000000000  1.000000000000000 
16.0    P  0.000000000000000  0.000000000000000  0.000000000000000  0.000000000000000  0.000000000000000  0.000000000000000  0.000000000000000  0.000000000000000  0.048697786228781  0.000000000000000  0.000000000000000  0.000000000000000  0.932386486436833  0.000000000000000  0.000000000000000  0.000000000000000  0.018632951130166  0.000000000000000  0.000000000000000  0.000000000000000  0.454704125900367  0.036498981081660  0.509092599882310  0.288171586699716  0.712025097798536  0.000000000000000  0.000000000000000  0.154320325861692  0.495514781632040  1.000000000000000 
17.0    A  0.280097303548544  0.035599480538191  0.000000000000000  0.000000000000000  0.114308136187488  0.033031813767543  0.000000000000000  0.139757731370733  0.000000000000000  0.000000000000000  0.034794425569646  0.000000000000000  0.000000000000000  0.000000000000000  0.000000000000000  0.157562923947873  0.034794425569646  0.170164264562434  0.000000000000000  0.000000000000000  0.345079338349157  0.144886993988057  0.510152329624229  1.000000000000000  0.000000000000000  0.928516852306729  0.071793647187315  0.169575540930959  0.480963727332387  0.309497572709361 
18.0    T  0.090810315598211  0.000000000000000  0.000000000000000  0.000000000000000  0.023357019509921  0.018814646581741  0.000000000000000  0.112969090843886  0.024860515117341  0.000000000000000  0.000000000000000  0.000000000000000  0.077589218220382  0.000000000000000  0.000000000000000  0.201940194402402  0.431969093700139  0.017762765206813  0.000000000000000  0.000000000000000  0.975355461527642  0.000000000000000  0.024860515117341  0.500000000000000  0.500000000000000  0.801069877589622  0.198884120938730  0.153786418093893  0.500000000000000  0.397492625474487 
19.0    R  0.096321388544801  0.000000000000000  0.000000000000000  0.000000000000000  0.000000000000000  0.000000000000000  0.000000000000000  0.000000000000000  0.266646445207941  0.000000000000000  0.000000000000000  0.000000000000000  0.000000000000000  0.000000000000000  0.636838737663250  0.000000000000000  0.000000000000000  0.000000000000000  0.000000000000000  0.000000000000000  1.000000000000000  0.000000000000000  0.000000000000000  0.000000000000000  0.000000000000000  0.285190928967106  0.714992493180845  0.148753962038334  1.000000000000000  0.474671060475260 
20.0    R  0.000000000000000  0.000000000000000  0.000000000000000  0.000000000000000  0.097463105326415  0.000000000000000  0.022374511581268  0.000000000000000  0.163119368461120  0.000000000000000  0.000000000000000  0.000000000000000  0.000000000000000  0.010979833595365  0.446892581178393  0.022686848123498  0.180366085857704  0.029482445340480  0.026460791011329  0.000000000000000  1.000000000000000  0.000000000000000  0.000000000000000  0.000000000000000  0.000000000000000  0.000000000000000  1.000000000000000  0.148033951481704  1.000000000000000  0.484309094613314 
21.0    V  0.000000000000000  0.000000000000000  0.045657636829552  0.030543305200338  0.000000000000000  0.000000000000000  0.000000000000000  0.250346813927834  0.000000000000000  0.107693269964002  0.066893043651664  0.000000000000000  0.000000000000000  0.000000000000000  0.000000000000000  0.000000000000000  0.000000000000000  0.498961359499525  0.000000000000000  0.000000000000000  1.000000000000000  0.000000000000000  0.000000000000000  0.099995016041594  0.900001929793512  1.000000000000000  0.000000000000000  0.148033951481704  0.495858365369147  0.484309094613314 
22.0    V  0.073709787016326  0.000000000000000  0.000000000000000  0.000000000000000  0.000000000000000  0.060833085884890  0.047530586038782  0.028125060306047  0.034602018265134  0.138216331665034  0.000000000000000  0.025295069267107  0.111259466656562  0.094273754792911  0.020847237026215  0.015570941606685  0.204901151909379  0.144886993988057  0.000000000000000  0.000000000000000  1.000000000000000  0.000000000000000  0.000000000000000  0.000000000000000  0.000000000000000  0.000000000000000  0.000000000000000  0.140632310586101  1.000000000000000  1.000000000000000 
23.0    L  0.060833085884890  0.000000000000000  0.000000000000000  0.021359178936591  0.000000000000000  0.000000000000000  0.000000000000000  0.521955963710860  0.000000000000000  0.158548924915733  0.000000000000000  0.000000000000000  0.000000000000000  0.000000000000000  0.030227385300435  0.028696130071904  0.000000000000000  0.178376813214735  0.000000000000000  0.000000000000000  1.000000000000000  0.000000000000000  0.000000000000000  0.000000000000000  0.000000000000000  0.000000000000000  0.000000000000000  0.140632310586101  1.000000000000000  1.000000000000000 
24.0    G  0.000000000000000  0.000000000000000  0.045373696246997  0.015208271471222  0.000000000000000  0.071446145963377  0.110032376695394  0.000000000000000  0.158439065254303  0.000000000000000  0.000000000000000  0.262975444800968  0.029873291174804  0.000000000000000  0.076468002570742  0.151459082553780  0.078781461973937  0.000000000000000  0.000000000000000  0.000000000000000  1.000000000000000  0.000000000000000  0.000000000000000  0.000000000000000  0.000000000000000  0.000000000000000  0.000000000000000  0.140632310586101  1.000000000000000  1.000000000000000 
25.0    D  0.000000000000000  0.000000000000000  0.683967651951245  0.037240080455439  0.000000000000000  0.000000000000000  0.047267749915124  0.000000000000000  0.095325103328518  0.000000000000000  0.000000000000000  0.045373696246997  0.000000000000000  0.000000000000000  0.025295069267107  0.065789447169340  0.000000000000000  0.000000000000000  0.000000000000000  0.000000000000000  0.983502074026248  0.016688522000748  0.000000000000000  1.000000000000000  0.000000000000000  0.000000000000000  0.000000000000000  0.140632310586101  0.500000000000000  1.000000000000000 
26.0    G  0.276049711790773  0.000000000000000  0.000000000000000  0.026424133980547  0.000000000000000  0.110797712399358  0.034482304376311  0.000000000000000  0.045373696246997  0.090621677054928  0.000000000000000  0.000000000000000  0.234230361718106  0.025295069267107  0.041550222130679  0.024843289092155  0.012976094126420  0.000000000000000  0.077374393177340  0.000000000000000  0.949342120950519  0.000000000000000  0.050660319992832  0.000000000000000  0.000000000000000  0.000000000000000  0.000000000000000  0.140632310586101  1.000000000000000  1.000000000000000 
27.0    V  0.158548924915733  0.081559684230560  0.028975954576108  0.012456132445946  0.000000000000000  0.000000000000000  0.000000000000000  0.072493728406590  0.026886019706607  0.000000000000000  0.000000000000000  0.141512362763834  0.000000000000000  0.000000000000000  0.000000000000000  0.342933322147649  0.095127086302460  0.039445376003504  0.000000000000000  0.000000000000000  1.000000000000000  0.000000000000000  0.000000000000000  0.000000000000000  0.000000000000000  0.387159513926610  0.612592665952338  0.144085793349858  1.000000000000000  0.487677730763821 
28.0    Q  0.017098339082199  0.000000000000000  0.108592773143828  0.149270398384324  0.000000000000000  0.000000000000000  0.103377921055408  0.000000000000000  0.000000000000000  0.000000000000000  0.028875705388963  0.000000000000000  0.097058609375130  0.447512535463986  0.000000000000000  0.000000000000000  0.000000000000000  0.048194088293998  0.000000000000000  0.000000000000000  0.935623497831400  0.000000000000000  0.064704057740086  0.000000000000000  0.000000000000000  0.000000000000000  1.000000000000000  0.143587294374629  1.000000000000000  0.495858365369147 
29.0    L  0.000000000000000  0.000000000000000  0.000000000000000  0.000000000000000  0.000000000000000  0.000000000000000  0.000000000000000  0.043980261728919  0.000000000000000  0.622005826649234  0.244685412599359  0.021702423996330  0.000000000000000  0.000000000000000  0.000000000000000  0.000000000000000  0.067732872927799  0.000000000000000  0.000000000000000  0.000000000000000  0.978063473447339  0.000000000000000  0.022250784306204  0.000000000000000  0.000000000000000  0.000000000000000  1.000000000000000  0.150935073935812  1.000000000000000  0.471719125447680 
30.0    P  0.083215725827273  0.000000000000000  0.000000000000000  0.000000000000000  0.000000000000000  0.000000000000000  0.000000000000000  0.053252755942179  0.000000000000000  0.000000000000000  0.022051185053261  0.000000000000000  0.841479482285381  0.000000000000000  0.000000000000000  0.000000000000000  0.000000000000000  0.000000000000000  0.000000000000000  0.000000000000000  0.281264621172202  0.000000000000000  0.718470088272032  0.000000000000000  0.000000000000000  0.175433965754884  0.824733548610081  0.151984910397887  1.000000000000000  0.464258426153364 
31.0    P  0.000000000000000  0.000000000000000  0.000000000000000  0.203626890767554  0.000000000000000  0.000000000000000  0.048799155787962  0.000000000000000  0.000000000000000  0.000000000000000  0.000000000000000  0.000000000000000  0.534773543942622  0.000000000000000  0.000000000000000  0.117684808067651  0.095061172077563  0.000000000000000  0.000000000000000  0.000000000000000  0.629814989973700  0.000000000000000  0.370103324500012  0.000000000000000  0.000000000000000  1.000000000000000  0.000000000000000  0.252788020212826  1.000000000000000  0.246216610723888 
32.0    G  0.121245238792717  0.000000000000000  0.172898828626371  0.040949793870574  0.000000000000000  0.086990399489444  0.201102092735479  0.090496135773722  0.000000000000000  0.027016788478371  0.029197729590099  0.058883204619051  0.000000000000000  0.018023212579063  0.000000000000000  0.153254357506645  0.000000000000000  0.000000000000000  0.000000000000000  0.000000000000000  1.000000000000000  0.000000000000000  0.000000000000000  0.000000000000000  0.000000000000000  1.000000000000000  0.000000000000000  0.192776353175993  1.000000000000000  0.453445164466571 
33.0    D  0.052084575447451  0.047169561516268  0.452816991508911  0.000000000000000  0.000000000000000  0.046359216682535  0.037059828106592  0.000000000000000  0.000000000000000  0.029339742103608  0.000000000000000  0.153893051668115  0.000000000000000  0.000000000000000  0.019383864026803  0.068251284109103  0.011493802701998  0.082070070339009  0.000000000000000  0.000000000000000  1.000000000000000  0.000000000000000  0.000000000000000  0.000000000000000  0.000000000000000  0.000000000000000  0.000000000000000  0.152195752332873  1.000000000000000  1.000000000000000 
34.0    Y  0.063022028430912  0.058435949859466  0.000000000000000  0.000000000000000  0.083388948104861  0.000000000000000  0.036957218757629  0.013066349998657  0.000000000000000  0.074583483939483  0.000000000000000  0.000000000000000  0.000000000000000  0.000000000000000  0.052084575447451  0.000000000000000  0.000000000000000  0.000000000000000  0.000000000000000  0.618566239343586  1.000000000000000  0.000000000000000  0.000000000000000  0.000000000000000  0.000000000000000  0.000000000000000  0.000000000000000  0.152195752332873  1.000000000000000  1.000000000000000 
35.0    S  0.063022028430912  0.131944214704746  0.000000000000000  0.000000000000000  0.000000000000000  0.059416193826864  0.000000000000000  0.036574957546081  0.000000000000000  0.000000000000000  0.000000000000000  0.000000000000000  0.000000000000000  0.038875364165577  0.052084575447451  0.618137630460476  0.000000000000000  0.000000000000000  0.000000000000000  0.000000000000000  1.000000000000000  0.000000000000000  0.000000000000000  0.000000000000000  0.000000000000000  0.000000000000000  0.000000000000000  0.152195752332873  1.000000000000000  1.000000000000000 
36.0    T  0.026830169888680  0.000000000000000  0.000000000000000  0.115262889739079  0.000000000000000  0.088633752229966  0.000000000000000  0.000000000000000  0.000000000000000  0.038875364165577  0.016481598704188  0.000000000000000  0.000000000000000  0.070170088879601  0.000000000000000  0.186080656895817  0.457549584063964  0.000000000000000  0.000000000000000  0.000000000000000  1.000000000000000  0.000000000000000  0.000000000000000  0.000000000000000  0.000000000000000  0.000000000000000  0.000000000000000  0.152195752332873  1.000000000000000  1.000000000000000 
37.0    T  0.000000000000000  0.000000000000000  0.000000000000000  0.000000000000000  0.000000000000000  0.000000000000000  0.000000000000000  0.000000000000000  0.000000000000000  0.000000000000000  0.000000000000000  0.000000000000000  0.000000000000000  0.045720975647010  0.043164826504496  0.075415244982548  0.835666958921854  0.000000000000000  0.000000000000000  0.000000000000000  1.000000000000000  0.000000000000000  0.000000000000000  0.000000000000000  0.000000000000000  0.000000000000000  0.000000000000000  0.175433965754884  1.000000000000000  1.000000000000000 
38.0    P  0.043164826504496  0.000000000000000  0.000000000000000  0.045720975647010  0.000000000000000  0.000000000000000  0.000000000000000  0.017122058850745  0.000000000000000  0.058274155402302  0.000000000000000  0.000000000000000  0.794434400096105  0.041263213781719  0.000000000000000  0.000000000000000  0.000000000000000  0.000000000000000  0.000000000000000  0.000000000000000  1.000000000000000  0.000000000000000  0.000000000000000  0.000000000000000  0.000000000000000  0.000000000000000  0.000000000000000  0.175433965754884  1.000000000000000  1.000000000000000 
39.0    G  0.000000000000000  0.000000000000000  0.000000000000000  0.000000000000000  0.000000000000000  0.912565488543452  0.000000000000000  0.000000000000000  0.000000000000000  0.054749894691695  0.000000000000000  0.012395841299862  0.000000000000000  0.000000000000000  0.020404059173264  0.000000000000000  0.000000000000000  0.000000000000000  0.000000000000000  0.000000000000000  0.958599438492977  0.041263213781719  0.000000000000000  0.250000000000000  0.750019494642909  0.000000000000000  0.000000000000000  0.175433965754884  0.494142825750366  1.000000000000000 
40.0    G  0.000000000000000  0.029894004940371  0.000000000000000  0.000000000000000  0.000000000000000  0.902500727462430  0.000000000000000  0.000000000000000  0.000000000000000  0.000000000000000  0.000000000000000  0.000000000000000  0.000000000000000  0.000000000000000  0.016653855251062  0.000000000000000  0.000000000000000  0.051118878659861  0.000000000000000  0.000000000000000  1.000000000000000  0.000000000000000  0.000000000000000  0.000000000000000  0.000000000000000  0.000000000000000  0.000000000000000  0.171229122495696  1.000000000000000  1.000000000000000 
41.0    T  0.106284270008024  0.000000000000000  0.000000000000000  0.000000000000000  0.000000000000000  0.000000000000000  0.000000000000000  0.000000000000000  0.000000000000000  0.000000000000000  0.000000000000000  0.000000000000000  0.000000000000000  0.000000000000000  0.000000000000000  0.074946244611945  0.819036697859828  0.000000000000000  0.000000000000000  0.000000000000000  1.000000000000000  0.000000000000000  0.000000000000000  0.000000000000000  0.000000000000000  0.000000000000000  0.000000000000000  0.171229122495696  1.000000000000000  1.000000000000000 
42.0    L  0.000000000000000  0.000000000000000  0.000000000000000  0.000000000000000  0.015920174947136  0.000000000000000  0.000000000000000  0.200823499189258  0.000000000000000  0.561360711036804  0.073863221683398  0.000000000000000  0.024382671255428  0.000000000000000  0.000000000000000  0.000000000000000  0.000000000000000  0.123792858991628  0.000000000000000  0.000000000000000  1.000000000000000  0.000000000000000  0.000000000000000  0.000000000000000  0.000000000000000  0.000000000000000  0.000000000000000  0.171229122495696  1.000000000000000  1.000000000000000 
43.0    F  0.000000000000000  0.044286168640882  0.000000000000000  0.000000000000000  0.470739232270603  0.000000000000000  0.000000000000000  0.000000000000000  0.000000000000000  0.000000000000000  0.000000000000000  0.000000000000000  0.000000000000000  0.000000000000000  0.000000000000000  0.000000000000000  0.000000000000000  0.000000000000000  0.000000000000000  0.484980955170867  1.000000000000000  0.000000000000000  0.000000000000000  0.000000000000000  0.000000000000000  0.000000000000000  0.000000000000000  0.167937928215162  1.000000000000000  1.000000000000000 
44.0    S  0.111491064927512  0.000000000000000  0.000000000000000  0.000000000000000  0.000000000000000  0.220675749072664  0.000000000000000  0.022204563174709  0.000000000000000  0.000000000000000  0.000000000000000  0.000000000000000  0.027680234971949  0.000000000000000  0.000000000000000  0.618137630460476  0.000000000000000  0.000000000000000  0.000000000000000  0.000000000000000  1.000000000000000  0.000000000000000  0.000000000000000  0.000000000000000  0.000000000000000  0.000000000000000  0.000000000000000  0.167937928215162  1.000000000000000  1.000000000000000 
45.0    T  0.085259239679960  0.000000000000000  0.000000000000000  0.000000000000000  0.036297147872679  0.000000000000000  0.022828818414776  0.021463066147338  0.000000000000000  0.000000000000000  0.043495199744722  0.000000000000000  0.000000000000000  0.000000000000000  0.000000000000000  0.000000000000000  0.768970415635134  0.021567458646822  0.000000000000000  0.000000000000000  1.000000000000000  0.000000000000000  0.000000000000000  0.000000000000000  0.000000000000000  0.000000000000000  0.000000000000000  0.167356907122305  1.000000000000000  1.000000000000000 
46.0    T  0.000000000000000  0.000000000000000  0.000000000000000  0.000000000000000  0.025102937398657  0.000000000000000  0.038287041622021  0.000000000000000  0.000000000000000  0.000000000000000  0.000000000000000  0.000000000000000  0.021657341963288  0.000000000000000  0.000000000000000  0.025190088484155  0.890075733252496  0.000000000000000  0.000000000000000  0.000000000000000  1.000000000000000  0.000000000000000  0.000000000000000  0.000000000000000  0.000000000000000  0.000000000000000  0.000000000000000  0.164367845025634  1.000000000000000  1.000000000000000 
47.0    P  0.000000000000000  0.000000000000000  0.000000000000000  0.000000000000000  0.000000000000000  0.000000000000000  0.000000000000000  0.000000000000000  0.000000000000000  0.059954007457829  0.000000000000000  0.000000000000000  0.857970530428691  0.025102937398657  0.035231262879544  0.000000000000000  0.000000000000000  0.021463066147338  0.000000000000000  0.000000000000000  1.000000000000000  0.000000000000000  0.000000000000000  0.000000000000000  0.000000000000000  0.000000000000000  0.000000000000000  0.164367845025634  1.000000000000000  1.000000000000000 
48.0    G  0.000000000000000  0.041550222130679  0.026387527731993  0.000000000000000  0.000000000000000  0.909408251800733  0.000000000000000  0.000000000000000  0.000000000000000  0.000000000000000  0.000000000000000  0.000000000000000  0.022561393680039  0.000000000000000  0.000000000000000  0.000000000000000  0.000000000000000  0.000000000000000  0.000000000000000  0.000000000000000  1.000000000000000  0.000000000000000  0.000000000000000  0.000000000000000  0.000000000000000  0.000000000000000  0.000000000000000  0.183391668020915  1.000000000000000  1.000000000000000 
49.0    G  0.000000000000000  0.000000000000000  0.000000000000000  0.000000000000000  0.000000000000000  0.953959550547558  0.000000000000000  0.000000000000000  0.000000000000000  0.000000000000000  0.000000000000000  0.000000000000000  0.000000000000000  0.000000000000000  0.023997035464095  0.000000000000000  0.000000000000000  0.000000000000000  0.021853376292788  0.000000000000000  0.970634469769547  0.029096713119695  0.000000000000000  1.000000000000000  0.000000000000000  0.000000000000000  0.000000000000000  0.172779025816073  0.496890546661277  1.000000000000000 
50.0    T  0.000000000000000  0.000000000000000  0.000000000000000  0.000000000000000  0.000000000000000  0.000000000000000  0.029096713119695  0.000000000000000  0.000000000000000  0.000000000000000  0.000000000000000  0.044687030823803  0.000000000000000  0.000000000000000  0.000000000000000  0.033008925792246  0.886996305152150  0.006363340336486  0.000000000000000  0.000000000000000  0.965936328924846  0.033796086358863  0.000000000000000  1.000000000000000  0.000000000000000  0.000000000000000  0.000000000000000  0.172779025816073  0.496202187342909  1.000000000000000 
51.0    R  0.000000000000000  0.000000000000000  0.000000000000000  0.000000000000000  0.000000000000000  0.000000000000000  0.000000000000000  0.000000000000000  0.215386539928004  0.000000000000000  0.000000000000000  0.000000000000000  0.000000000000000  0.036778335538086  0.747942879181195  0.000000000000000  0.000000000000000  0.000000000000000  0.000000000000000  0.000000000000000  1.000000000000000  0.000000000000000  0.000000000000000  0.000000000000000  0.000000000000000  0.000000000000000  0.000000000000000  0.172420115228383  1.000000000000000  1.000000000000000 
52.0    I  0.000000000000000  0.000000000000000  0.000000000000000  0.000000000000000  0.000000000000000  0.000000000000000  0.000000000000000  0.828744904487992  0.000000000000000  0.135371880690741  0.000000000000000  0.000000000000000  0.000000000000000  0.000000000000000  0.021883692513863  0.000000000000000  0.014091802787223  0.000000000000000  0.000000000000000  0.000000000000000  1.000000000000000  0.000000000000000  0.000000000000000  0.000000000000000  0.000000000000000  0.000000000000000  0.000000000000000  0.164709993966768  1.000000000000000  1.000000000000000 
53.0    I  0.000000000000000  0.000000000000000  0.029116888415774  0.000000000000000  0.035946621667206  0.000000000000000  0.000000000000000  0.626332219312064  0.015854102290326  0.000000000000000  0.000000000000000  0.000000000000000  0.000000000000000  0.000000000000000  0.000000000000000  0.023601134149419  0.031077192771038  0.223136742868244  0.000000000000000  0.015113692650218  1.000000000000000  0.000000000000000  0.000000000000000  0.000000000000000  0.000000000000000  0.000000000000000  0.000000000000000  0.164709993966768  1.000000000000000  1.000000000000000 
54.0    Y  0.000000000000000  0.033913417871306  0.000000000000000  0.000000000000000  0.000000000000000  0.000000000000000  0.000000000000000  0.000000000000000  0.000000000000000  0.000000000000000  0.000000000000000  0.000000000000000  0.000000000000000  0.000000000000000  0.000000000000000  0.000000000000000  0.000000000000000  0.000000000000000  0.000000000000000  0.965936328924846  1.000000000000000  0.000000000000000  0.000000000000000  0.000000000000000  0.000000000000000  0.000000000000000  0.000000000000000  0.164709993966768  1.000000000000000  1.000000000000000 
55.0    D  0.008789519411631  0.000000000000000  0.583579050909234  0.222056698960601  0.000000000000000  0.000000000000000  0.000000000000000  0.000000000000000  0.000000000000000  0.000000000000000  0.000000000000000  0.031077192771038  0.029116888415774  0.000000000000000  0.000000000000000  0.023601134149419  0.070024325887136  0.000000000000000  0.000000000000000  0.031752191968553  1.000000000000000  0.000000000000000  0.000000000000000  0.000000000000000  0.000000000000000  0.000000000000000  0.000000000000000  0.164709993966768  1.000000000000000  1.000000000000000 
56.0    R  0.000000000000000  0.000000000000000  0.000000000000000  0.000000000000000  0.000000000000000  0.000000000000000  0.000000000000000  0.000000000000000  0.030458738465361  0.023650262390150  0.000000000000000  0.000000000000000  0.000000000000000  0.000000000000000  0.913831450229400  0.000000000000000  0.000000000000000  0.031752191968553  0.000000000000000  0.000000000000000  1.000000000000000  0.000000000000000  0.000000000000000  0.000000000000000  0.000000000000000  0.000000000000000  0.000000000000000  0.164709993966768  1.000000000000000  1.000000000000000 
57.0    K  0.116306207212877  0.000000000000000  0.167125061925642  0.000000000000000  0.000000000000000  0.000000000000000  0.000000000000000  0.000000000000000  0.394746943350277  0.079164640857701  0.000000000000000  0.123878695408010  0.000000000000000  0.033889919026346  0.000000000000000  0.062326953209504  0.022624033943431  0.000000000000000  0.000000000000000  0.000000000000000  1.000000000000000  0.000000000000000  0.000000000000000  0.000000000000000  0.000000000000000  0.000000000000000  0.000000000000000  0.164709993966768  1.000000000000000  1.000000000000000 
58.0    F  0.032735503971869  0.000000000000000  0.000000000000000  0.023601134149419  0.765778998547191  0.000000000000000  0.000000000000000  0.000000000000000  0.009999003233159  0.000000000000000  0.012762015486094  0.000000000000000  0.000000000000000  0.000000000000000  0.000000000000000  0.048127323389754  0.044163551371335  0.000000000000000  0.000000000000000  0.062847536274904  1.000000000000000  0.000000000000000  0.000000000000000  0.000000000000000  0.000000000000000  0.000000000000000  0.000000000000000  0.164709993966768  1.000000000000000  1.000000000000000 
59.0    L  0.000000000000000  0.000000000000000  0.000000000000000  0.000000000000000  0.000000000000000  0.000000000000000  0.000000000000000  0.055437269072009  0.000000000000000  0.881480157907170  0.063284675459406  0.000000000000000  0.000000000000000  0.000000000000000  0.000000000000000  0.000000000000000  0.000000000000000  0.000000000000000  0.000000000000000  0.000000000000000  1.000000000000000  0.000000000000000  0.000000000000000  0.000000000000000  0.000000000000000  0.000000000000000  0.000000000000000  0.164709993966768  1.000000000000000  1.000000000000000 
60.0    M  0.000000000000000  0.000000000000000  0.000000000000000  0.000000000000000  0.000000000000000  0.000000000000000  0.000000000000000  0.000000000000000  0.084670311092835  0.693996359507796  0.221288441144886  0.000000000000000  0.000000000000000  0.000000000000000  0.000000000000000  0.000000000000000  0.000000000000000  0.000000000000000  0.000000000000000  0.000000000000000  1.000000000000000  0.000000000000000  0.000000000000000  0.000000000000000  0.000000000000000  0.000000000000000  0.000000000000000  0.164709993966768  1.000000000000000  1.000000000000000 
61.0    E  0.048127323389754  0.000000000000000  0.124567532853483  0.318640156829816  0.000000000000000  0.000000000000000  0.030969673852002  0.000000000000000  0.011033237534256  0.021883692513863  0.000000000000000  0.165167300707283  0.000000000000000  0.133415667254995  0.079164640857701  0.066985841408518  0.000000000000000  0.000000000000000  0.000000000000000  0.000000000000000  1.000000000000000  0.000000000000000  0.000000000000000  0.000000000000000  0.000000000000000  0.000000000000000  0.000000000000000  0.164709993966768  1.000000000000000  1.000000000000000 
62.0    C  0.000000000000000  0.335875856430324  0.000000000000000  0.000000000000000  0.048127323389754  0.000000000000000  0.000000000000000  0.042247213532129  0.000000000000000  0.283024725527668  0.105550110927973  0.000000000000000  0.000000000000000  0.000000000000000  0.088327102742671  0.000000000000000  0.000000000000000  0.000000000000000  0.000000000000000  0.096991356784357  1.000000000000000  0.000000000000000  0.000000000000000  0.000000000000000  0.000000000000000  0.000000000000000  0.000000000000000  0.164709993966768  1.000000000000000  1.000000000000000 
63.0    R  0.023601134149419  0.035946621667206  0.000000000000000  0.000000000000000  0.000000000000000  0.000000000000000  0.000000000000000  0.000000000000000  0.195602945434128  0.000000000000000  0.000000000000000  0.000000000000000  0.000000000000000  0.031752191968553  0.713012858682070  0.000000000000000  0.000000000000000  0.000000000000000  0.000000000000000  0.000000000000000  1.000000000000000  0.000000000000000  0.000000000000000  0.000000000000000  0.000000000000000  0.000000000000000  0.000000000000000  0.164709993966768  1.000000000000000  1.000000000000000 
64.0    N  0.000000000000000  0.000000000000000  0.131578894338680  0.000000000000000  0.000000000000000  0.052921582022658  0.030969673852002  0.000000000000000  0.000000000000000  0.031077192771038  0.000000000000000  0.611320138846034  0.000000000000000  0.025085543397374  0.007845058931554  0.088327102742671  0.021050524638526  0.000000000000000  0.000000000000000  0.000000000000000  1.000000000000000  0.000000000000000  0.000000000000000  0.000000000000000  0.000000000000000  0.000000000000000  0.000000000000000  0.164709993966768  1.000000000000000  1.000000000000000 
65.0    S  0.000000000000000  0.000000000000000  0.000000000000000  0.000000000000000  0.000000000000000  0.000000000000000  0.055552667572911  0.000000000000000  0.000000000000000  0.000000000000000  0.000000000000000  0.000000000000000  0.000000000000000  0.000000000000000  0.000000000000000  0.944747040997206  0.000000000000000  0.000000000000000  0.000000000000000  0.000000000000000  1.000000000000000  0.000000000000000  0.000000000000000  0.000000000000000  0.000000000000000  0.000000000000000  0.000000000000000  0.164709993966768  1.000000000000000  1.000000000000000 
66.0    P  0.000000000000000  0.000000000000000  0.000000000000000  0.000000000000000  0.000000000000000  0.000000000000000  0.029116888415774  0.000000000000000  0.000000000000000  0.000000000000000  0.000000000000000  0.000000000000000  0.933032991536807  0.000000000000000  0.000000000000000  0.000000000000000  0.011343424061749  0.026405824512891  0.000000000000000  0.000000000000000  1.000000000000000  0.000000000000000  0.000000000000000  0.000000000000000  0.000000000000000  0.000000000000000  0.000000000000000  0.164709993966768  1.000000000000000  1.000000000000000 
67.0    V  0.103091693576260  0.000000000000000  0.000000000000000  0.000000000000000  0.000000000000000  0.000000000000000  0.013230395505664  0.175677337525840  0.000000000000000  0.349896466398799  0.155178436440764  0.000000000000000  0.000000000000000  0.000000000000000  0.000000000000000  0.000000000000000  0.071793647187315  0.105550110927973  0.000000000000000  0.025612643988672  1.000000000000000  0.000000000000000  0.000000000000000  0.000000000000000  0.000000000000000  0.000000000000000  0.000000000000000  0.164709993966768  1.000000000000000  1.000000000000000 
68.0    T  0.431071772508798  0.000000000000000  0.000000000000000  0.000000000000000  0.000000000000000  0.000000000000000  0.000000000000000  0.000000000000000  0.000000000000000  0.000000000000000  0.000000000000000  0.000000000000000  0.000000000000000  0.000000000000000  0.000000000000000  0.442883759551180  0.090183042928852  0.035871950432969  0.000000000000000  0.000000000000000  1.000000000000000  0.000000000000000  0.000000000000000  0.000000000000000  0.000000000000000  0.000000000000000  0.000000000000000  0.164709993966768  1.000000000000000  1.000000000000000 
69.0    K  0.000000000000000  0.000000000000000  0.000000000000000  0.000000000000000  0.000000000000000  0.000000000000000  0.000000000000000  0.000000000000000  0.244855074396732  0.045784402331604  0.000000000000000  0.034602018265134  0.000000000000000  0.249135065706967  0.425431864753270  0.000000000000000  0.000000000000000  0.000000000000000  0.000000000000000  0.000000000000000  1.000000000000000  0.000000000000000  0.000000000000000  0.000000000000000  0.000000000000000  0.000000000000000  0.000000000000000  0.164709993966768  1.000000000000000  1.000000000000000 
70.0    T  0.000000000000000  0.000000000000000  0.000000000000000  0.000000000000000  0.000000000000000  0.030948214747907  0.000000000000000  0.013193763865997  0.000000000000000  0.000000000000000  0.000000000000000  0.000000000000000  0.000000000000000  0.000000000000000  0.023633874957562  0.134530015597975  0.749499800877774  0.048127323389754  0.000000000000000  0.000000000000000  0.982139595263391  0.017998244411709  0.000000000000000  1.000000000000000  0.000000000000000  0.000000000000000  0.000000000000000  0.164709993966768  0.497579860910041  1.000000000000000 
71.0    P  0.048127323389754  0.000000000000000  0.000000000000000  0.000000000000000  0.000000000000000  0.000000000000000  0.000000000000000  0.000000000000000  0.030948214747907  0.000000000000000  0.000000000000000  0.000000000000000  0.920825697205040  0.000000000000000  0.000000000000000  0.000000000000000  0.000000000000000  0.000000000000000  0.000000000000000  0.000000000000000  0.993781093322555  0.000000000000000  0.006228066222973  0.000000000000000  0.000000000000000  0.000000000000000  0.000000000000000  0.164709993966768  1.000000000000000  1.000000000000000 
72.0    P  0.000000000000000  0.000000000000000  0.000000000000000  0.000000000000000  0.000000000000000  0.000000000000000  0.000000000000000  0.000000000000000  0.000000000000000  0.000000000000000  0.000000000000000  0.000000000000000  1.000000000000000  0.000000000000000  0.000000000000000  0.000000000000000  0.000000000000000  0.000000000000000  0.000000000000000  0.000000000000000  0.872967591133763  0.041926319527571  0.084846561242500  0.666187412546011  0.333787075823977  1.000000000000000  0.000000000000000  0.164481815628626  0.482299092292069  0.500000000000000 
73.0    R  0.021883692513863  0.300617312224544  0.000000000000000  0.000000000000000  0.000000000000000  0.000000000000000  0.000000000000000  0.025844480263852  0.160205990520024  0.030101934188130  0.000000000000000  0.021344379011787  0.061128967090459  0.000000000000000  0.144085793349858  0.174827010342308  0.021285281791258  0.015810206266046  0.000000000000000  0.022860487823505  1.000000000000000  0.000000000000000  0.000000000000000  0.000000000000000  0.000000000000000  1.000000000000000  0.000000000000000  0.181243354109856  1.000000000000000  0.462331639056850 
74.0    D  0.014639397607382  0.183010711993203  0.168170901065228  0.033842970172685  0.023584780758134  0.049962864397030  0.099304300012013  0.000000000000000  0.015103220266640  0.000000000000000  0.000000000000000  0.257028456664017  0.000000000000000  0.026150820083856  0.018736561152986  0.089746531913965  0.008326927625531  0.000000000000000  0.000000000000000  0.012421644546078  0.976708528962227  0.000000000000000  0.023373214974412  0.000000000000000  0.000000000000000  0.000000000000000  0.000000000000000  0.164709993966768  1.000000000000000  1.000000000000000 
75.0    L  0.000000000000000  0.000000000000000  0.000000000000000  0.000000000000000  0.028340322779161  0.000000000000000  0.000000000000000  0.040836414184162  0.000000000000000  0.768970415635134  0.118503370641081  0.000000000000000  0.000000000000000  0.000000000000000  0.000000000000000  0.000000000000000  0.015711884068726  0.027757087370075  0.000000000000000  0.000000000000000  1.000000000000000  0.000000000000000  0.000000000000000  0.000000000000000  0.000000000000000  0.000000000000000  1.000000000000000  0.167937928215162  1.000000000000000  0.492774668469685 
76.0    P  0.071297732241776  0.000000000000000  0.028340322779161  0.000000000000000  0.000000000000000  0.000000000000000  0.000000000000000  0.036473690681827  0.000000000000000  0.015711884068726  0.000000000000000  0.022452190258501  0.798298386356650  0.000000000000000  0.000000000000000  0.000000000000000  0.027167017502813  0.000000000000000  0.000000000000000  0.000000000000000  0.927230546435463  0.067311648512066  0.005636440183053  0.166316130135086  0.833931043824964  1.000000000000000  0.000000000000000  0.167937928215162  0.464258426153364  0.492774668469685 
77.0    T  0.021657341963288  0.000000000000000  0.091823039579894  0.000000000000000  0.014629253866164  0.032195436050627  0.037786114869793  0.054484889971066  0.000000000000000  0.020775111065339  0.000000000000000  0.204192247777506  0.049377581991461  0.096388176587996  0.000000000000000  0.111028349480301  0.145289263439765  0.092397651954615  0.000000000000000  0.027930786323650  1.000000000000000  0.000000000000000  0.000000000000000  0.000000000000000  0.000000000000000  0.000000000000000  1.000000000000000  0.167705278110283  1.000000000000000  0.500000000000000 
78.0    I  0.022097086912080  0.000000000000000  0.000000000000000  0.000000000000000  0.030862526920168  0.000000000000000  0.000000000000000  0.737645728541420  0.000000000000000  0.062456693311903  0.020760715845258  0.000000000000000  0.000000000000000  0.000000000000000  0.000000000000000  0.025524030972188  0.036676505571292  0.063946091858402  0.000000000000000  0.000000000000000  0.918276162300924  0.081446696835206  0.000000000000000  0.068726009332159  0.931094819830229  1.000000000000000  0.000000000000000  0.161880374856803  0.458819941155683  0.500000000000000 
79.0    P  0.029462016747445  0.000000000000000  0.000000000000000  0.000000000000000  0.000000000000000  0.000000000000000  0.000000000000000  0.019209982300853  0.023324662239015  0.032735503971869  0.000000000000000  0.000000000000000  0.820172911196726  0.034339194299277  0.026979361205450  0.000000000000000  0.013744516811288  0.000000000000000  0.000000000000000  0.000000000000000  1.000000000000000  0.000000000000000  0.000000000000000  0.000000000000000  0.000000000000000  0.000000000000000  0.000000000000000  0.155070912214424  1.000000000000000  1.000000000000000 
80.0    G  0.028301061969307  0.000000000000000  0.066384949155961  0.142397922152764  0.000000000000000  0.608361179317034  0.016550286479436  0.000000000000000  0.000000000000000  0.000000000000000  0.000000000000000  0.000000000000000  0.000000000000000  0.043254678626609  0.042777619159120  0.051976381148432  0.000000000000000  0.000000000000000  0.000000000000000  0.000000000000000  1.000000000000000  0.000000000000000  0.000000000000000  0.000000000000000  0.000000000000000  0.000000000000000  0.000000000000000  0.152618314083642  1.000000000000000  1.000000000000000 
81.0    V  0.067779838052691  0.000000000000000  0.000000000000000  0.022828818414776  0.000000000000000  0.000000000000000  0.000000000000000  0.093687475109722  0.025612643988672  0.027054267672489  0.000000000000000  0.039527485698561  0.000000000000000  0.027185854772145  0.000000000000000  0.013276328111541  0.030649343874642  0.652477473844479  0.000000000000000  0.000000000000000  1.000000000000000  0.000000000000000  0.000000000000000  0.000000000000000  0.000000000000000  0.000000000000000  0.000000000000000  0.158548924915733  1.000000000000000  1.000000000000000 
82.0    T  0.027299152997397  0.000000000000000  0.000000000000000  0.000000000000000  0.020674553748564  0.000000000000000  0.000000000000000  0.036498981081660  0.045216715183454  0.072493728406590  0.000000000000000  0.000000000000000  0.000000000000000  0.037162722343835  0.000000000000000  0.000000000000000  0.760489376620505  0.000000000000000  0.000000000000000  0.000000000000000  1.000000000000000  0.000000000000000  0.000000000000000  0.000000000000000  0.000000000000000  0.000000000000000  0.000000000000000  0.153573372555706  1.000000000000000  1.000000000000000 
83.0    S  0.119079749755492  0.055552667572911  0.000000000000000  0.000000000000000  0.037707622491274  0.000000000000000  0.000000000000000  0.014101573866600  0.054749894691695  0.123792858991628  0.044563303667629  0.000000000000000  0.072644631719882  0.000000000000000  0.024688790995731  0.316658563430804  0.104675810938553  0.031862427593693  0.000000000000000  0.000000000000000  0.991029563264079  0.000000000000000  0.008813922948879  0.000000000000000  0.000000000000000  0.000000000000000  0.000000000000000  0.153573372555706  1.000000000000000  1.000000000000000 
84.0    P  0.029769937438873  0.000000000000000  0.046843737554861  0.032195436050627  0.000000000000000  0.000000000000000  0.000000000000000  0.083794536973771  0.058112808913323  0.039609766313576  0.000000000000000  0.029177498278604  0.535144349213312  0.018414678247058  0.047234997759882  0.040079268836320  0.000000000000000  0.039774841727373  0.000000000000000  0.000000000000000  0.966606097064973  0.033632503899494  0.000000000000000  0.111105335145821  0.888842681166570  0.000000000000000  1.000000000000000  0.150621539374348  0.495858365369147  0.499653546495226 
85.0    S  0.105550110927973  0.016277241078253  0.037188490509584  0.062716984281844  0.000000000000000  0.205897754316893  0.000000000000000  0.000000000000000  0.009538644630228  0.016086563803656  0.000000000000000  0.066109435226152  0.237664775307455  0.043164826504496  0.057114465639338  0.115743252815915  0.000000000000000  0.026848773592100  0.000000000000000  0.000000000000000  0.938871747315452  0.000000000000000  0.061001985048514  0.000000000000000  0.000000000000000  0.000000000000000  1.000000000000000  0.144686277123765  1.000000000000000  0.486664687079119 
86.0    S  0.042866665268456  0.000000000000000  0.038553349056547  0.102735023411856  0.015964376292411  0.065607292726442  0.000000000000000  0.019763742849280  0.098005056759467  0.069975805540890  0.000000000000000  0.037008487870426  0.018325546081748  0.056719947207323  0.000000000000000  0.180491149440312  0.221135108832885  0.032849153408991  0.000000000000000  0.000000000000000  0.936921446872426  0.062760471452436  0.000000000000000  0.778624691061662  0.221288441144886  0.250346813927834  0.749499800877774  0.141905262768258  0.487002134271620  0.460093825312437 
87.0    D  0.116548310804604  0.000000000000000  0.143886186415970  0.026024242840017  0.000000000000000  0.029769937438873  0.089684345912919  0.000000000000000  0.091632297324326  0.087534770055450  0.011825131195075  0.052229184932616  0.101320639985664  0.035451733904249  0.035060733766578  0.046327094056339  0.066893043651664  0.065835064747177  0.000000000000000  0.000000000000000  0.973329374158238  0.000000000000000  0.026497498894786  0.000000000000000  0.000000000000000  0.000000000000000  1.000000000000000  0.081446696835206  1.000000000000000  0.471719125447680 
88.0    E  0.063153215405423  0.000000000000000  0.084435880283477  0.206326352128164  0.000000000000000  0.030777076340486  0.054901904264898  0.057312752700292  0.049859077488065  0.016187230680625  0.000000000000000  0.052848267961095  0.154427329640866  0.000000000000000  0.033077637339848  0.099649059567567  0.082870360018666  0.014150530984653  0.000000000000000  0.000000000000000  0.691116103264291  0.275667290767228  0.033446521825832  0.383154990051946  0.616853584904748  0.706616821941365  0.293615492803413  0.099787298294581  0.416676603579609  0.463294030945185 
89.0    P  0.015953314464175  0.000000000000000  0.027930786323650  0.162780523696129  0.000000000000000  0.000000000000000  0.000000000000000  0.077428043611494  0.153042049050026  0.130488990927715  0.000000000000000  0.000000000000000  0.212126975426474  0.030841142058933  0.000000000000000  0.094339123032535  0.043555538708983  0.051510130309578  0.000000000000000  0.000000000000000  0.734584316639154  0.162217345867398  0.103163176064082  0.500000000000000  0.500000000000000  0.157235621479502  0.842646829503152  0.116629123942101  0.450937689191125  0.445346450303340 
90.0    P  0.018135998662246  0.000000000000000  0.178748123295211  0.084494427064258  0.000000000000000  0.017762765206813  0.000000000000000  0.101461197622160  0.148136596367698  0.070170088879601  0.000000000000000  0.103952762296863  0.095921631000055  0.000000000000000  0.018478609378815  0.019532223477894  0.095457343622544  0.047794883683837  0.000000000000000  0.000000000000000  1.000000000000000  0.000000000000000  0.000000000000000  0.000000000000000  0.000000000000000  0.095523532547823  0.904379377561088  0.106949378210325  1.000000000000000  0.421323414751576 
91.0    M  0.045784402331604  0.000000000000000  0.000000000000000  0.041665583659100  0.000000000000000  0.000000000000000  0.030039404012149  0.094404536597677  0.204617295397701  0.032061817041786  0.017960857000542  0.103020260619155  0.216284172646247  0.019143520811011  0.021108970070869  0.085318357367823  0.075102253095428  0.013555291986751  0.000000000000000  0.000000000000000  0.886996305152150  0.113282742283417  0.000000000000000  0.589269703905841  0.410655350376033  0.496546247718518  0.503477775028359  0.104313660144426  0.467811748915700  0.428985265214345 
92.0    E  0.087899574994570  0.000000000000000  0.027299152997397  0.285784583853509  0.000000000000000  0.000000000000000  0.071843428002167  0.026296233821418  0.088756709908964  0.059087632296921  0.000000000000000  0.022051185053261  0.000000000000000  0.060706718471352  0.064301669243348  0.057432055217441  0.030522141530070  0.118093380124651  0.000000000000000  0.000000000000000  1.000000000000000  0.000000000000000  0.000000000000000  0.000000000000000  0.000000000000000  0.892546971472977  0.107618648542363  0.099166730398893  1.000000000000000  0.466516495768404 
93.0    A  0.142003658098336  0.000000000000000  0.000000000000000  0.126657112519886  0.037214276542655  0.032106294980593  0.049617745683228  0.000000000000000  0.031293351740979  0.011907381487029  0.039064446955788  0.053958722410901  0.041752314949691  0.040358042196948  0.000000000000000  0.049104532291724  0.140534865472327  0.188678246065070  0.000000000000000  0.015755507107728  0.988285651500733  0.011751591807724  0.000000000000000  1.000000000000000  0.000000000000000  0.000000000000000  1.000000000000000  0.098005056759467  0.500000000000000  0.500000000000000 
94.0    S  0.021418481327808  0.068015152604425  0.055668306287918  0.199298119135134  0.000000000000000  0.023715925827720  0.024382671255428  0.000000000000000  0.207905524593727  0.000000000000000  0.000000000000000  0.114466710802266  0.050871449066902  0.000000000000000  0.000000000000000  0.186080656895817  0.048194088293998  0.000000000000000  0.000000000000000  0.000000000000000  0.866937563514687  0.000000000000000  0.133046272806670  0.000000000000000  0.000000000000000  0.000000000000000  1.000000000000000  0.098005056759467  1.000000000000000  0.500000000000000 
95.0    Q  0.086869888740146  0.000000000000000  0.000000000000000  0.000000000000000  0.000000000000000  0.093298648956060  0.000000000000000  0.042188687035086  0.093234001668217  0.175069540110901  0.000000000000000  0.115582909764212  0.078563335907614  0.113912660079643  0.057711394420587  0.031928752584822  0.034987902770445  0.076680311078363  0.000000000000000  0.000000000000000  1.000000000000000  0.000000000000000  0.000000000000000  0.000000000000000  0.000000000000000  0.000000000000000  1.000000000000000  0.107544078826430  1.000000000000000  0.446892581178393 
96.0    S  0.030862526920168  0.000000000000000  0.000000000000000  0.258457684061991  0.000000000000000  0.078726873746712  0.000000000000000  0.000000000000000  0.107395094368398  0.012560171730362  0.000000000000000  0.300409012381713  0.056211144509235  0.000000000000000  0.042188687035086  0.066846692992828  0.031620412532092  0.014659706195323  0.000000000000000  0.000000000000000  0.986232704493359  0.000000000000000  0.013452331067795  0.000000000000000  0.000000000000000  0.000000000000000  1.000000000000000  0.107544078826430  1.000000000000000  0.446892581178393 
97.0    H  0.048799155787962  0.000000000000000  0.000000000000000  0.151039730423743  0.000000000000000  0.000000000000000  0.196963471512337  0.000000000000000  0.089808761034004  0.018775563273857  0.000000000000000  0.227194529112130  0.130217928626028  0.000000000000000  0.040190546357206  0.054033576956742  0.017385158134138  0.025612643988672  0.000000000000000  0.000000000000000  0.633317126861609  0.075362989230673  0.291183396617114  0.095061172077563  0.905006462882905  0.000000000000000  1.000000000000000  0.121161227116883  0.484980955170867  0.443190849597434 
98.0    L  0.021537580515244  0.000000000000000  0.000000000000000  0.049446081324091  0.000000000000000  0.000000000000000  0.024912264891892  0.027054267672489  0.000000000000000  0.653382626946587  0.000000000000000  0.018363692631559  0.000000000000000  0.000000000000000  0.000000000000000  0.122597375498569  0.000000000000000  0.082755556899712  0.000000000000000  0.000000000000000  0.571569167707018  0.428390977384285  0.000000000000000  0.362486708219713  0.637722195839272  0.880259013563151  0.119824929811622  0.146604368653985  0.404160434402784  0.372936006672866 
99.0    R  0.054146053525005  0.000000000000000  0.025737219289612  0.092205716067677  0.041521431690516  0.027911432886024  0.040695130924032  0.192642777089602  0.124136561929630  0.051260806949795  0.000000000000000  0.034602018265134  0.041177498491692  0.043314683926575  0.082640912821411  0.056602123938614  0.062803988776487  0.028557232819669  0.000000000000000  0.000000000000000  0.965267024871757  0.000000000000000  0.034602018265134  0.000000000000000  0.000000000000000  0.087474116599700  0.912565488543452  0.100342173589494  1.000000000000000  0.450312989923965 
100.0    N  0.026774436086518  0.000000000000000  0.000000000000000  0.133971682817037  0.000000000000000  0.016198454703433  0.000000000000000  0.000000000000000  0.040638754579640  0.000000000000000  0.000000000000000  0.208627320288852  0.153679858406823  0.052775055463986  0.000000000000000  0.219759890227947  0.092718433365070  0.054863862350595  0.000000000000000  0.000000000000000  1.000000000000000  0.000000000000000  0.000000000000000  0.000000000000000  0.000000000000000  0.233096621609208  0.766841329836546  0.115984184558910  1.000000000000000  0.444729496768949 
101.0    S  0.088327102742671  0.000000000000000  0.043164826504496  0.086689435570712  0.000000000000000  0.000000000000000  0.032690154368517  0.026811579075897  0.055207190717592  0.039472726932681  0.000000000000000  0.191710332459137  0.114704985288921  0.124913386623807  0.037421209519342  0.131032809439616  0.000000000000000  0.027814866664141  0.000000000000000  0.000000000000000  1.000000000000000  0.000000000000000  0.000000000000000  0.000000000000000  0.000000000000000  0.754190038343289  0.246046005508450  0.101040108600696  1.000000000000000  0.458819941155683 
102.0    P  0.000000000000000  0.000000000000000  0.068964608752622  0.107544078826430  0.000000000000000  0.000000000000000  0.201102092735479  0.000000000000000  0.081729459283547  0.000000000000000  0.000000000000000  0.088510964888409  0.267201497802752  0.119741902277837  0.000000000000000  0.032644867589507  0.000000000000000  0.032486857349227  0.000000000000000  0.000000000000000  0.949342120950519  0.050485048600601  0.000000000000000  0.676893139526230  0.323312232971872  0.000000000000000  1.000000000000000  0.098686735837569  0.490389501994276  0.496202187342909 
103.0    E  0.118257205840699  0.000000000000000  0.175312406330300  0.355519352646819  0.000000000000000  0.000000000000000  0.055822865772048  0.046391361582158  0.000000000000000  0.024030325488598  0.000000000000000  0.031774208540374  0.055668306287918  0.017205337470281  0.000000000000000  0.067545337627459  0.035255691795516  0.017313005435389  0.000000000000000  0.000000000000000  0.971980987981352  0.027795593548059  0.000000000000000  0.361232599480881  0.639049681601526  1.000000000000000  0.000000000000000  0.098686735837569  0.496890546661277  0.496202187342909 
104.0    D  0.059912464905811  0.000000000000000  0.222518933313124  0.094535499830248  0.000000000000000  0.085911793473252  0.000000000000000  0.000000000000000  0.107618648542363  0.000000000000000  0.000000000000000  0.089003137224817  0.000000000000000  0.067078767899591  0.088265900274047  0.118421258824908  0.066661611301985  0.000000000000000  0.000000000000000  0.000000000000000  0.948026965128645  0.000000000000000  0.051724801004888  0.000000000000000  0.000000000000000  0.000000000000000  1.000000000000000  0.099166730398893  1.000000000000000  0.500000000000000 
105.0    K  0.000000000000000  0.000000000000000  0.000000000000000  0.237664775307455  0.000000000000000  0.022436632978491  0.000000000000000  0.000000000000000  0.509798841499095  0.000000000000000  0.000000000000000  0.076521024525013  0.080940187428402  0.033261568201667  0.039336161672027  0.000000000000000  0.000000000000000  0.000000000000000  0.000000000000000  0.000000000000000  1.000000000000000  0.000000000000000  0.000000000000000  0.000000000000000  0.000000000000000  0.000000000000000  1.000000000000000  0.100203166174924  1.000000000000000  0.479632059662632 
106.0    R  0.012913286221160  0.000000000000000  0.087716982877442  0.298540796768647  0.000000000000000  0.000000000000000  0.108894274017782  0.000000000000000  0.050136322897030  0.035500914524584  0.000000000000000  0.000000000000000  0.133230842008493  0.000000000000000  0.015560152392101  0.201940194402402  0.030649343874642  0.024877753086837  0.000000000000000  0.000000000000000  0.900001929793512  0.027795593548059  0.072092850316251  0.500000000000000  0.500000000000000  0.000000000000000  1.000000000000000  0.100203166174924  0.499307333050514  0.479632059662632 
107.0    A  0.325335463860483  0.000000000000000  0.052738487258126  0.132218870452303  0.000000000000000  0.141218401821265  0.000000000000000  0.059663813383732  0.030311309698179  0.000000000000000  0.000000000000000  0.042718357873182  0.042393885232740  0.037008487870426  0.000000000000000  0.113833729198997  0.022608357591727  0.000000000000000  0.000000000000000  0.000000000000000  0.965936328924846  0.000000000000000  0.033725882390763  0.000000000000000  0.000000000000000  0.565657231422950  0.434371092575312  0.104603280335424  1.000000000000000  0.453445164466571 
108.0    G  0.126657112519886  0.000000000000000  0.047333322371155  0.000000000000000  0.000000000000000  0.084729020425000  0.000000000000000  0.095589767367673  0.113047422195136  0.096924150793376  0.067405026980903  0.032986053676186  0.064614421015498  0.016481598704188  0.000000000000000  0.062673527243817  0.120074357994185  0.071446145963377  0.000000000000000  0.000000000000000  1.000000000000000  0.000000000000000  0.000000000000000  0.000000000000000  0.000000000000000  1.000000000000000  0.000000000000000  0.106284270008024  1.000000000000000  0.475988954248766 
109.0    G  0.052738487258126  0.000000000000000  0.031862427593693  0.026405824512891  0.000000000000000  0.507683050434715  0.000000000000000  0.035231262879544  0.072997962163320  0.077053270341488  0.000000000000000  0.000000000000000  0.072644631719882  0.000000000000000  0.023438109207591  0.040582456335309  0.016898043179432  0.042482132559586  0.000000000000000  0.000000000000000  0.788946840852465  0.210953949032504  0.000000000000000  0.379191886343611  0.620713745763056  0.000000000000000  0.000000000000000  0.102592701101312  0.445037866626248  1.000000000000000 
110.0    E  0.000000000000000  0.000000000000000  0.644387315242508  0.355765865308649  0.000000000000000  0.000000000000000  0.000000000000000  0.000000000000000  0.000000000000000  0.000000000000000  0.000000000000000  0.000000000000000  0.000000000000000  0.000000000000000  0.000000000000000  0.000000000000000  0.000000000000000  0.000000000000000  0.000000000000000  0.000000000000000  1.000000000000000  0.000000000000000  0.000000000000000  0.000000000000000  0.000000000000000  0.000000000000000  0.000000000000000  0.102592701101312  1.000000000000000  1.000000000000000 
111.0    E  0.000000000000000  0.000000000000000  0.568408486618007  0.370616752450709  0.000000000000000  0.026405824512891  0.000000000000000  0.000000000000000  0.000000000000000  0.000000000000000  0.000000000000000  0.000000000000000  0.000000000000000  0.034482304376311  0.000000000000000  0.000000000000000  0.000000000000000  0.000000000000000  0.000000000000000  0.000000000000000  0.957935218222696  0.041926319527571  0.000000000000000  1.000000000000000  0.000000000000000  0.000000000000000  0.000000000000000  0.102592701101312  0.491069797631696  1.000000000000000 
112.0    S  0.431370672271328  0.000000000000000  0.105112051906714  0.051976381148432  0.000000000000000  0.000000000000000  0.038101721689884  0.000000000000000  0.000000000000000  0.000000000000000  0.000000000000000  0.000000000000000  0.102237757319723  0.000000000000000  0.000000000000000  0.271307342970452  0.000000000000000  0.000000000000000  0.000000000000000  0.000000000000000  0.849684999138650  0.150517172653927  0.000000000000000  0.399702915176236  0.600401713742604  0.000000000000000  0.000000000000000  0.104893704638318  0.467163673441590  1.000000000000000 
113.0    Q  0.000000000000000  0.000000000000000  0.000000000000000  0.000000000000000  0.000000000000000  0.000000000000000  0.038740865623093  0.000000000000000  0.000000000000000  0.024912264891892  0.000000000000000  0.000000000000000  0.074583483939483  0.861546159712017  0.000000000000000  0.000000000000000  0.000000000000000  0.000000000000000  0.000000000000000  0.000000000000000  1.000000000000000  0.000000000000000  0.000000000000000  0.000000000000000  0.000000000000000  0.000000000000000  0.000000000000000  0.104893704638318  1.000000000000000  1.000000000000000 
114.0    F  0.000000000000000  0.000000000000000  0.000000000000000  0.000000000000000  1.000000000000000  0.000000000000000  0.000000000000000  0.000000000000000  0.000000000000000  0.000000000000000  0.000000000000000  0.000000000000000  0.000000000000000  0.000000000000000  0.000000000000000  0.000000000000000  0.000000000000000  0.000000000000000  0.000000000000000  0.000000000000000  1.000000000000000  0.000000000000000  0.000000000000000  0.333324669272800  0.666649338545599  0.000000000000000  0.000000000000000  0.104893704638318  0.495858365369147  1.000000000000000 
115.0    E  0.102735023411856  0.000000000000000  0.038101721689884  0.691595314505482  0.000000000000000  0.000000000000000  0.000000000000000  0.000000000000000  0.000000000000000  0.000000000000000  0.000000000000000  0.000000000000000  0.000000000000000  0.103091693576260  0.000000000000000  0.000000000000000  0.000000000000000  0.064435519924674  0.000000000000000  0.000000000000000  1.000000000000000  0.000000000000000  0.000000000000000  0.000000000000000  0.000000000000000  0.000000000000000  0.000000000000000  0.104893704638318  1.000000000000000  1.000000000000000 
116.0    M  0.000000000000000  0.000000000000000  0.000000000000000  0.000000000000000  0.000000000000000  0.000000000000000  0.000000000000000  0.101461197622160  0.000000000000000  0.000000000000000  0.873572895916694  0.000000000000000  0.000000000000000  0.000000000000000  0.000000000000000  0.000000000000000  0.024946824573645  0.000000000000000  0.000000000000000  0.000000000000000  1.000000000000000  0.000000000000000  0.000000000000000  0.000000000000000  0.000000000000000  0.000000000000000  0.000000000000000  0.104893704638318  1.000000000000000  1.000000000000000 
117.0    D  0.000000000000000  0.000000000000000  0.965936328924846  0.034291623049351  0.000000000000000  0.000000000000000  0.000000000000000  0.000000000000000  0.000000000000000  0.000000000000000  0.000000000000000  0.000000000000000  0.000000000000000  0.000000000000000  0.000000000000000  0.000000000000000  0.000000000000000  0.000000000000000  0.000000000000000  0.000000000000000  1.000000000000000  0.000000000000000  0.000000000000000  0.000000000000000  0.000000000000000  0.000000000000000  0.000000000000000  0.104893704638318  1.000000000000000  1.000000000000000 
118.0    I  0.000000000000000  0.000000000000000  0.000000000000000  0.000000000000000  0.000000000000000  0.000000000000000  0.000000000000000  0.736113431084089  0.000000000000000  0.069108165832517  0.131944214704746  0.027892092858531  0.000000000000000  0.000000000000000  0.000000000000000  0.000000000000000  0.000000000000000  0.034915223064757  0.000000000000000  0.000000000000000  1.000000000000000  0.000000000000000  0.000000000000000  1.000000000000000  0.000000000000000  0.000000000000000  0.000000000000000  0.110261420649647  1.000000000000000  1.000000000000000 
