No:  residues  hmm_col_1  hmm_col_2  hmm_col_3  hmm_col_4  hmm_col_5  hmm_col_6  hmm_col_7  hmm_col_8  hmm_col_9  hmm_col_10  hmm_col_11  hmm_col_12  hmm_col_13  hmm_col_14  hmm_col_15  hmm_col_16  hmm_col_17  hmm_col_18  hmm_col_19  hmm_col_20  hmm_col_21   hmm_col_22   hmm_col_23   hmm_col_24   hmm_col_25   hmm_col_26   hmm_col_27   hmm_col_28   hmm_col_29   hmm_col_30   
1.0    D  0.000000000000000  0.000000000000000  0.086210057614191  0.321078952247356  0.000000000000000  0.128603338486697  0.000000000000000  0.000000000000000  0.000000000000000  0.000000000000000  0.000000000000000  0.207617506022724  0.000000000000000  0.117115180859053  0.000000000000000  0.000000000000000  0.139274206352417  0.000000000000000  0.000000000000000  0.000000000000000  1.000000000000000  0.000000000000000  0.000000000000000  0.000000000000000  0.000000000000000  0.000000000000000  0.000000000000000  0.267016352011963  1.000000000000000  1.000000000000000 
2.0    G  0.000000000000000  0.000000000000000  0.000000000000000  0.238489887636890  0.000000000000000  0.761544369851631  0.000000000000000  0.000000000000000  0.000000000000000  0.000000000000000  0.000000000000000  0.000000000000000  0.000000000000000  0.000000000000000  0.000000000000000  0.000000000000000  0.000000000000000  0.000000000000000  0.000000000000000  0.000000000000000  1.000000000000000  0.000000000000000  0.000000000000000  0.000000000000000  0.000000000000000  0.000000000000000  0.000000000000000  0.177021929776818  1.000000000000000  1.000000000000000 
3.0    A  0.495858365369147  0.000000000000000  0.000000000000000  0.062543336716411  0.000000000000000  0.081333865965121  0.000000000000000  0.000000000000000  0.000000000000000  0.000000000000000  0.170518479359919  0.000000000000000  0.000000000000000  0.000000000000000  0.000000000000000  0.000000000000000  0.000000000000000  0.055168937268166  0.000000000000000  0.134810053961806  1.000000000000000  0.000000000000000  0.000000000000000  0.000000000000000  0.000000000000000  0.000000000000000  0.000000000000000  0.149788627667427  1.000000000000000  1.000000000000000 
4.0    A  0.430474594169452  0.000000000000000  0.068630800861691  0.107992273425035  0.000000000000000  0.000000000000000  0.000000000000000  0.000000000000000  0.000000000000000  0.000000000000000  0.000000000000000  0.000000000000000  0.000000000000000  0.000000000000000  0.000000000000000  0.392836258333790  0.000000000000000  0.000000000000000  0.000000000000000  0.000000000000000  1.000000000000000  0.000000000000000  0.000000000000000  0.000000000000000  0.000000000000000  0.000000000000000  0.000000000000000  0.125260200634954  1.000000000000000  1.000000000000000 
5.0    A  0.247757390816020  0.000000000000000  0.000000000000000  0.000000000000000  0.000000000000000  0.000000000000000  0.000000000000000  0.000000000000000  0.000000000000000  0.054560474445860  0.000000000000000  0.000000000000000  0.294022812572741  0.000000000000000  0.000000000000000  0.000000000000000  0.091252000665908  0.312299031413344  0.000000000000000  0.000000000000000  1.000000000000000  0.000000000000000  0.000000000000000  0.000000000000000  0.000000000000000  0.000000000000000  0.000000000000000  0.090936292727172  1.000000000000000  1.000000000000000 
6.0    P  0.000000000000000  0.000000000000000  0.000000000000000  0.000000000000000  0.000000000000000  0.000000000000000  0.000000000000000  0.000000000000000  0.000000000000000  0.000000000000000  0.000000000000000  0.000000000000000  0.799960128332753  0.000000000000000  0.000000000000000  0.107320679554719  0.000000000000000  0.092975860152157  0.000000000000000  0.000000000000000  1.000000000000000  0.000000000000000  0.000000000000000  0.000000000000000  0.000000000000000  0.000000000000000  0.000000000000000  0.083620472174132  1.000000000000000  1.000000000000000 
7.0    T  0.231005643111706  0.000000000000000  0.191976283712762  0.000000000000000  0.000000000000000  0.000000000000000  0.052519609514580  0.000000000000000  0.000000000000000  0.092975860152157  0.043646204139606  0.000000000000000  0.000000000000000  0.000000000000000  0.128960397412670  0.184155960727060  0.074738737298508  0.000000000000000  0.000000000000000  0.000000000000000  1.000000000000000  0.000000000000000  0.000000000000000  0.000000000000000  0.000000000000000  0.000000000000000  0.000000000000000  0.083620472174132  1.000000000000000  1.000000000000000 
8.0    D  0.084670311092835  0.000000000000000  0.425137080032098  0.000000000000000  0.000000000000000  0.000000000000000  0.000000000000000  0.079164640857701  0.000000000000000  0.189070999660495  0.071446145963377  0.043164826504496  0.000000000000000  0.000000000000000  0.000000000000000  0.000000000000000  0.000000000000000  0.107320679554719  0.000000000000000  0.000000000000000  1.000000000000000  0.000000000000000  0.000000000000000  0.000000000000000  0.000000000000000  0.000000000000000  0.000000000000000  0.083620472174132  1.000000000000000  1.000000000000000 
9.0    P  0.078945453865362  0.000000000000000  0.000000000000000  0.085318357367823  0.000000000000000  0.000000000000000  0.000000000000000  0.000000000000000  0.000000000000000  0.000000000000000  0.000000000000000  0.000000000000000  0.835666958921854  0.000000000000000  0.000000000000000  0.000000000000000  0.000000000000000  0.000000000000000  0.000000000000000  0.000000000000000  0.906261938267334  0.093882495433808  0.000000000000000  0.199990032083188  0.799960128332753  0.000000000000000  0.000000000000000  0.073505703143185  0.449066186441967  1.000000000000000 
10.0    E  0.000000000000000  0.000000000000000  0.000000000000000  0.906261938267334  0.000000000000000  0.000000000000000  0.000000000000000  0.000000000000000  0.093882495433808  0.000000000000000  0.000000000000000  0.000000000000000  0.000000000000000  0.000000000000000  0.000000000000000  0.000000000000000  0.000000000000000  0.000000000000000  0.000000000000000  0.000000000000000  0.850863729506541  0.000000000000000  0.149063609041329  0.000000000000000  0.000000000000000  0.000000000000000  0.000000000000000  0.073505703143185  1.000000000000000  1.000000000000000 
11.0    M  0.076627178753322  0.000000000000000  0.000000000000000  0.000000000000000  0.000000000000000  0.000000000000000  0.000000000000000  0.242995246995338  0.000000000000000  0.085259239679960  0.289172045976322  0.000000000000000  0.000000000000000  0.082583650353642  0.000000000000000  0.000000000000000  0.223291463088190  0.000000000000000  0.000000000000000  0.000000000000000  1.000000000000000  0.000000000000000  0.000000000000000  0.000000000000000  0.000000000000000  1.000000000000000  0.000000000000000  0.083852639055141  1.000000000000000  0.475659138165900 
12.0    V  0.042866665268456  0.000000000000000  0.058476468614463  0.036931610841699  0.000000000000000  0.000000000000000  0.000000000000000  0.032352028870043  0.060917476930722  0.128425179922370  0.218090676442690  0.000000000000000  0.000000000000000  0.221288441144886  0.000000000000000  0.000000000000000  0.000000000000000  0.200684347178988  0.000000000000000  0.000000000000000  1.000000000000000  0.000000000000000  0.000000000000000  0.000000000000000  0.000000000000000  0.000000000000000  0.000000000000000  0.041492661199451  1.000000000000000  1.000000000000000 
13.0    T  0.038473262917029  0.000000000000000  0.000000000000000  0.392292048948375  0.000000000000000  0.000000000000000  0.000000000000000  0.000000000000000  0.000000000000000  0.000000000000000  0.000000000000000  0.084143754329799  0.153893051668115  0.025898278265250  0.000000000000000  0.029523345031163  0.275667290767228  0.000000000000000  0.000000000000000  0.000000000000000  1.000000000000000  0.000000000000000  0.000000000000000  0.000000000000000  0.000000000000000  0.000000000000000  0.000000000000000  0.044904380517002  1.000000000000000  1.000000000000000 
14.0    L  0.000000000000000  0.000000000000000  0.000000000000000  0.000000000000000  0.182251172352072  0.000000000000000  0.000000000000000  0.133415667254995  0.000000000000000  0.403880388804804  0.090621677054928  0.000000000000000  0.108517528450130  0.000000000000000  0.000000000000000  0.000000000000000  0.000000000000000  0.081503170953660  0.000000000000000  0.000000000000000  1.000000000000000  0.000000000000000  0.000000000000000  0.000000000000000  0.000000000000000  0.000000000000000  0.000000000000000  0.044904380517002  1.000000000000000  1.000000000000000 
15.0    P  0.000000000000000  0.000000000000000  0.048697786228781  0.153679858406823  0.000000000000000  0.000000000000000  0.029523345031163  0.000000000000000  0.000000000000000  0.029790579540255  0.000000000000000  0.131396613635963  0.193311584363829  0.168170901065228  0.000000000000000  0.063240825064183  0.054334035005626  0.127892183716804  0.000000000000000  0.000000000000000  0.814507563070215  0.000000000000000  0.185565446328631  0.000000000000000  0.000000000000000  0.000000000000000  0.000000000000000  0.044904380517002  1.000000000000000  1.000000000000000 
16.0    L  0.141512362763834  0.000000000000000  0.088941466327162  0.000000000000000  0.000000000000000  0.000000000000000  0.027718634536005  0.081786129465938  0.000000000000000  0.134903529563053  0.000000000000000  0.000000000000000  0.267201497802752  0.171347850622463  0.062025273417864  0.024620433939042  0.000000000000000  0.000000000000000  0.000000000000000  0.000000000000000  1.000000000000000  0.000000000000000  0.000000000000000  0.000000000000000  0.000000000000000  0.000000000000000  1.000000000000000  0.031554728049896  1.000000000000000  0.383154990051946 
17.0    E  0.090245574720156  0.000000000000000  0.082297932628703  0.197100043514070  0.000000000000000  0.000000000000000  0.032329611922466  0.000000000000000  0.000000000000000  0.021597378227009  0.000000000000000  0.020249077584896  0.178872065002864  0.191444749636798  0.050977343333688  0.043797732783773  0.039390730986968  0.051617354058483  0.000000000000000  0.000000000000000  1.000000000000000  0.000000000000000  0.000000000000000  0.000000000000000  0.000000000000000  0.000000000000000  1.000000000000000  0.030269318413332  1.000000000000000  0.383154990051946 
18.0    P  0.000000000000000  0.000000000000000  0.000000000000000  0.016816251949747  0.014348065035952  0.000000000000000  0.000000000000000  0.000000000000000  0.025808677029241  0.067218399403586  0.000000000000000  0.000000000000000  0.628506687260914  0.040666932982560  0.000000000000000  0.190914687245088  0.000000000000000  0.015614173327976  0.000000000000000  0.000000000000000  0.983502074026248  0.016481598704188  0.000000000000000  0.500000000000000  0.500000000000000  1.000000000000000  0.000000000000000  0.023405639600378  0.500000000000000  0.383154990051946 
19.0    S  0.000000000000000  0.043525358770907  0.031774208540374  0.040414029121484  0.000000000000000  0.179866697501352  0.025382887386132  0.013193763865997  0.000000000000000  0.045279442329840  0.020731955321831  0.058842404033825  0.031250000000000  0.033353916813749  0.020489093972119  0.409518348929914  0.046552420722584  0.000000000000000  0.000000000000000  0.000000000000000  0.988285651500733  0.011477879947487  0.000000000000000  1.000000000000000  0.000000000000000  0.000000000000000  0.000000000000000  0.016550286479436  0.500000000000000  1.000000000000000 
20.0    S  0.087111077417967  0.000000000000000  0.041035035169505  0.026848773592100  0.000000000000000  0.143587294374629  0.017750457262292  0.016311123865964  0.000000000000000  0.011086901220315  0.010194960528820  0.000000000000000  0.032486857349227  0.048060650977196  0.019970302550048  0.427501088945986  0.100481373842894  0.017566858184041  0.000000000000000  0.000000000000000  1.000000000000000  0.000000000000000  0.000000000000000  0.000000000000000  0.000000000000000  0.000000000000000  0.000000000000000  0.012913286221160  1.000000000000000  1.000000000000000 
21.0    T  0.089808761034004  0.012006837353813  0.000000000000000  0.011257263662796  0.000000000000000  0.072745408400134  0.000000000000000  0.007416735319926  0.021777769354492  0.037008487870426  0.021167577773209  0.043404847992660  0.171229122495696  0.061767853218796  0.055092509869198  0.026060345119530  0.159762420400381  0.209496783666987  0.000000000000000  0.000000000000000  0.944092419150250  0.055939066932998  0.000000000000000  0.277200160900767  0.722966147272874  0.000000000000000  0.000000000000000  0.012157580883678  0.408101523075451  1.000000000000000 
22.0    M  0.044935516651467  0.000000000000000  0.000000000000000  0.131032809439616  0.000000000000000  0.006350121890502  0.050415109951383  0.029360085912938  0.000000000000000  0.136881558849197  0.089995707407168  0.047960815500028  0.128603338486697  0.012770864507629  0.015711884068726  0.052410511527558  0.059375023929680  0.184028357771022  0.010251650426500  0.000000000000000  1.000000000000000  0.000000000000000  0.000000000000000  0.000000000000000  0.000000000000000  0.000000000000000  0.000000000000000  0.011565728890625  1.000000000000000  1.000000000000000 
23.0    G  0.183010711993203  0.056250120612095  0.000000000000000  0.061213768599183  0.000000000000000  0.074946244611945  0.029319412390646  0.046487930076078  0.123108305361944  0.000000000000000  0.000000000000000  0.008620576094078  0.000000000000000  0.023470623858452  0.129228842030996  0.213011023768717  0.029687511964840  0.010576455305097  0.000000000000000  0.011010318399547  0.993781093322555  0.006150843566947  0.000000000000000  1.000000000000000  0.000000000000000  0.000000000000000  0.000000000000000  0.011694710834318  0.500000000000000  1.000000000000000 
24.0    Q  0.198470982732913  0.000000000000000  0.081108672933699  0.203768083100656  0.000000000000000  0.000000000000000  0.017349044275447  0.014761672515581  0.141316320890574  0.000000000000000  0.000000000000000  0.018363692631559  0.052229184932616  0.162442382806930  0.055514174740150  0.028755864082027  0.026024242840017  0.000000000000000  0.000000000000000  0.000000000000000  1.000000000000000  0.000000000000000  0.000000000000000  0.000000000000000  0.000000000000000  0.000000000000000  0.000000000000000  0.011965296852300  1.000000000000000  1.000000000000000 
25.0    V  0.087413505171154  0.000000000000000  0.000000000000000  0.000000000000000  0.000000000000000  0.000000000000000  0.025418099941629  0.045562793088018  0.000000000000000  0.208771979857092  0.010613174098039  0.000000000000000  0.015229369232680  0.000000000000000  0.000000000000000  0.011195012893540  0.064793818813733  0.531079593247686  0.000000000000000  0.000000000000000  0.915099168127928  0.000000000000000  0.085082132281217  0.500000000000000  0.500000000000000  0.000000000000000  0.000000000000000  0.011461979251307  0.500000000000000  1.000000000000000 
26.0    G  0.220675749072664  0.009895580107213  0.010124538792448  0.000000000000000  0.116629123942101  0.148753962038334  0.042836962655616  0.011899130778932  0.030649343874642  0.096121301954392  0.000000000000000  0.000000000000000  0.000000000000000  0.031206708315657  0.005652089397932  0.158989125842947  0.015019702006074  0.047038960856596  0.022405550750247  0.032173127607312  1.000000000000000  0.000000000000000  0.000000000000000  0.000000000000000  0.000000000000000  0.000000000000000  1.000000000000000  0.012490716099257  1.000000000000000  0.384218795322003 
27.0    R  0.117929781361920  0.000000000000000  0.017229205672952  0.135559676105383  0.000000000000000  0.030081076346930  0.031293351740979  0.020418207092081  0.032599643547808  0.016746460352130  0.007437327410137  0.065199287095616  0.111336612575835  0.109272327551297  0.197373471675139  0.034963659407366  0.023131457781251  0.039968299414920  0.000000000000000  0.009499056899868  1.000000000000000  0.000000000000000  0.000000000000000  0.000000000000000  0.000000000000000  0.000000000000000  1.000000000000000  0.012318752719629  1.000000000000000  0.384218795322003 
28.0    Q  0.168054374269078  0.046359216682535  0.000000000000000  0.062934721878545  0.000000000000000  0.014457881688091  0.012115518849172  0.027603595358796  0.031315050158739  0.000000000000000  0.026042287723726  0.024264652343782  0.010394758133443  0.079109787123142  0.061810682273808  0.027054267672489  0.244346441602701  0.153148166488085  0.000000000000000  0.010964622859680  1.000000000000000  0.000000000000000  0.000000000000000  0.333324669272800  0.666649338545599  1.000000000000000  0.000000000000000  0.011406500083238  0.500000000000000  0.384218795322003 
29.0    L  0.010019817209080  0.000000000000000  0.000000000000000  0.006241030597259  0.009645020366356  0.000000000000000  0.000000000000000  0.050695447223565  0.000000000000000  0.718470088272032  0.149373900607098  0.000000000000000  0.000000000000000  0.000000000000000  0.000000000000000  0.000000000000000  0.012949139132625  0.042570563582515  0.000000000000000  0.000000000000000  1.000000000000000  0.000000000000000  0.000000000000000  0.000000000000000  0.000000000000000  0.000000000000000  0.000000000000000  0.010761328487368  1.000000000000000  1.000000000000000 
30.0    A  0.127184961512836  0.000000000000000  0.020305297850866  0.010308655552913  0.029523345031163  0.004487102949207  0.040330077826618  0.017973310833603  0.067265007798987  0.110490941382959  0.016515906883772  0.028696130071904  0.000000000000000  0.102166916061035  0.407253781535108  0.005350910077990  0.004358356727832  0.007726335284226  0.000000000000000  0.000000000000000  1.000000000000000  0.000000000000000  0.000000000000000  0.000000000000000  0.000000000000000  0.000000000000000  0.000000000000000  0.010694404789780  1.000000000000000  1.000000000000000 
31.0    I  0.034650020112596  0.048394939240826  0.042955896736626  0.089188406607367  0.000000000000000  0.036297147872679  0.020574483157176  0.047071577082307  0.082126976696836  0.026663315566002  0.004440691301703  0.017923547253534  0.009868181733170  0.046714039019842  0.314471242959004  0.092975860152157  0.032712821311705  0.029299096764285  0.015345931175990  0.008408125974873  1.000000000000000  0.000000000000000  0.000000000000000  0.000000000000000  0.000000000000000  0.000000000000000  0.000000000000000  0.010569126805080  1.000000000000000  1.000000000000000 
32.0    I  0.135747732040287  0.000000000000000  0.000000000000000  0.009957504900932  0.015810206266046  0.009834040418007  0.000000000000000  0.233096621609208  0.000000000000000  0.192642777089602  0.046262915562502  0.010280113476789  0.000000000000000  0.009277809891199  0.000000000000000  0.017591227908387  0.033307710502123  0.286181040149671  0.000000000000000  0.000000000000000  0.993781093322555  0.006078790441839  0.000000000000000  0.125000000000000  0.874784764905822  0.000000000000000  0.000000000000000  0.010583788886604  0.494828328207603  1.000000000000000 
33.0    G  0.246900215361343  0.042866665268456  0.000000000000000  0.000000000000000  0.000000000000000  0.491751037013124  0.000000000000000  0.000000000000000  0.000000000000000  0.000000000000000  0.000000000000000  0.000000000000000  0.000000000000000  0.009571760405505  0.011981895778696  0.050906722691888  0.028164076956588  0.110720939887795  0.006977858221506  0.000000000000000  1.000000000000000  0.000000000000000  0.000000000000000  0.000000000000000  0.000000000000000  0.000000000000000  0.000000000000000  0.010731533073669  1.000000000000000  1.000000000000000 
34.0    D  0.093040328447909  0.010301512613222  0.468460723436213  0.081277509159280  0.030564483545229  0.039336161672027  0.000000000000000  0.012395841299862  0.017898717155934  0.012438876543418  0.000000000000000  0.054146053525005  0.000000000000000  0.047596523115727  0.028537445312875  0.041868237575870  0.052446852319159  0.000000000000000  0.000000000000000  0.009752582413294  1.000000000000000  0.000000000000000  0.000000000000000  0.000000000000000  0.000000000000000  0.000000000000000  0.000000000000000  0.010731533073669  1.000000000000000  1.000000000000000 
35.0    D  0.015452670568452  0.000000000000000  0.128781744202509  0.500693627855667  0.000000000000000  0.035971546603993  0.005111633091621  0.009868181733170  0.010416395914775  0.014023594541676  0.007662335968661  0.027261334555336  0.000000000000000  0.123364568235730  0.025755065154789  0.059788009880742  0.016781319869064  0.019103754338939  0.000000000000000  0.000000000000000  0.980779003988551  0.019183370061173  0.000000000000000  1.000000000000000  0.000000000000000  0.000000000000000  0.000000000000000  0.010650020369395  0.479632059662632  1.000000000000000 
36.0    I  0.000000000000000  0.000000000000000  0.000000000000000  0.000000000000000  0.110797712399358  0.000000000000000  0.000000000000000  0.194386508970640  0.000000000000000  0.457549584063964  0.078563335907614  0.000000000000000  0.000000000000000  0.000000000000000  0.000000000000000  0.027661055143111  0.000000000000000  0.122767449407924  0.000000000000000  0.008246513419047  0.995849753094458  0.000000000000000  0.004154815128489  0.000000000000000  0.000000000000000  0.000000000000000  0.000000000000000  0.010576455305097  1.000000000000000  1.000000000000000 
37.0    N  0.007866840234818  0.000000000000000  0.102521613899591  0.449689156073876  0.009875024206663  0.000000000000000  0.000000000000000  0.024671683959392  0.015388538170243  0.060454770600871  0.031774208540374  0.071545260037418  0.000000000000000  0.109120948891720  0.045499673406221  0.029137077701151  0.016619260513956  0.020905118043533  0.000000000000000  0.004937512103331  1.000000000000000  0.000000000000000  0.000000000000000  0.000000000000000  0.000000000000000  0.000000000000000  1.000000000000000  0.010525262319263  1.000000000000000  0.500000000000000 
38.0    R  0.061596833558711  0.006036801169125  0.050871449066902  0.110797712399358  0.000000000000000  0.041752314949691  0.013792234317041  0.004839252725718  0.102450575954690  0.052410511527558  0.003863167642113  0.046102858033839  0.019183370061173  0.088695209762524  0.223446290589197  0.090999346812443  0.038580081465423  0.020081349022959  0.000000000000000  0.024450368179266  0.984184022033800  0.001947717287797  0.013696964395563  0.047629525948118  0.952637998043937  1.000000000000000  0.000000000000000  0.010525262319263  0.500000000000000  0.500000000000000 
39.0    R  0.061468879626641  0.021167577773209  0.059498619281096  0.076309157041821  0.000000000000000  0.000000000000000  0.000000000000000  0.040134869030920  0.150517172653927  0.093234001668217  0.121919432690955  0.094601049560599  0.000000000000000  0.059498619281096  0.169810785568618  0.000000000000000  0.026755883892077  0.009881871424640  0.000000000000000  0.015208271471222  0.889458993537898  0.008777342992435  0.101461197622160  0.142892291926755  0.857376036634172  0.000000000000000  1.000000000000000  0.010452559021767  0.499307333050514  0.481964903870322 
40.0    Y  0.000000000000000  0.000000000000000  0.000000000000000  0.024264652343782  0.047497651762547  0.025207554975691  0.368056715542045  0.000000000000000  0.000000000000000  0.010258758792376  0.013946046429265  0.073709787016326  0.000000000000000  0.005501344636375  0.087777804733625  0.000000000000000  0.009420373653834  0.059046690062325  0.008555097428075  0.266646445207941  1.000000000000000  0.000000000000000  0.000000000000000  0.000000000000000  0.000000000000000  0.083331167318200  0.916368644675351  0.011272880366106  1.000000000000000  0.269994139958221 
41.0    D  0.052156830072213  0.000000000000000  0.062934721878545  0.137356777197110  0.000000000000000  0.036957218757629  0.017603425445270  0.006125316047467  0.014936645587402  0.005855467194358  0.000000000000000  0.022813000166477  0.199990032083188  0.095523532547823  0.163232473386115  0.092847057541302  0.046134825177589  0.016333751565706  0.010152648925433  0.019117000642685  1.000000000000000  0.000000000000000  0.000000000000000  0.000000000000000  0.000000000000000  0.986232704493359  0.014101573866600  0.011312016971715  1.000000000000000  0.284204243309004 
42.0    S  0.078563335907614  0.005023818294651  0.058720171825876  0.037655384843587  0.017701310707747  0.057992092279455  0.012656304275501  0.060706718471352  0.038048938083218  0.054108535344979  0.025826572442319  0.038419964601706  0.086389512908036  0.078563335907614  0.158548924915733  0.076946525834057  0.042836962655616  0.014248955711246  0.000000000000000  0.057114465639338  1.000000000000000  0.000000000000000  0.000000000000000  0.000000000000000  0.000000000000000  0.000000000000000  1.000000000000000  0.010532560404196  1.000000000000000  0.500000000000000 
43.0    E  0.123878695408010  0.009342342162313  0.041177498491692  0.122597375498569  0.111723145294598  0.000000000000000  0.018161157929971  0.027911432886024  0.041839226780576  0.155717176946184  0.000000000000000  0.024197469620413  0.016688522000748  0.044163551371335  0.038794609110191  0.029977003728915  0.077428043611494  0.116306207212877  0.000000000000000  0.000000000000000  1.000000000000000  0.000000000000000  0.000000000000000  0.000000000000000  0.000000000000000  0.000000000000000  1.000000000000000  0.010532560404196  1.000000000000000  0.500000000000000 
44.0    F  0.000000000000000  0.000000000000000  0.000000000000000  0.019143520811011  0.458184322337676  0.000000000000000  0.000000000000000  0.030841142058933  0.000000000000000  0.238986329398436  0.023373214974412  0.000000000000000  0.000000000000000  0.000000000000000  0.000000000000000  0.000000000000000  0.000000000000000  0.008009900296005  0.000000000000000  0.221595424798717  0.991029563264079  0.000000000000000  0.009277809891199  0.000000000000000  0.000000000000000  0.000000000000000  1.000000000000000  0.010547171758771  1.000000000000000  0.500000000000000 
45.0    Q  0.030269318413332  0.010380357922629  0.038633601903780  0.085259239679960  0.000000000000000  0.000000000000000  0.038740865623093  0.020531744174209  0.101601950248040  0.010836179446339  0.000000000000000  0.120993378361717  0.033655824256033  0.154427329640866  0.139757731370733  0.153999759180720  0.055745532463756  0.005273585879386  0.000000000000000  0.000000000000000  1.000000000000000  0.000000000000000  0.000000000000000  0.000000000000000  0.000000000000000  0.000000000000000  1.000000000000000  0.010635266535152  1.000000000000000  0.490729531926740 
46.0    A  0.054674047806614  0.000000000000000  0.132954084111648  0.045626000332954  0.000000000000000  0.173619391970639  0.047828024056958  0.004951220789197  0.000000000000000  0.009705377201441  0.000000000000000  0.196418129166895  0.027814866664141  0.032735503971869  0.096054698830501  0.122173220801351  0.030437633391976  0.024964122389036  0.000000000000000  0.000000000000000  1.000000000000000  0.000000000000000  0.000000000000000  0.000000000000000  0.000000000000000  0.000000000000000  1.000000000000000  0.010635266535152  1.000000000000000  0.490729531926740 
47.0    M  0.028855697210294  0.068821349881123  0.018971795068673  0.000000000000000  0.026830169888680  0.000000000000000  0.004951220789197  0.125956720051313  0.000000000000000  0.187634887189296  0.307572836187786  0.000000000000000  0.004334255750265  0.000000000000000  0.005770851810869  0.008263679403269  0.004343277959051  0.134903529563053  0.000000000000000  0.072896835611779  1.000000000000000  0.000000000000000  0.000000000000000  0.000000000000000  0.000000000000000  0.000000000000000  1.000000000000000  0.010627897284422  1.000000000000000  0.490729531926740 
48.0    L  0.173138683513866  0.111105335145821  0.019209982300853  0.000000000000000  0.007667648936355  0.010209103546040  0.005023818294651  0.163345656736647  0.000000000000000  0.185694115082604  0.017738157846032  0.000000000000000  0.008172538592129  0.009732323559137  0.052958277184132  0.126218912199586  0.056250120612095  0.053548872173036  0.000000000000000  0.000000000000000  0.993781093322555  0.006215128779335  0.000000000000000  0.250000000000000  0.750019494642909  0.812815601984320  0.186985719795299  0.010679589468295  0.499653546495226  0.490729531926740 
49.0    Q  0.049997508020797  0.004839252725718  0.122682382981685  0.089560103148319  0.008344261000374  0.067218399403586  0.032106294980593  0.000000000000000  0.060078808024298  0.027016788478371  0.000000000000000  0.102096123888753  0.022828818414776  0.109272327551297  0.200128702664076  0.058517015464656  0.045468146363586  0.000000000000000  0.000000000000000  0.000000000000000  0.953959550547558  0.027814866664141  0.018414678247058  0.247585717983256  0.752623373705534  0.000000000000000  1.000000000000000  0.010569126805080  0.462331639056850  0.500000000000000 
50.0    H  0.013754047086924  0.016209686508838  0.044501568612408  0.027489033622576  0.015592542484360  0.031973045929201  0.070903467808497  0.000000000000000  0.105916554368265  0.028301061969307  0.030039404012149  0.041206050452886  0.010026764824710  0.298747801214196  0.117277649562584  0.074998211398326  0.030206440533280  0.000000000000000  0.000000000000000  0.042866665268456  0.896266699569405  0.000000000000000  0.103952762296863  0.000000000000000  0.000000000000000  0.402762145524375  0.597495602428391  0.010294374622923  1.000000000000000  0.424548123223420 
51.0    L  0.018945512797840  0.012630013575087  0.000000000000000  0.010686994561738  0.093040328447909  0.000000000000000  0.000000000000000  0.108517528450130  0.000000000000000  0.574747424017338  0.035971546603993  0.000000000000000  0.000000000000000  0.000000000000000  0.000000000000000  0.021448194238358  0.012922240131926  0.095391200560035  0.000000000000000  0.015832139064986  0.973329374158238  0.000000000000000  0.026867390195094  0.000000000000000  0.000000000000000  0.126306430810845  0.873572895916694  0.012056876367648  1.000000000000000  0.316000774613202 
52.0    Q  0.026006210459735  0.021270533070304  0.121666171769780  0.054033576956742  0.012473412286823  0.055016188347697  0.148753962038334  0.000000000000000  0.020053529649420  0.045436641166260  0.000000000000000  0.160094982666221  0.041177498491692  0.110567554416443  0.011630041055989  0.099718154976129  0.026663315566002  0.031730190652170  0.009181846315779  0.004575039770386  0.903752726751086  0.009067999331123  0.087050717541815  0.142892291926755  0.857376036634172  0.051474438579223  0.948684315140454  0.013331657783001  0.500000000000000  0.306508715013289 
53.0    P  0.041006601705999  0.029687511964840  0.026979361205450  0.000000000000000  0.028086097706595  0.064435519924674  0.000000000000000  0.322417062663971  0.009752582413294  0.182377543030022  0.016097718025314  0.012967102899843  0.065607292726442  0.000000000000000  0.042926132294676  0.000000000000000  0.000000000000000  0.145289263439765  0.000000000000000  0.012301687133894  0.846745312362527  0.115262889739079  0.037759932605936  0.632001549226403  0.368056715542045  0.102521613899591  0.897510050667261  0.012770864507629  0.349411742962767  0.213306524528017 
54.0    T  0.008704637897026  0.000000000000000  0.083794536973771  0.038687196588670  0.000000000000000  0.034007576302213  0.020588749245846  0.000000000000000  0.040023745666555  0.000000000000000  0.000000000000000  0.069685388670481  0.000000000000000  0.024130472909118  0.025207554975691  0.282241101201533  0.347238783941278  0.025683755852964  0.000000000000000  0.000000000000000  0.961927454664775  0.038075320739850  0.000000000000000  0.160873655912659  0.839149637106542  0.815637493339010  0.184283652161388  0.013897796774030  0.454389058224260  0.197510327965844 
55.0    A  0.044842172956459  0.045594385757505  0.021123606766064  0.065335006262823  0.007478683267151  0.021582413252248  0.004937512103331  0.032780916486717  0.064659223844932  0.080047491333111  0.000000000000000  0.018827692421794  0.333324669272800  0.026078415036107  0.047464740306704  0.048968574184334  0.052958277184132  0.083910781423766  0.000000000000000  0.000000000000000  0.975355461527642  0.024826075003003  0.000000000000000  0.205612517178116  0.794434400096105  0.154856087222989  0.844986384412514  0.010351617320666  0.458184322337676  0.419284092220466 
56.0    E  0.048596627242660  0.006698250286204  0.201520707873242  0.197784325296362  0.007218926347241  0.110185019738396  0.019037660369925  0.008771261109950  0.028815722434770  0.000000000000000  0.015679246070461  0.033008925792246  0.010373165299863  0.071051060827251  0.066985841408518  0.092014178885511  0.045531222309313  0.016758072137780  0.016164805961233  0.003825860537449  0.919550046151658  0.080492601844364  0.000000000000000  0.570381857934212  0.429580377473592  0.950000382874886  0.050032175666019  0.010394758133443  0.357000994921266  0.432568345292494 
57.0    N  0.068393356328796  0.027699428099840  0.057711394420587  0.048562954299003  0.000000000000000  0.013602352551502  0.009957504900932  0.018338252785646  0.030332327180298  0.010394758133443  0.011998517732048  0.182504001331815  0.029831906691866  0.014091802787223  0.000000000000000  0.147419574032652  0.277200160900767  0.052012420919470  0.000000000000000  0.000000000000000  0.916368644675351  0.083852639055141  0.000000000000000  0.424253950852948  0.575943821174679  0.000000000000000  1.000000000000000  0.009752582413294  0.351111218934499  0.500000000000000 
58.0    A  0.408101523075451  0.000000000000000  0.079329430376238  0.017923547253534  0.000000000000000  0.032173127607312  0.000000000000000  0.018684684324627  0.000000000000000  0.038499939795180  0.005819052590323  0.000000000000000  0.110490941382959  0.000000000000000  0.074738737298508  0.023083407243478  0.050871449066902  0.140340177759201  0.000000000000000  0.000000000000000  0.978063473447339  0.016064278541501  0.006116830439504  1.000000000000000  0.000000000000000  1.000000000000000  0.000000000000000  0.009752582413294  0.484644908467533  0.500000000000000 
59.0    Y  0.009131072254385  0.045657636829552  0.019249969897590  0.013859317268002  0.036448417805890  0.063284675459406  0.027737854289672  0.028497911422493  0.060790934213268  0.076521024525013  0.006206518750751  0.009162773040874  0.019024469041609  0.108442335894008  0.126306430810845  0.070903467808497  0.026941985781800  0.073149915092162  0.000000000000000  0.178748123295211  0.980099415341871  0.000000000000000  0.019668080836013  0.000000000000000  0.000000000000000  0.000000000000000  1.000000000000000  0.009800017222820  1.000000000000000  0.499653546495226 
60.0    E  0.057312752700292  0.000000000000000  0.125000000000000  0.239649859623244  0.000000000000000  0.034458411345904  0.024450368179266  0.035304600455316  0.034078366645789  0.025155191800660  0.013649576498698  0.000000000000000  0.042101049277053  0.084085450532614  0.050625217102003  0.103306289769276  0.076097876166437  0.037786114869793  0.000000000000000  0.016909760070714  1.000000000000000  0.000000000000000  0.000000000000000  0.000000000000000  0.000000000000000  0.341036958719839  0.659296807246183  0.010026764824710  1.000000000000000  0.464902471306581 
61.0    Y  0.140145759753564  0.017627845897758  0.006389859832483  0.003436129202822  0.016839580391307  0.013574096642978  0.010517969291225  0.090183042928852  0.021914050791288  0.173378871141423  0.037291741969741  0.004304316858893  0.000000000000000  0.000000000000000  0.036021448337465  0.126044056861824  0.140729823267095  0.114149781251499  0.000000000000000  0.047464740306704  1.000000000000000  0.000000000000000  0.000000000000000  0.000000000000000  0.000000000000000  0.430176315305720  0.569986636346731  0.009916178797030  1.000000000000000  0.480963727332387 
62.0    F  0.010124538792448  0.007473501235093  0.000000000000000  0.000000000000000  0.585199320737295  0.000000000000000  0.000000000000000  0.037473122305972  0.000000000000000  0.189727406621757  0.009591685030586  0.000000000000000  0.000000000000000  0.000000000000000  0.000000000000000  0.000000000000000  0.000000000000000  0.120074357994185  0.000000000000000  0.040274207202657  1.000000000000000  0.000000000000000  0.000000000000000  0.000000000000000  0.000000000000000  0.000000000000000  1.000000000000000  0.009936820365184  1.000000000000000  0.495171435966512 
63.0    T  0.119079749755492  0.007370611335120  0.000000000000000  0.039363436873356  0.047596523115727  0.026369243629063  0.034891030061955  0.041926319527571  0.062500000000000  0.078074757853336  0.030649343874642  0.066569262712089  0.000000000000000  0.068109507013333  0.077643017611527  0.102025380768863  0.102521613899591  0.061298687749284  0.021388809579560  0.012638771068152  0.979420297586927  0.020319377289820  0.000000000000000  1.000000000000000  0.000000000000000  0.000000000000000  1.000000000000000  0.009936820365184  0.473028823362798  0.495171435966512 
64.0    K  0.157781504014014  0.006497047643554  0.049686578184311  0.039830019603727  0.000000000000000  0.056367211148891  0.006306258394568  0.017985773301996  0.083446768955994  0.017289021142067  0.000000000000000  0.048093975630027  0.000000000000000  0.149270398384324  0.104748391833494  0.124308771084152  0.103163176064082  0.010627897284422  0.015581738302376  0.008986655416802  0.993781093322555  0.006367752596896  0.000000000000000  1.000000000000000  0.000000000000000  1.000000000000000  0.000000000000000  0.009909307807233  0.500000000000000  0.495171435966512 
65.0    I  0.000000000000000  0.007598866776658  0.000000000000000  0.000000000000000  0.009156424091207  0.000000000000000  0.000000000000000  0.165281825642822  0.000000000000000  0.032106294980593  0.058395459180199  0.000000000000000  0.000000000000000  0.000000000000000  0.000000000000000  0.009284243008257  0.020025748815003  0.692554734055462  0.005663854815933  0.000000000000000  1.000000000000000  0.000000000000000  0.000000000000000  0.000000000000000  0.000000000000000  0.000000000000000  0.000000000000000  0.009772883438385  1.000000000000000  1.000000000000000 
66.0    A  0.535515411595727  0.027661055143111  0.000000000000000  0.007483868892365  0.007340021478234  0.036397924577139  0.000000000000000  0.008235089244459  0.000000000000000  0.055168937268166  0.130760617474066  0.000000000000000  0.008525499039492  0.004355336791905  0.005663854815933  0.061128967090459  0.010216182410443  0.101390894447130  0.000000000000000  0.000000000000000  1.000000000000000  0.000000000000000  0.000000000000000  0.000000000000000  0.000000000000000  0.000000000000000  0.000000000000000  0.009772883438385  1.000000000000000  1.000000000000000 
67.0    S  0.089188406607367  0.000000000000000  0.151669195031087  0.187634887189296  0.004989116246857  0.024382671255428  0.026811579075897  0.012006837353813  0.105330853687894  0.018098325096791  0.009585038884795  0.058476468614463  0.000000000000000  0.050380176968310  0.136597217387619  0.067032288551121  0.047366142703450  0.010445316370353  0.000000000000000  0.000000000000000  1.000000000000000  0.000000000000000  0.000000000000000  0.000000000000000  0.000000000000000  0.000000000000000  0.000000000000000  0.009745824780578  1.000000000000000  1.000000000000000 
68.0    S  0.032963197408377  0.000000000000000  0.065698306817982  0.453759577658580  0.000000000000000  0.008298118644495  0.039664715188119  0.000000000000000  0.115262889739079  0.008578850107711  0.000000000000000  0.043767385027725  0.000000000000000  0.072543994648983  0.037499105699163  0.095788747512986  0.012717862266726  0.013470992890900  0.000000000000000  0.000000000000000  1.000000000000000  0.000000000000000  0.000000000000000  0.000000000000000  0.000000000000000  0.000000000000000  0.000000000000000  0.009745824780578  1.000000000000000  1.000000000000000 
69.0    L  0.000000000000000  0.000000000000000  0.000000000000000  0.049721030234682  0.000000000000000  0.000000000000000  0.000000000000000  0.189595943171805  0.008777342992435  0.438302860658018  0.107320679554719  0.000000000000000  0.000000000000000  0.000000000000000  0.000000000000000  0.000000000000000  0.024791682599723  0.181369025979272  0.000000000000000  0.000000000000000  1.000000000000000  0.000000000000000  0.000000000000000  0.000000000000000  0.000000000000000  0.000000000000000  0.000000000000000  0.009779659833234  1.000000000000000  1.000000000000000 
70.0    F  0.000000000000000  0.000000000000000  0.000000000000000  0.009099481144285  0.750019494642909  0.000000000000000  0.000000000000000  0.020179021098474  0.000000000000000  0.141806935616994  0.000000000000000  0.014669871051804  0.019586453444386  0.000000000000000  0.000000000000000  0.000000000000000  0.000000000000000  0.044780051574159  0.000000000000000  0.000000000000000  1.000000000000000  0.000000000000000  0.000000000000000  0.000000000000000  0.000000000000000  0.000000000000000  0.000000000000000  0.009779659833234  1.000000000000000  1.000000000000000 
71.0    E  0.120658378108970  0.000000000000000  0.024552266145862  0.152830034711509  0.000000000000000  0.051688960527704  0.007243988644027  0.005175808660333  0.079164640857701  0.029197729590099  0.000000000000000  0.051474438579223  0.000000000000000  0.054183597719668  0.146604368653985  0.218847832423566  0.034746223672410  0.023535788541153  0.000000000000000  0.000000000000000  0.988970916380931  0.011179504062679  0.000000000000000  0.333324669272800  0.666649338545599  0.000000000000000  0.000000000000000  0.009779659833234  0.494485458190466  1.000000000000000 
72.0    S  0.041148966314351  0.011094588738621  0.598739352309464  0.035871950432969  0.006087223278598  0.022844647631251  0.017122058850745  0.009691932013401  0.020263118041422  0.009156424091207  0.006176477473468  0.053996136712517  0.000000000000000  0.000000000000000  0.012267626854275  0.094012734461793  0.047300524780299  0.000000000000000  0.014328188175073  0.000000000000000  0.982139595263391  0.017615631439772  0.000000000000000  0.211539649150072  0.788400174056278  0.000000000000000  0.000000000000000  0.009779659833234  0.484309094613314  1.000000000000000 
73.0    G  0.000000000000000  0.010591127553125  0.054334035005626  0.026923317491001  0.000000000000000  0.782411781736511  0.000000000000000  0.000000000000000  0.000000000000000  0.000000000000000  0.000000000000000  0.009093176050017  0.023438109207591  0.008116086744513  0.007144258511718  0.077696854306496  0.000000000000000  0.000000000000000  0.000000000000000  0.000000000000000  0.541112322262857  0.459138081150462  0.000000000000000  0.806082831492968  0.193982713568714  0.000000000000000  0.000000000000000  0.010194960528820  0.095722374818399  1.000000000000000 
74.0    I  0.000000000000000  0.032554482156507  0.000000000000000  0.000000000000000  0.098618355106558  0.000000000000000  0.000000000000000  0.386623168727659  0.030500992524257  0.088082547196376  0.023308500417054  0.009772883438385  0.071893243334413  0.000000000000000  0.000000000000000  0.000000000000000  0.061767853218796  0.197100043514070  0.000000000000000  0.000000000000000  0.926588061890371  0.073658712988230  0.000000000000000  1.000000000000000  0.000000000000000  1.000000000000000  0.000000000000000  0.010173782731008  0.395294558301972  0.500000000000000 
75.0    N  0.000000000000000  0.000000000000000  0.000000000000000  0.000000000000000  0.000000000000000  0.000000000000000  0.026369243629063  0.000000000000000  0.000000000000000  0.000000000000000  0.000000000000000  0.700763724540373  0.000000000000000  0.000000000000000  0.010394758133443  0.069492447344819  0.193177637411997  0.000000000000000  0.000000000000000  0.000000000000000  1.000000000000000  0.000000000000000  0.000000000000000  0.000000000000000  0.000000000000000  0.000000000000000  0.000000000000000  0.010194960528820  1.000000000000000  1.000000000000000 
76.0    W  0.000000000000000  0.020039634418160  0.000000000000000  0.000000000000000  0.011767894270577  0.000000000000000  0.000000000000000  0.000000000000000  0.000000000000000  0.011343424061749  0.000000000000000  0.000000000000000  0.000000000000000  0.000000000000000  0.029811235954611  0.000000000000000  0.000000000000000  0.014548356559847  0.912565488543452  0.000000000000000  1.000000000000000  0.000000000000000  0.000000000000000  0.000000000000000  0.000000000000000  0.000000000000000  0.000000000000000  0.010194960528820  1.000000000000000  1.000000000000000 
77.0    G  0.043980261728919  0.000000000000000  0.000000000000000  0.015679246070461  0.000000000000000  0.860352630611440  0.000000000000000  0.000000000000000  0.000000000000000  0.000000000000000  0.000000000000000  0.000000000000000  0.000000000000000  0.000000000000000  0.000000000000000  0.054296386571914  0.000000000000000  0.009847682746742  0.000000000000000  0.015854102290326  1.000000000000000  0.000000000000000  0.000000000000000  0.000000000000000  0.000000000000000  0.000000000000000  0.000000000000000  0.010194960528820  1.000000000000000  1.000000000000000 
78.0    R  0.000000000000000  0.000000000000000  0.000000000000000  0.000000000000000  0.000000000000000  0.000000000000000  0.016839580391307  0.000000000000000  0.147726443366796  0.000000000000000  0.000000000000000  0.008093615340313  0.000000000000000  0.017241152188156  0.801069877589622  0.009297122627396  0.000000000000000  0.000000000000000  0.000000000000000  0.000000000000000  1.000000000000000  0.000000000000000  0.000000000000000  0.000000000000000  0.000000000000000  0.000000000000000  0.000000000000000  0.010194960528820  1.000000000000000  1.000000000000000 
79.0    V  0.020039634418160  0.014978116226453  0.000000000000000  0.000000000000000  0.000000000000000  0.000000000000000  0.000000000000000  0.504525816922341  0.000000000000000  0.027853452996780  0.000000000000000  0.000000000000000  0.000000000000000  0.016839580391307  0.000000000000000  0.000000000000000  0.000000000000000  0.415811049187453  0.000000000000000  0.000000000000000  1.000000000000000  0.000000000000000  0.000000000000000  0.000000000000000  0.000000000000000  0.000000000000000  0.000000000000000  0.010194960528820  1.000000000000000  1.000000000000000 
80.0    V  0.057114465639338  0.000000000000000  0.000000000000000  0.000000000000000  0.000000000000000  0.000000000000000  0.000000000000000  0.142694338390847  0.000000000000000  0.030185510278901  0.013221228071880  0.000000000000000  0.000000000000000  0.000000000000000  0.000000000000000  0.000000000000000  0.000000000000000  0.756808396484790  0.000000000000000  0.000000000000000  1.000000000000000  0.000000000000000  0.000000000000000  1.000000000000000  0.000000000000000  0.000000000000000  0.000000000000000  0.013303964183577  1.000000000000000  1.000000000000000 
