No:  residues  hmm_col_1  hmm_col_2  hmm_col_3  hmm_col_4  hmm_col_5  hmm_col_6  hmm_col_7  hmm_col_8  hmm_col_9  hmm_col_10  hmm_col_11  hmm_col_12  hmm_col_13  hmm_col_14  hmm_col_15  hmm_col_16  hmm_col_17  hmm_col_18  hmm_col_19  hmm_col_20  hmm_col_21   hmm_col_22   hmm_col_23   hmm_col_24   hmm_col_25   hmm_col_26   hmm_col_27   hmm_col_28   hmm_col_29   hmm_col_30   
1.0    M  0.000000000000000  0.022639721164920  0.000000000000000  0.000000000000000  0.000000000000000  0.000000000000000  0.000000000000000  0.000000000000000  0.017397212784823  0.020688889224928  0.880869374126979  0.028935813203979  0.000000000000000  0.000000000000000  0.000000000000000  0.000000000000000  0.029421202016913  0.000000000000000  0.000000000000000  0.000000000000000  0.957935218222696  0.033655824256033  0.008513688376667  0.653382626946587  0.346517471412604  0.000000000000000  0.000000000000000  0.054447137008891  0.486664687079119  1.000000000000000 
2.0    S  0.171704529178703  0.000000000000000  0.012387252134536  0.000000000000000  0.000000000000000  0.020249077584896  0.000000000000000  0.000000000000000  0.000000000000000  0.000000000000000  0.026314467300263  0.000000000000000  0.057233355401133  0.000000000000000  0.027073026762503  0.610473256334567  0.041463910643661  0.032963197408377  0.000000000000000  0.000000000000000  0.881480157907170  0.103664943226805  0.014710601008456  0.541112322262857  0.458819941155683  0.349896466398799  0.650220073274240  0.050380176968310  0.423079298300145  0.491410299272626 
3.0    G  0.066893043651664  0.000000000000000  0.011565728890625  0.017110194856150  0.000000000000000  0.625898229326997  0.017725866952124  0.042452696392155  0.000000000000000  0.000000000000000  0.020574483157176  0.020404059173264  0.011017952816284  0.025102937398657  0.042688758023575  0.079164640857701  0.019330194979487  0.000000000000000  0.000000000000000  0.000000000000000  0.942784535918240  0.008930768245422  0.047994070928191  0.199990032083188  0.799960128332753  0.000000000000000  1.000000000000000  0.045499673406221  0.491410299272626  0.484309094613314 
4.0    R  0.009181846315779  0.018401918587422  0.000000000000000  0.010888884677246  0.000000000000000  0.116064606538341  0.000000000000000  0.000000000000000  0.222518933313124  0.049309177553279  0.000000000000000  0.000000000000000  0.000000000000000  0.024912264891892  0.435577096071128  0.072795849154279  0.022005378545501  0.018440224114628  0.000000000000000  0.000000000000000  0.897510050667261  0.036854893508163  0.065743861200242  0.414947292794991  0.585199320737295  0.919550046151658  0.080660155653236  0.046327094056339  0.479299719246488  0.437695664847132 
5.0    R  0.043015487549709  0.015145153389610  0.008698606392412  0.000000000000000  0.000000000000000  0.730522189272838  0.000000000000000  0.000000000000000  0.040218413978165  0.000000000000000  0.010452559021767  0.029462016747445  0.016108879981169  0.017615631439772  0.007998803909597  0.042718357873182  0.024399577893981  0.013377941946038  0.000000000000000  0.000000000000000  0.982139595263391  0.008531410513638  0.009342342162313  0.495514781632040  0.504525816922341  0.453759577658580  0.546388869550476  0.030416542942445  0.465224828851508  0.448444079831007 
6.0    K  0.015377875344278  0.000000000000000  0.000000000000000  0.015821168864851  0.000000000000000  0.010753871887427  0.046198825977308  0.000000000000000  0.644387315242508  0.000000000000000  0.000000000000000  0.020011872833278  0.020660228205353  0.044625124365158  0.078128893911576  0.016700093612672  0.061554152680972  0.025630403474898  0.000000000000000  0.000000000000000  0.906261938267334  0.021732530807969  0.072092850316251  0.722966147272874  0.277200160900767  0.661127302571287  0.338681244371342  0.027469986278493  0.450000964896756  0.465547409915115 
7.0    G  0.147419574032652  0.000000000000000  0.012216713173884  0.012985091587401  0.000000000000000  0.603321959860381  0.000000000000000  0.000000000000000  0.057471877884479  0.000000000000000  0.000000000000000  0.000000000000000  0.022734073181793  0.015570941606685  0.011800567074710  0.084964265119171  0.018414678247058  0.000000000000000  0.000000000000000  0.013148116910709  0.893785162356787  0.058233776831548  0.048227505470592  0.295452886733591  0.704660377571010  0.154856087222989  0.844986384412514  0.023243965038039  0.430474594169452  0.415235012045447 
8.0    G  0.048968574184334  0.000000000000000  0.024843289092155  0.000000000000000  0.000000000000000  0.546010272872826  0.000000000000000  0.051545846788130  0.097058609375130  0.000000000000000  0.000000000000000  0.017640068825096  0.000000000000000  0.054108535344979  0.007134361328219  0.135559676105383  0.017157700215423  0.000000000000000  0.000000000000000  0.000000000000000  0.974004268543241  0.017542522219900  0.008626553493462  0.587638164209885  0.412366774305041  0.845572287377516  0.154320325861692  0.024843289092155  0.468785548228555  0.382624192455667 
9.0    K  0.039912929974856  0.000000000000000  0.000000000000000  0.018389167769043  0.000000000000000  0.067592172717726  0.039774841727373  0.007274178279924  0.559806444327120  0.015964376292411  0.000000000000000  0.000000000000000  0.000000000000000  0.009532035236502  0.127184961512836  0.071297732241776  0.013129902378645  0.030206440533280  0.000000000000000  0.000000000000000  0.905006462882905  0.044966674375338  0.049997508020797  0.141512362763834  0.858565436437754  0.285784583853509  0.714001989842532  0.024365776331604  0.448133349784702  0.460412848602520 
10.0    G  0.108217070689957  0.000000000000000  0.078672323344054  0.021359178936591  0.000000000000000  0.318198733818986  0.009112104451472  0.034267862143372  0.050415109951383  0.007385954037115  0.000000000000000  0.042452696392155  0.000000000000000  0.000000000000000  0.041521431690516  0.076045147414629  0.043314683926575  0.168988854128516  0.000000000000000  0.000000000000000  0.791685865871272  0.010416395914775  0.197647279150986  0.127538082406057  0.872362705770759  0.272438028053332  0.727490341817379  0.024688790995731  0.484309094613314  0.434672280045011 
11.0    L  0.063022028430912  0.018048215383650  0.000000000000000  0.019695365493484  0.000000000000000  0.092654188112677  0.000000000000000  0.034267862143372  0.229887511537915  0.198884120938730  0.045816148662163  0.061810682273808  0.000000000000000  0.000000000000000  0.075206439124969  0.115663053504732  0.015463385256488  0.029543816148461  0.000000000000000  0.000000000000000  0.919550046151658  0.015030116479137  0.065335006262823  0.333324669272800  0.666649338545599  0.116145084281364  0.883927531063671  0.024281477149502  0.496890546661277  0.294839148065304 
12.0    G  0.119410367047805  0.000000000000000  0.031973045929201  0.027167017502813  0.000000000000000  0.476649272644080  0.013801797679398  0.034031156729253  0.021359178936591  0.021492840908433  0.010138584116712  0.000000000000000  0.013257935964155  0.000000000000000  0.043404847992660  0.090433430366908  0.072242919159675  0.024791682599723  0.000000000000000  0.000000000000000  0.922742492653798  0.000000000000000  0.077374393177340  0.000000000000000  0.000000000000000  0.196826994142301  0.803293996757034  0.023243965038039  1.000000000000000  0.284204243309004 
13.0    K  0.018148573936339  0.000000000000000  0.000000000000000  0.064301669243348  0.000000000000000  0.101954686667376  0.021094343517543  0.015700997194122  0.573553512113083  0.026132699997314  0.011117683290895  0.000000000000000  0.000000000000000  0.028955876934074  0.037551126547714  0.067779838052691  0.010358795002333  0.023373214974412  0.000000000000000  0.000000000000000  0.685391402489852  0.121919432690955  0.192509293559018  0.395294558301972  0.604577837916681  0.324434691734796  0.675487042267819  0.023798261557863  0.410655350376033  0.277200160900767 
14.0    G  0.121666171769780  0.000000000000000  0.007179006902180  0.000000000000000  0.017911127902006  0.404160434402784  0.000000000000000  0.017579038823263  0.105550110927973  0.038340155539181  0.000000000000000  0.000000000000000  0.050032175666019  0.000000000000000  0.019859870145401  0.120074357994185  0.059169601952295  0.025916235806701  0.000000000000000  0.012603777487846  0.891310495896971  0.044378354954482  0.064257114166004  0.594191552528466  0.405844790488639  0.078400137782562  0.921464186198704  0.022765611154656  0.473356815618357  0.241149546146035 
15.0    G  0.116145084281364  0.000000000000000  0.029543816148461  0.000000000000000  0.013303964183577  0.569986636346731  0.000000000000000  0.017469716421342  0.069252021741558  0.010503398391817  0.000000000000000  0.000000000000000  0.012904338514621  0.000000000000000  0.041377778449856  0.074686950303549  0.027911432886024  0.017039183322895  0.000000000000000  0.000000000000000  0.969289816935065  0.000000000000000  0.030479858172739  0.000000000000000  0.000000000000000  0.080828058242968  0.918912883479050  0.020934118787935  1.000000000000000  0.234230361718106 
16.0    A  0.252788020212826  0.000000000000000  0.017181502333040  0.031358492140922  0.000000000000000  0.054825846795801  0.026589491547079  0.014072280935124  0.220675749072664  0.032554482156507  0.000000000000000  0.026350972195316  0.097395572457562  0.024929538744032  0.033632503899494  0.069878865685366  0.046487930076078  0.051260806949795  0.000000000000000  0.000000000000000  0.900001929793512  0.044194173824159  0.055900306361413  0.419284092220466  0.580754365962861  0.113439894414645  0.886381699194867  0.017265070074999  0.449689156073876  0.240815473505037 
17.0    K  0.047398985792951  0.008166875782853  0.021792869786725  0.000000000000000  0.000000000000000  0.016515906883772  0.008543245761599  0.007747786958893  0.469435873657726  0.017627845897758  0.000000000000000  0.006420938963241  0.034458411345904  0.059128602920350  0.241986756723434  0.028105572254617  0.026867390195094  0.000000000000000  0.000000000000000  0.005941323254848  0.980779003988551  0.005742919282770  0.013545899429917  1.000000000000000  0.000000000000000  0.567621051073032  0.432568345292494  0.008071206153782  0.492092011016900  0.223756267731993 
18.0    R  0.074480160910878  0.000000000000000  0.000000000000000  0.324884765613860  0.000000000000000  0.022781396544009  0.021270533070304  0.009847682746742  0.144285677189605  0.005855467194358  0.000000000000000  0.006533174999329  0.034291623049351  0.020053529649420  0.286578046432095  0.027016788478371  0.005388128600887  0.010459806695144  0.000000000000000  0.006336930902946  0.965936328924846  0.002970661627424  0.031098741306878  0.445037866626248  0.555169416814320  0.227983291379942  0.772175133091785  0.007164094087536  0.475988954248766  0.336108748538157 
19.0    H  0.018453010334836  0.000000000000000  0.007355300504228  0.026607928367155  0.000000000000000  0.045216715183454  0.150517172653927  0.363241262392842  0.099373156368622  0.028399316139016  0.007124477855623  0.013184621814532  0.025137761591935  0.052120690239060  0.045594385757505  0.048697786228781  0.040079268836320  0.014130927774392  0.000000000000000  0.014639397607382  0.963929807740643  0.016862941195382  0.019478143660548  0.622437117691085  0.377618146390706  0.877213548732822  0.122937759253281  0.007174032517976  0.431370672271328  0.323760749713606 
20.0    R  0.024723040662045  0.017911127902006  0.014731008373722  0.025190088484155  0.000000000000000  0.021373989123476  0.018414678247058  0.016898043179432  0.156908998910330  0.034722147770472  0.017640068825096  0.028066636652623  0.018594245254792  0.033008925792246  0.459456441739525  0.042217940141739  0.050660319992832  0.013012121420009  0.000000000000000  0.006474569566312  0.993092495437036  0.002220345650852  0.004852688600720  1.000000000000000  0.000000000000000  0.756283998641981  0.244007940194056  0.007406460665068  0.485990493990676  0.437695664847132 
21.0    K  0.065926394816754  0.015388538170243  0.007294374569651  0.018186352100033  0.000000000000000  0.008844522672740  0.041550222130679  0.004590923157890  0.325335463860483  0.035599480538191  0.015668381810954  0.027988927190339  0.024214247842474  0.036046425158126  0.257206676973394  0.063724855187387  0.021762679385454  0.020207014560742  0.000000000000000  0.010503398391817  0.988285651500733  0.007916069532493  0.003584530790279  0.319082192207238  0.680657058249737  0.785128118673572  0.214790188736796  0.007070362991273  0.469761374607006  0.471719125447680 
22.0    V  0.013415084944340  0.013630667277668  0.013830527571555  0.011792390379067  0.037369368649254  0.015218816695988  0.015898120189104  0.092654188112677  0.095788747512986  0.133693385985656  0.031012636708932  0.003596975379707  0.015679246070461  0.039940605100095  0.038287041622021  0.053178983094159  0.024467321758017  0.098141014834197  0.000000000000000  0.252262908461170  0.980779003988551  0.005770851810869  0.013621222492767  0.226408495754456  0.773782496771195  0.356753626429470  0.643048741715302  0.006099894473495  0.478304079045937  0.484644908467533 
23.0    L  0.019572881853502  0.000000000000000  0.000000000000000  0.034674046002120  0.014731008373722  0.003319082027885  0.015799251263302  0.032128557083002  0.020660228205353  0.110185019738396  0.011557714916007  0.016413196000168  0.005410583859808  0.370616752450709  0.025102937398657  0.224066674892351  0.048260945818237  0.041550222130679  0.000000000000000  0.005754873772721  0.987600861445373  0.005101014793316  0.007583081795075  0.610896550836750  0.389042588277709  0.495514781632040  0.504525816922341  0.005924873224119  0.490389501994276  0.462652214018926 
24.0    R  0.043495199744722  0.003980043736784  0.028696130071904  0.047006367230897  0.000000000000000  0.003903543331994  0.017799740269096  0.008252231448061  0.363997387249772  0.011751591807724  0.008021012075937  0.018775563273857  0.011094588738621  0.030437633391976  0.318861097919636  0.065289735179014  0.011040887842834  0.003657313466541  0.003999401954799  0.000000000000000  0.976708528962227  0.010280113476789  0.013048248741068  0.096121301954392  0.903752726751086  0.000000000000000  1.000000000000000  0.005076324462717  0.481964903870322  0.464902471306581 
25.0    D  0.059333882559407  0.000000000000000  0.157672176103906  0.085259239679960  0.006319385534076  0.042600081477578  0.032554482156507  0.010216182410443  0.014548356559847  0.014467906601989  0.011156281091290  0.027911432886024  0.009303569135664  0.006810611246383  0.011304178795863  0.407818746669505  0.082013203411998  0.010209103546040  0.003360752463326  0.007031265076512  0.969961910341735  0.013840117485974  0.015953314464175  0.411795508633787  0.588045625145482  0.376833727389595  0.622868707784737  0.004658237782542  0.471065636952404  0.444113397921202 
26.0    N  0.070707153927869  0.006328152137750  0.070756181381917  0.053734780390188  0.000000000000000  0.069396177101790  0.005354620331952  0.014278616409834  0.039747281460737  0.005418089723169  0.003488929110753  0.074016975740852  0.020474896935287  0.069540632536552  0.029056404456661  0.115183023274838  0.303759197976254  0.040162698045918  0.000000000000000  0.008644510571033  0.966606097064973  0.017960857000542  0.015777364024948  0.108292107050011  0.891928519420093  0.673616788432845  0.326238736922239  0.004410017206274  0.471065636952404  0.398872619904516 
27.0    I  0.018465805420849  0.005208197957387  0.213454428597811  0.220981882765918  0.002152158429447  0.031774208540374  0.011923900070004  0.081333865965121  0.086210057614191  0.047136877396456  0.018853811245637  0.068393356328796  0.010569126805080  0.024163948045479  0.087231922757635  0.032735503971869  0.013257935964155  0.020934118787935  0.000000000000000  0.005255340658288  0.954621014139717  0.035476315692065  0.009624984948795  0.416387885440275  0.583579050909234  0.473356815618357  0.526680517977418  0.003993861447695  0.358737383651676  0.410940093647425 
28.0    Q  0.088695209762524  0.009061716050824  0.021627339313304  0.026405824512891  0.048060650977196  0.010709240663904  0.039802421103953  0.030798416779355  0.016676958406874  0.389852421305662  0.030500992524257  0.024348893114391  0.028203147733201  0.043164826504496  0.072543994648983  0.041206050452886  0.035599480538191  0.030458738465361  0.000000000000000  0.012191335627714  0.947370070599268  0.049070507417098  0.003687861012306  0.463615273217731  0.536258308408971  0.703684187662699  0.296478624852737  0.003530284088871  0.321970407377456  0.390122740086852 
29.0    G  0.047202268298838  0.006578616825066  0.028895727441053  0.080492601844364  0.026223426159579  0.120574773073017  0.015061403245948  0.061383724703962  0.022797192878753  0.255784367433608  0.009578397344165  0.026904662135591  0.008110463051118  0.087777804733625  0.016804599850897  0.070170088879601  0.032061817041786  0.043888902366812  0.010096506489355  0.029708096913432  0.927230546435463  0.070805242830987  0.001746884573794  0.448444079831007  0.551716870020980  0.884540435331541  0.115502821555853  0.003455236075514  0.224844578036938  0.446273485736488 
30.0    I  0.009985151275024  0.002279605667614  0.000000000000000  0.000000000000000  0.209351621877107  0.000000000000000  0.004815829396343  0.307999518361439  0.000000000000000  0.353308410970682  0.021853376292788  0.002927733597179  0.015124172295215  0.003906250000000  0.000000000000000  0.009329399899020  0.006968191557969  0.040107059298841  0.001774957258689  0.010159688644910  0.994470168673214  0.000000000000000  0.005339794734148  0.032374461361251  0.967947026893737  0.141120550600766  0.858565436437754  0.003230560032982  0.495858365369147  0.482633512435878 
31.0    T  0.029769937438873  0.007577827424545  0.000000000000000  0.002473895026803  0.003639611051972  0.015082297263621  0.009387781636929  0.004546588025008  0.012824087637664  0.024757337841405  0.000000000000000  0.015314053364717  0.608361179317034  0.009800017222820  0.103593113060999  0.092589987376270  0.060287386536509  0.000000000000000  0.000000000000000  0.000000000000000  0.993092495437036  0.005418089723169  0.001789782509132  0.289573201548661  0.710546021590680  0.438606774366411  0.561360711036804  0.003190503871524  0.467811748915700  0.471392267959120 
32.0    K  0.027969533466499  0.002048807280420  0.007099829034754  0.006574058455355  0.007726335284226  0.002550507396658  0.008275143239718  0.068393356328796  0.343171107813728  0.080996310339583  0.012904338514621  0.023914012028479  0.018749552849581  0.034746223672410  0.126044056861824  0.020861692238999  0.031401994388243  0.168404197108211  0.003127010979126  0.004978752450466  0.998614666101029  0.001176730776362  0.000000000000000  1.000000000000000  0.000000000000000  0.000000000000000  1.000000000000000  0.003131348942966  0.499653546495226  0.475000191437443 
33.0    P  0.292396916012987  0.003860490826175  0.067968024428430  0.043737058299850  0.004917020209003  0.117848066989780  0.004645340292979  0.023003544721378  0.015019702006074  0.130127699710514  0.014508075817293  0.007520269086732  0.046455718263469  0.010627897284422  0.027814866664141  0.132677901118724  0.039609766313576  0.011156281091290  0.002522377637309  0.003467231786209  0.997922718999051  0.002234240182039  0.000000000000000  0.797745239809033  0.202500868408011  0.000000000000000  1.000000000000000  0.003111875376116  0.489370825198718  0.475000191437443 
34.0    A  0.139757731370733  0.019695365493484  0.013975076590353  0.005949565389466  0.007254037908646  0.008367428306183  0.013649576498698  0.040836414184162  0.023115429832013  0.015909143746322  0.008065613558463  0.049343367918785  0.200267469397406  0.006886563733650  0.195196623151848  0.093622558401511  0.099511012347347  0.048934643516034  0.002438145603323  0.007193950759414  0.950000382874886  0.047300524780299  0.002895443378521  0.381300413314071  0.618995145418723  0.498615625676035  0.501388217950539  0.003030979899511  0.374230746698173  0.475000191437443 
35.0    I  0.008076802626937  0.002707167745411  0.000000000000000  0.000000000000000  0.207329886453610  0.002319452472800  0.000000000000000  0.334945900606960  0.000000000000000  0.074325444687670  0.043737058299850  0.000000000000000  0.000000000000000  0.000000000000000  0.000000000000000  0.004795842515293  0.019627224705368  0.298747801214196  0.003455236075514  0.000000000000000  0.994470168673214  0.000000000000000  0.005425605999082  0.000000000000000  0.000000000000000  0.191047065095646  0.808881348361739  0.002278026112868  1.000000000000000  0.483973513446869 
36.0    R  0.082240907814313  0.011605882192663  0.025719385789960  0.045657636829552  0.007208925723858  0.045029054651185  0.091823039579894  0.012770864507629  0.169340622185671  0.015113692650218  0.016288527513143  0.032644867589507  0.011589804170634  0.150830489965095  0.125347054487635  0.065063849855257  0.042836962655616  0.023748825881274  0.002246663854200  0.022939853688033  0.992404374685819  0.005738939973743  0.002090407614115  0.117196387057139  0.882702996290655  0.445346450303340  0.554784736033923  0.002384661157557  0.460093825312437  0.475000191437443 
37.0    R  0.047333322371155  0.008252231448061  0.045626000332954  0.047333322371155  0.000000000000000  0.010075533208249  0.021300040738789  0.003982803449212  0.159430548959818  0.016481598704188  0.005823087448433  0.017787406704295  0.000000000000000  0.048664043191354  0.474342157570227  0.046843737554861  0.018723578458428  0.024147204676500  0.000000000000000  0.003749723675933  0.988285651500733  0.001278794358480  0.010694404789780  0.166662334636400  0.833353207159218  0.219912268980609  0.780245480173703  0.001086572383384  0.500000000000000  0.479632059662632 
38.0    L  0.011477879947487  0.003936147501604  0.000000000000000  0.004239177233913  0.107842668067832  0.003201580498584  0.013048248741068  0.247071412875183  0.008367428306183  0.373712312158735  0.048799155787962  0.002991324213075  0.005129379396188  0.007109678313132  0.002794876015670  0.008650504566283  0.014229216149875  0.108067153913483  0.006310631075075  0.022892201165802  0.997231251352069  0.002273294012504  0.000401586947614  0.296067902963408  0.703684187662699  0.785672516667580  0.214492632607173  0.001037984056991  0.462011286223412  0.454389058224260 
39.0    A  0.211833108736530  0.036880448229256  0.000000000000000  0.003949812815825  0.018453010334836  0.014397877909355  0.007812500000000  0.119824929811622  0.002802635809779  0.215685336135664  0.109956134490304  0.000000000000000  0.009658400475945  0.006228066222973  0.004819168632068  0.019037660369925  0.013012121420009  0.201940194402402  0.000000000000000  0.003537632746163  0.996540262827868  0.003208244924813  0.000000000000000  0.198196034152571  0.801625329399394  0.739181215636921  0.260797148382465  0.001103268764229  0.477641468191219  0.489370825198718 
40.0    R  0.059622471909222  0.009820416988452  0.014130927774392  0.075310769687174  0.003690418128895  0.011533706294397  0.023405639600378  0.002259156609190  0.332401777045429  0.024467321758017  0.007070362991273  0.023980407750014  0.003876579588616  0.055168937268166  0.290175978595930  0.029708096913432  0.014437852694482  0.013621222492767  0.005277242517717  0.000000000000000  0.986232704493359  0.009322935492435  0.004319260364532  0.217637640824031  0.782411781736511  0.000000000000000  1.000000000000000  0.001096407638744  0.463936738235641  0.500000000000000 
41.0    R  0.042985681816867  0.003804704173997  0.057273040292209  0.310141824428847  0.003692977018558  0.021300040738789  0.014130927774392  0.003809982271592  0.103736823198748  0.031401994388243  0.009181846315779  0.031467360939272  0.002359995787871  0.069156084568267  0.112188756333408  0.140729823267095  0.031055659166330  0.009194583884522  0.000000000000000  0.002421304101443  0.994470168673214  0.005065779510356  0.000535064339086  0.284795844305529  0.714992493180845  0.340092713101489  0.659753955386447  0.001099451744274  0.466516495768404  0.478967609111348 
42.0    G  0.106284270008024  0.019037660369925  0.055054335882936  0.017799740269096  0.010216182410443  0.171347850622463  0.041984482053791  0.182504001331815  0.030416542942445  0.047861187409199  0.043194756454018  0.030143693268254  0.002841759147724  0.013111713079790  0.018581361171918  0.055784185717061  0.023568438698228  0.122512426917734  0.002260723080059  0.005520443921417  0.853817714391245  0.141708676597303  0.004490214250135  0.294430697398745  0.705637921704346  0.286578046432095  0.713507252858939  0.001096407638744  0.175799149989140  0.485653747770817 
43.0    G  0.088204740213043  0.007314626933082  0.074016975740852  0.016653855251062  0.003440895992684  0.324434691734796  0.036196650193583  0.032849153408991  0.040610595701733  0.105550110927973  0.010258758792376  0.059292769696278  0.029935475569459  0.012413037501502  0.032599643547808  0.046520164223954  0.051868411599374  0.019763742849280  0.000000000000000  0.008155561932982  0.905006462882905  0.084494427064258  0.010401965728409  0.277777182163773  0.722465198961763  0.377618146390706  0.622437117691085  0.001094130091986  0.252262908461170  0.436181352885379 
44.0    V  0.082812938565325  0.009400804890621  0.017373111836205  0.012157580883678  0.060875266783953  0.014239082509955  0.017253106986923  0.133693385985656  0.017027376753333  0.057871626407958  0.011990203875007  0.036498981081660  0.130308220105140  0.046038990181765  0.019130256131253  0.034482304376311  0.021838233935173  0.211100221855945  0.001737224596754  0.064079202368037  0.593779833036705  0.378141999320990  0.027872766231878  0.434371092575312  0.565657231422950  0.554016173932463  0.445964259710046  0.000988137891628  0.022297101651842  0.405001736816023 
45.0    K  0.043434944370073  0.006129563264818  0.045531222309313  0.104821023055116  0.029258507732328  0.039500096826650  0.044873265956982  0.036372704200067  0.134436798807172  0.101813445383777  0.033960464453939  0.032917532373589  0.016816251949747  0.039968299414920  0.060959716345478  0.050660319992832  0.089560103148319  0.051189793616239  0.003335225446841  0.034506213973847  0.891310495896971  0.095722374818399  0.013120804577252  0.511923450214221  0.488015880388112  0.787853886049346  0.212126975426474  0.001043032625047  0.205327675188016  0.360232437209480 
46.0    R  0.034149304346905  0.010828670981644  0.021477948368313  0.034007576302213  0.001946367700836  0.047960815500028  0.016584737639841  0.026718818059124  0.091125586176036  0.025755065154789  0.030479858172739  0.057992092279455  0.044071811265137  0.032622247731929  0.375269774378593  0.075939799494064  0.036096430767300  0.027073026762503  0.004331252514074  0.005675644724888  0.988970916380931  0.004985659253238  0.006267040362129  0.213750544472993  0.786217292140332  0.504525816922341  0.495514781632040  0.001120998451030  0.485990493990676  0.428094142273228 
47.0    I  0.049859077488065  0.023617498879941  0.009137403625406  0.015155654849090  0.130942015887475  0.003486511607316  0.008656502717695  0.282045534364128  0.016711673248207  0.112734422297781  0.035109371969739  0.000000000000000  0.006987538295177  0.003559770627489  0.002903482391467  0.006829520471956  0.014437852694482  0.195874296737335  0.038287041622021  0.043767385027725  0.998614666101029  0.000000000000000  0.001560257649315  0.000000000000000  0.000000000000000  0.204759174464957  0.794985250948974  0.001274370066102  1.000000000000000  0.429282718218877 
48.0    S  0.077750728331154  0.006061959799022  0.030269318413332  0.056406295466402  0.002958332648197  0.089995707407168  0.009137403625406  0.031141883213371  0.010613174098039  0.003767961658532  0.000000000000000  0.034602018265134  0.018023212579063  0.142991371650476  0.023003544721378  0.322417062663971  0.090621677054928  0.042511589137686  0.002087511701584  0.005524271728020  0.981459063853479  0.002147687791630  0.016164805961233  0.693034942825207  0.307146745111412  0.253138701837623  0.746906728556171  0.001258568975083  0.484309094613314  0.436483795566881 
49.0    G  0.133600748901376  0.009042892320235  0.075206439124969  0.103449602009776  0.004752821713414  0.043797732783773  0.013621222492767  0.003417127987913  0.169458040850000  0.008093615340313  0.006232384686008  0.044102370106522  0.089250248730317  0.044687030823803  0.044563303667629  0.158439065254303  0.022939853688033  0.018958649378886  0.001732414658500  0.004568701812703  0.907519155317161  0.089622203000989  0.002604098978694  0.993092495437036  0.006881791985367  0.412652704256329  0.587230985606827  0.001552705568260  0.251215955105946  0.404440674180870 
50.0    L  0.064390872101255  0.003346804510815  0.212421249784663  0.182757181050004  0.015635834179103  0.066800374450688  0.011343424061749  0.016792955825867  0.049070507417098  0.026663315566002  0.014367969471120  0.027167017502813  0.020574483157176  0.052775055463986  0.060037178997092  0.100133734698703  0.046038990181765  0.013773127467300  0.002712802999541  0.013248749447393  0.995849753094458  0.001701473031528  0.002616764848492  0.500000000000000  0.500000000000000  0.210515738402104  0.789493886700555  0.001376289799943  0.495514781632040  0.434070113800521 
51.0    I  0.505926600513464  0.024843289092155  0.005072807041914  0.008986655416802  0.023650262390150  0.028716027608720  0.002282768063596  0.050765774772265  0.022467758325734  0.007651721074898  0.004795842515293  0.004502681042183  0.030819772015417  0.002235789376169  0.008390659934532  0.070072879876782  0.056445406884489  0.140340177759201  0.000000000000000  0.002061628354762  0.996540262827868  0.003479269142995  0.000000000000000  0.156583054828016  0.843231110250112  0.000000000000000  1.000000000000000  0.001275253698329  0.490729531926740  0.439519780455894 
52.0    Y  0.077213664820433  0.007888682012474  0.004446851676074  0.017554685984869  0.022219959540426  0.004958089398515  0.003739341633575  0.132954084111648  0.060037178997092  0.216884671788017  0.061426287409078  0.003778423162554  0.100272645794061  0.004866161779568  0.054825846795801  0.030564483545229  0.013257935964155  0.116790918360398  0.000000000000000  0.066201145917742  0.994470168673214  0.003799433388329  0.001535580648712  0.632878296985140  0.367037659008526  0.039774841727373  0.959929261038908  0.001276137943255  0.488015880388112  0.439519780455894 
53.0    E  0.078400137782562  0.005990947889348  0.127803566326240  0.197784325296362  0.020011872833278  0.042511589137686  0.016607744911852  0.047333322371155  0.042836962655616  0.071347169195423  0.020847237026215  0.038473262917029  0.013075410041928  0.032963197408377  0.018840747307668  0.052120690239060  0.031884520601514  0.128158404736074  0.007416735319926  0.005585878852975  0.998614666101029  0.000000000000000  0.001162140328424  0.000000000000000  0.000000000000000  0.304391504665747  0.695440985854994  0.001257696903818  1.000000000000000  0.434672280045011 
54.0    E  0.265723918589638  0.027834153143959  0.037759932605936  0.092525831125003  0.021035938582450  0.003421868418231  0.013611784252223  0.045468146363586  0.017445515030978  0.108592773143828  0.022514527325593  0.012301687133894  0.008961773626767  0.053883971563600  0.010351617320666  0.044194173824159  0.055168937268166  0.060496689180859  0.000000000000000  0.098550021757035  0.997922718999051  0.001898400367151  0.000412877093446  0.035946621667206  0.963929807740643  0.000000000000000  1.000000000000000  0.001261188818655  0.497924876547229  0.450625231305415 
55.0    T  0.032307210507749  0.009335868787944  0.000000000000000  0.000000000000000  0.045185384204555  0.006099894473495  0.002254463706088  0.156149515706672  0.000000000000000  0.485990493990676  0.097801472717064  0.000000000000000  0.007817917089551  0.004111840448084  0.003778423162554  0.022530138616566  0.025880333166705  0.097598311575924  0.000000000000000  0.003363082766949  0.999307092990453  0.000683391535935  0.000000000000000  0.099995016041594  0.900001929793512  0.000000000000000  1.000000000000000  0.001262063311169  0.500000000000000  0.438606774366411 
56.0    R  0.199436309952258  0.010202029586632  0.016933218231950  0.016424576704495  0.002086065250093  0.015722778492153  0.016008700359888  0.014649548382142  0.012182888165802  0.055207190717592  0.021329589341956  0.085673925311231  0.021344379011787  0.209061599978516  0.074635199192162  0.089436032501432  0.093687475109722  0.042541066140609  0.000000000000000  0.003445669395301  1.000000000000000  0.000000000000000  0.000000000000000  0.000000000000000  0.000000000000000  0.000000000000000  1.000000000000000  0.001262063311169  1.000000000000000  0.438606774366411 
57.0    G  0.135936048856860  0.005406834828326  0.108142086323124  0.319524840800763  0.004772629303412  0.036372704200067  0.005455775517451  0.002564689698094  0.097260647069427  0.008881382603406  0.008166875782853  0.027776333786455  0.006787048321489  0.046198825977308  0.067311648512066  0.062456693311903  0.035206850890540  0.015931213796847  0.000000000000000  0.005778857458003  0.997922718999051  0.001766365971799  0.000000000000000  0.333324669272800  0.666649338545599  0.000000000000000  1.000000000000000  0.001262063311169  0.490389501994276  0.438606774366411 
58.0    V  0.297507924076669  0.081729459283547  0.039200068891281  0.017701310707747  0.069204036530268  0.012174446557195  0.005193777766335  0.093234001668217  0.004221583601716  0.052958277184132  0.045279442329840  0.004177918312052  0.003443281866825  0.005336094752947  0.002048807280420  0.060371020557803  0.021959667190730  0.172898828626371  0.000000000000000  0.011233879162867  1.000000000000000  0.000000000000000  0.000000000000000  0.000000000000000  0.000000000000000  0.000000000000000  1.000000000000000  0.001262063311169  1.000000000000000  0.438606774366411 
59.0    L  0.178376813214735  0.065425642623411  0.000000000000000  0.002273294012504  0.032106294980593  0.008632535037499  0.008668511500530  0.083158065067543  0.001924901048710  0.213898756420651  0.040554336466849  0.002869469986872  0.011063870611051  0.005104551773020  0.005343497280869  0.084670311092835  0.086150322060977  0.138696184008481  0.003289308412533  0.027795593548059  0.998614666101029  0.000000000000000  0.001508154556820  0.000000000000000  0.000000000000000  0.037629293163482  0.962594443101751  0.001262063311169  1.000000000000000  0.438606774366411 
60.0    K  0.024586326417299  0.009042892320235  0.054447137008891  0.434070113800521  0.016723260912916  0.005900283537355  0.018161157929971  0.014659706195323  0.078454499455165  0.008887540842754  0.004578212045604  0.029914733068603  0.003179465566681  0.046198825977308  0.046746429948825  0.064301669243348  0.062716984281844  0.032486857349227  0.010650020369395  0.034434534871144  0.996540262827868  0.002274870286071  0.001522861020725  0.250000000000000  0.750019494642909  0.106505511884358  0.893165852352760  0.001264690428569  0.493458272942921  0.434070113800521 
61.0    I  0.115103212150630  0.009472756398920  0.106727214298906  0.119741902277837  0.030143693268254  0.008537326086726  0.017074652173452  0.035847094507068  0.026718818059124  0.055784185717061  0.035624164771671  0.019970302550048  0.006665828891501  0.021582413252248  0.088818252698835  0.044194173824159  0.013527133836245  0.065743861200242  0.013763583970734  0.164938488846612  0.999307092990453  0.000000000000000  0.000781211062825  0.000000000000000  0.000000000000000  0.000000000000000  1.000000000000000  0.001263814115706  1.000000000000000  0.433468781757343 
62.0    F  0.005875795903862  0.005104551773020  0.002458510104502  0.006202218210404  0.324659650682471  0.000000000000000  0.013649576498698  0.041463910643661  0.011446100582901  0.173138683513866  0.055552667572911  0.005711161907813  0.007525483547032  0.028537445312875  0.070805242830987  0.004459198074714  0.016781319869064  0.039774841727373  0.005478512697822  0.181369025979272  0.996540262827868  0.000765664505933  0.002964490728465  0.073048578035078  0.927230546435463  0.354780839050096  0.645281245225889  0.001264690428569  0.489370825198718  0.431071772508798 
63.0    L  0.062803988776487  0.020095273178603  0.007249011534932  0.023227859131735  0.054674047806614  0.014843755982420  0.005970220784239  0.220522841299294  0.015920174947136  0.262611136002688  0.028915763376183  0.001977646108106  0.002141741383961  0.008060024838292  0.018048215383650  0.011965296852300  0.093622558401511  0.129947429396910  0.011094588738621  0.006398724202030  0.899378312147752  0.099649059567567  0.000716373703207  0.164367845025634  0.835666958921854  0.160205990520024  0.839731492944140  0.001376289799943  0.252437824399171  0.447202450891303 
64.0    E  0.105257869201052  0.016424576704495  0.029441602309525  0.122597375498569  0.009316475565083  0.034410674940561  0.047994070928191  0.032039601184019  0.066017851584491  0.054978067245152  0.014988501864457  0.020011872833278  0.002379707546241  0.035036439938391  0.132954084111648  0.072997962163320  0.076415017355754  0.118832387653727  0.005451995172352  0.002433080889784  0.991029563264079  0.003043611639299  0.005609158244623  1.000000000000000  0.000000000000000  0.000000000000000  1.000000000000000  0.001369628174455  0.496546247718518  0.449377563305515 
65.0    N  0.045562793088018  0.010322956294205  0.048900736358532  0.212126975426474  0.043134917293645  0.057233355401133  0.035036439938391  0.041665583659100  0.053734780390188  0.033749267494778  0.029421202016913  0.058233776831548  0.003672555478551  0.077804639711386  0.053623158151793  0.064883704408941  0.038553349056547  0.028497911422493  0.001766365971799  0.062025273417864  0.991716730738293  0.006091444082901  0.001940978697896  0.186338798349865  0.813943185070435  0.380244688310252  0.619853849969493  0.001384902378593  0.462652214018926  0.434973676354325 
66.0    V  0.024063661694877  0.005667782061852  0.002173144766767  0.005313948642211  0.031950891581560  0.004964967536350  0.004106144176124  0.261340025051291  0.000000000000000  0.290175978595930  0.022955759894974  0.000000000000000  0.000000000000000  0.004471578752339  0.010265872087104  0.000000000000000  0.020109206989082  0.309283119671793  0.000000000000000  0.003109719135855  1.000000000000000  0.000000000000000  0.000000000000000  0.500000000000000  0.500000000000000  0.263340258988709  0.736623842908240  0.001382983826381  0.497579860910041  0.453759577658580 
67.0    I  0.130670012525646  0.016153605253874  0.000000000000000  0.000000000000000  0.131487722400484  0.057511728164055  0.000000000000000  0.104241380478121  0.006555856539895  0.218847832423566  0.027795593548059  0.003634568975402  0.007104751967193  0.004635690615846  0.008037708655419  0.092205716067677  0.103306289769276  0.080325396091836  0.000000000000000  0.007457976672967  0.899378312147752  0.095259051896236  0.005570412958454  0.222673225151670  0.777546035882558  0.115663053504732  0.884540435331541  0.001515489949756  0.259175275254930  0.466516495768404 
68.0    R  0.046714039019842  0.005707204603694  0.050205874797315  0.295452886733591  0.006376586298054  0.046778843337272  0.024774504269071  0.009400804890621  0.102025380768863  0.023163547028169  0.012603777487846  0.030926770512975  0.001914256670590  0.090810315598211  0.071198961076382  0.112344390826379  0.051438771579919  0.013545899429917  0.000000000000000  0.004537143484085  0.984866442895551  0.010791206626124  0.004018854327709  0.070805242830987  0.929160674250913  0.202641279971327  0.797192476540536  0.002293871037527  0.459456441739525  0.447202450891303 
69.0    D  0.035996488823417  0.024791682599723  0.295657750061036  0.183391668020915  0.016322433794754  0.018814646581741  0.026774436086518  0.018325546081748  0.041234622211653  0.117766409238101  0.015799251263302  0.025952188252840  0.003900838539457  0.029625842660270  0.035012162943568  0.037369368649254  0.038687196588670  0.017799740269096  0.002327505028465  0.014477938467037  0.999307092990453  0.000000000000000  0.000969816890075  1.000000000000000  0.000000000000000  0.207329886453610  0.792784136610284  0.002217269730754  0.498270131413934  0.446892581178393 
70.0    A  0.557096825409666  0.028696130071904  0.006236706143411  0.000000000000000  0.002671748640435  0.018581361171918  0.000000000000000  0.010716666317114  0.000000000000000  0.073048578035078  0.004140440560146  0.004802495575213  0.008149910886952  0.011549706494327  0.001915583992165  0.184283652161388  0.066430979647410  0.021883692513863  0.000000000000000  0.000000000000000  0.989656656415207  0.001718064601411  0.008912216530222  0.333324669272800  0.666649338545599  0.000000000000000  1.000000000000000  0.002220345650852  0.496890546661277  0.454074208860755 
71.0    V  0.071594868623735  0.025242524300300  0.008992886650998  0.051118878659861  0.017313005435389  0.121581868426536  0.022624033943431  0.062586703481958  0.030713143704539  0.041607862913637  0.012603777487846  0.172181255797892  0.006891338790603  0.036096430767300  0.047202268298838  0.076733480244691  0.031620412532092  0.098550021757035  0.022813000166477  0.041984482053791  0.993781093322555  0.004250947037777  0.001882675405743  0.230685623163450  0.769503610080431  0.111336612575835  0.888842681166570  0.002245107125068  0.478635729097649  0.425137080032098 
72.0    T  0.082469244423306  0.009902441578394  0.060706718471352  0.096254646779509  0.011063870611051  0.013359409029562  0.011525714508460  0.046843737554861  0.120157616048595  0.152195752332873  0.036701936600427  0.110874538144019  0.010117523428550  0.048127323389754  0.038473262917029  0.042688758023575  0.067826835742613  0.034339194299277  0.001539844089954  0.004862789981962  0.986232704493359  0.005328702479997  0.008315392050417  0.311866392978511  0.688247800795349  0.651122094784514  0.349169633116849  0.002251340521092  0.479964630519454  0.426022047537433 
73.0    Y  0.103952762296863  0.110185019738396  0.000000000000000  0.027699428099840  0.127626515713399  0.007609408347994  0.028795755818709  0.072947381363654  0.016968466505036  0.130127699710514  0.016435965300061  0.018879966302968  0.000000000000000  0.011816937478781  0.031642337729703  0.017627845897758  0.021255794568843  0.084318908396231  0.004094775294988  0.168054374269078  0.994470168673214  0.000000000000000  0.005418089723169  1.000000000000000  0.000000000000000  0.194656172765415  0.805524291048750  0.002197379852908  0.500000000000000  0.447822835045425 
74.0    T  0.439519780455894  0.120825762133122  0.000000000000000  0.000000000000000  0.003914381269842  0.005802941096331  0.006924857024960  0.012700243781005  0.011557714916007  0.020905118043533  0.074894313833714  0.004163463812765  0.017812082385835  0.007238969233519  0.011525714508460  0.115663053504732  0.112890813768978  0.028855697210294  0.000000000000000  0.004876291206647  0.993092495437036  0.004379554992299  0.002455104247113  0.366275218652834  0.633756261017212  0.000000000000000  1.000000000000000  0.002200428180659  0.482299092292069  0.442270217665770 
75.0    E  0.029319412390646  0.011164016716727  0.037343475151774  0.153466960489383  0.004706923105448  0.014258835758491  0.047202268298838  0.087716982877442  0.135184345435452  0.047071577082307  0.026132699997314  0.053586002289636  0.011272880366106  0.073099229003247  0.155393708612992  0.029708096913432  0.032826392000336  0.035698320214017  0.000000000000000  0.014864348067684  0.988285651500733  0.007045901393611  0.004726539411013  0.189070999660495  0.811127155577043  0.087960523457837  0.911933165519769  0.002208067513915  0.467487598875728  0.436786447958347 
76.0    H  0.041148966314351  0.005006437203751  0.088143622530274  0.047006367230897  0.008632535037499  0.018440224114628  0.428688018317086  0.014854048456716  0.052811649025782  0.055207190717592  0.007274178279924  0.036752851571593  0.009868181733170  0.032374461361251  0.038875364165577  0.040246300922182  0.022343515411901  0.007124477855623  0.000000000000000  0.045310838527464  0.991029563264079  0.004920429609170  0.004192422993724  0.263705579267015  0.736113431084089  0.248445273330639  0.751580739032781  0.002200428180659  0.480963727332387  0.406407800992160 
77.0    A  0.352086056728020  0.013102627881890  0.034722147770472  0.060706718471352  0.012259126529637  0.063153215405423  0.022561393680039  0.008235089244459  0.032871930600121  0.020948634243443  0.000000000000000  0.093882495433808  0.019846109102169  0.031862427593693  0.066430979647410  0.123964591342287  0.027148193285957  0.008626553493462  0.003374758544532  0.004126115724031  0.994470168673214  0.005244423838985  0.000000000000000  0.379191886343611  0.620713745763056  0.542614685940904  0.457549584063964  0.002211130668185  0.459456441739525  0.416676603579609 
78.0    R  0.017861536490844  0.006040987011370  0.025826572442319  0.029646384848139  0.000000000000000  0.195467410782148  0.025755065154789  0.000000000000000  0.430176315305720  0.012166010797838  0.001751734686840  0.072343138561883  0.004626060983803  0.027872766231878  0.091950421615984  0.049617745683228  0.008930768245422  0.000000000000000  0.000000000000000  0.000000000000000  0.986916545885842  0.005002968208319  0.008217982650030  0.394473420426233  0.605416541975277  0.437392382452911  0.562529242344405  0.002205008603137  0.472046209575125  0.462011286223412 
79.0    R  0.023519480428298  0.018568486016515  0.002055920224042  0.019736363466341  0.002138774357019  0.016356410655853  0.020847237026215  0.003407666819417  0.163345656736647  0.006125316047467  0.004752821713414  0.002439836182917  0.004785880202753  0.006638164055771  0.630688704415625  0.042393885232740  0.006596881932998  0.019437682082789  0.003812624065532  0.002492829626619  0.987600861445373  0.011319860582460  0.001277022801305  0.171823586946504  0.828170661334546  0.349654020684615  0.650220073274240  0.002254463706088  0.457866843209063  0.445037866626248 
80.0    K  0.031884520601514  0.010294374622923  0.013508394239185  0.013820944302055  0.007193950759414  0.005044755274618  0.016367751985934  0.026589491547079  0.340092713101489  0.030164594527242  0.008082402980616  0.023260082111977  0.015124172295215  0.039200068891281  0.094273754792911  0.082698214994258  0.103952762296863  0.136881558849197  0.000000000000000  0.001689720098799  0.985549336939371  0.014268722656437  0.000000000000000  0.482633512435878  0.517632461920689  0.146909541052471  0.853226098112067  0.002263859281063  0.455966582759885  0.459775023075829 
81.0    T  0.015625000000000  0.008071206153782  0.012140738574751  0.026223426159579  0.006425391161816  0.007726335284226  0.017193415771346  0.028027754989438  0.046359216682535  0.024147204676500  0.010423618513108  0.020963159763785  0.021702423996330  0.022624033943431  0.123279088061670  0.019370432811547  0.561360711036804  0.028379638053797  0.000000000000000  0.000000000000000  0.990342871933025  0.005328702479997  0.004192422993724  1.000000000000000  0.000000000000000  0.492433221447775  0.507331273290440  0.002285934846630  0.487677730763821  0.460732093099352 
82.0    V  0.004739662344721  0.013129902378645  0.000000000000000  0.000000000000000  0.009036626436760  0.004319260364532  0.009361789229214  0.396117405462485  0.003807342308170  0.257920794825340  0.019640833976904  0.003627018954323  0.028222703442244  0.000000000000000  0.000000000000000  0.016723260912916  0.002903482391467  0.226408495754456  0.004032806779231  0.000000000000000  0.995849753094458  0.004038401313469  0.000000000000000  1.000000000000000  0.000000000000000  0.310572070446110  0.689680460913530  0.002278026112868  0.492433221447775  0.452503231441453 
83.0    T  0.040808118346529  0.014427848605147  0.050660319992832  0.047398985792951  0.009929935072701  0.018632951130166  0.010040674511479  0.043585739573450  0.067405026980903  0.031336763621909  0.095061172077563  0.113518552215189  0.002983041988204  0.066754088002991  0.022158438057492  0.085318357367823  0.257028456664017  0.016367751985934  0.000000000000000  0.006601456128223  1.000000000000000  0.000000000000000  0.000000000000000  0.250000000000000  0.750019494642909  0.212715932376635  0.787307976569203  0.002278026112868  0.498270131413934  0.468136123717246 
84.0    A  0.170282254330061  0.012709049970814  0.011776053980925  0.029523345031163  0.012157580883678  0.045847917005229  0.005843303743603  0.025471010387582  0.040190546357206  0.043404847992660  0.010351617320666  0.005746901350999  0.265539796623843  0.020674553748564  0.034602018265134  0.059663813383732  0.080828058242968  0.107544078826430  0.000000000000000  0.017762765206813  0.995849753094458  0.001201456391359  0.002983041988204  0.071396640428034  0.928516852306729  0.000000000000000  1.000000000000000  0.002287519885193  0.497924876547229  0.475659138165900 
85.0    M  0.025330159996416  0.006011746953753  0.113597264556065  0.168754748140343  0.013984766733250  0.031163476604752  0.013984766733250  0.010180837104401  0.162780523696129  0.010068551800664  0.021006796783635  0.029749309640548  0.007583081795075  0.062716984281844  0.191312096227833  0.071248329543341  0.031620412532092  0.011915637916065  0.011533706294397  0.005512796263315  0.998614666101029  0.001520751349730  0.000000000000000  0.166662334636400  0.833353207159218  0.340564508660122  0.659296807246183  0.002301834780882  0.500000000000000  0.465547409915115 
86.0    D  0.001988642968290  0.000000000000000  0.693034942825207  0.036676505571292  0.003914381269842  0.005695349136002  0.163458918567095  0.002546974092302  0.009049162548396  0.017385158134138  0.002570028369197  0.010686994561738  0.003208244924813  0.002931795112333  0.003752323687318  0.009361789229214  0.029360085912938  0.002765967652763  0.000000000000000  0.001516540771486  0.991716730738293  0.000000000000000  0.008026573745148  0.000000000000000  0.000000000000000  0.243332343539560  0.756808396484790  0.002246663854200  1.000000000000000  0.478635729097649 
87.0    V  0.011335564123705  0.005463344073197  0.000000000000000  0.004256844188333  0.027469986278493  0.000000000000000  0.002773647184655  0.320189965332443  0.003938876776932  0.137452018664319  0.079000193653300  0.000000000000000  0.004626060983803  0.004041201490308  0.000000000000000  0.015218816695988  0.011541703621739  0.366021423986406  0.000000000000000  0.006721504926652  0.997922718999051  0.002416274372436  0.000000000000000  0.157453747493425  0.842646829503152  0.455334916795989  0.544876056106664  0.002300239823428  0.472373520498603  0.463936738235641 
88.0    V  0.056172195413189  0.014782150730087  0.060580613558442  0.047994070928191  0.026479138592066  0.007050786933300  0.017493951385222  0.085911793473252  0.097530685021713  0.132127255070173  0.027185854772145  0.037759932605936  0.006429846447490  0.207905524593727  0.051545846788130  0.031708204580653  0.016131227116926  0.068821349881123  0.001357342011565  0.005016858628865  1.000000000000000  0.000000000000000  0.000000000000000  0.000000000000000  0.000000000000000  0.584793832025974  0.415235012045447  0.002263859281063  1.000000000000000  0.481964903870322 
89.0    Y  0.054334035005626  0.017824433060444  0.015019702006074  0.030926770512975  0.039172906888772  0.012081974022739  0.030353359235676  0.017566858184041  0.047234997759882  0.394200087028139  0.032780916486717  0.045689295262501  0.000000000000000  0.035723072981689  0.043555538708983  0.049721030234682  0.057312752700292  0.017217267435572  0.025207554975691  0.033936933010072  0.998614666101029  0.001289475430679  0.000000000000000  0.500000000000000  0.500000000000000  1.000000000000000  0.000000000000000  0.002293871037527  0.500000000000000  0.495171435966512 
90.0    A  0.643048741715302  0.016243428674614  0.005336094752947  0.007699604194839  0.003164076068875  0.027565355162412  0.019681718436678  0.010539863549529  0.000000000000000  0.055822865772048  0.013084476367319  0.000000000000000  0.010851211998165  0.000000000000000  0.003881957395791  0.071396640428034  0.025453361345944  0.076999879590360  0.002491102327497  0.006578616825066  0.999307092990453  0.000662863759707  0.000000000000000  0.199990032083188  0.799960128332753  0.000000000000000  0.000000000000000  0.002285934846630  0.500000000000000  1.000000000000000 
91.0    L  0.082927821287323  0.013139006488339  0.004651784567832  0.007489058113226  0.020560226953578  0.005350910077990  0.005410583859808  0.149684838077366  0.007319698803691  0.339621571137236  0.074635199192162  0.004089102663963  0.007667648936355  0.009840859218339  0.076309157041821  0.016311123865964  0.019970302550048  0.151249261152412  0.000000000000000  0.003749723675933  0.995849753094458  0.000000000000000  0.003922529465777  0.000000000000000  0.000000000000000  0.000000000000000  0.000000000000000  0.002278026112868  1.000000000000000  1.000000000000000 
92.0    K  0.037577164028068  0.016711673248207  0.050275523183870  0.128871039849349  0.006078790441839  0.032150834621674  0.035624164771671  0.021448194238358  0.147113342152346  0.006011746953753  0.005900283537355  0.040190546357206  0.007259067767585  0.061725053840336  0.311650298568774  0.041781265481410  0.023650262390150  0.010438078737423  0.000000000000000  0.015581738302376  0.977385766410805  0.002762135864010  0.019572881853502  1.000000000000000  0.000000000000000  0.000000000000000  1.000000000000000  0.002322670146490  0.490729531926740  0.492092011016900 
93.0    R  0.036397924577139  0.003865846314122  0.054258764225065  0.080381092714413  0.012242143546083  0.030819772015417  0.014288517023436  0.101884041550328  0.066707833627497  0.117603263439223  0.025418099941629  0.130851285246822  0.003109719135855  0.030543305200338  0.164367845025634  0.048160694272400  0.031120304784202  0.030416542942445  0.008367428306183  0.009284243008257  0.975355461527642  0.006403160997168  0.017973310833603  0.300617312224544  0.699308041369231  0.204759174464957  0.794985250948974  0.002330733873109  0.477972658796871  0.426908857195622 
94.0    Q  0.020603025226443  0.018440224114628  0.053252755942179  0.007334935525902  0.022592692102277  0.023650262390150  0.019223302261737  0.044470733163581  0.046391361582158  0.223446290589197  0.073760896458513  0.087111077417967  0.006488047063210  0.070658160445287  0.142793280856068  0.046198825977308  0.028261855548784  0.053105312446166  0.000000000000000  0.012276133072931  0.771640087529467  0.211833108736530  0.016538818669924  0.747424624317469  0.252612861621691  0.542614685940904  0.457549584063964  0.002346945409232  0.187895184758195  0.395568650592725 
95.0    G  0.030905341136904  0.006801176275751  0.061896429495814  0.080940187428402  0.002593291324966  0.509445598308361  0.012904338514621  0.027489033622576  0.019209982300853  0.023147496844068  0.011171757705951  0.057791454882106  0.008252231448061  0.006185045827119  0.040610595701733  0.016379101179952  0.012595044242078  0.066017851584491  0.000000000000000  0.005730989625654  0.996540262827868  0.001671084034536  0.001951771665997  0.333324669272800  0.666649338545599  0.839149637106542  0.160873655912659  0.002871459641385  0.500000000000000  0.405563577788521 
96.0    R  0.025772923394065  0.010380357922629  0.055706905993561  0.224533093220984  0.205327675188016  0.000000000000000  0.016401823181610  0.086150322060977  0.019343598294335  0.051189793616239  0.028755864082027  0.028656376350146  0.007375722024611  0.032849153408991  0.098413497071150  0.027584468634083  0.042777619159120  0.021314809919990  0.000000000000000  0.017457611532378  0.955945317593742  0.020631606890859  0.023373214974412  0.483303048532487  0.516557193842066  0.408101523075451  0.592135805926816  0.002919627438740  0.466193243218416  0.482968164462423 
97.0    T  0.023650262390150  0.000000000000000  0.126657112519886  0.087050717541815  0.011171757705951  0.039582320428851  0.028636520146105  0.022266212721075  0.022359008125358  0.026755883892077  0.009258537272981  0.043164826504496  0.231326107009463  0.024147204676500  0.086210057614191  0.074635199192162  0.081052472165688  0.038687196588670  0.017948411796829  0.005425605999082  0.963929807740643  0.009492474936758  0.026369243629063  1.000000000000000  0.000000000000000  0.621574834451970  0.378404198242395  0.003164076068875  0.492774668469685  0.432268615653933 
98.0    L  0.064480198706335  0.000000000000000  0.070952631384129  0.084846561242500  0.019209982300853  0.009080578964985  0.014680042956469  0.113676031475092  0.022421086478230  0.265355802237449  0.036524289017539  0.071694189014135  0.007070362991273  0.040666932982560  0.015603354157829  0.039940605100095  0.009099481144285  0.091505355996602  0.003804704173997  0.019303416205108  1.000000000000000  0.000000000000000  0.000000000000000  0.000000000000000  0.000000000000000  0.951977908497532  0.048027349415250  0.003168465451473  1.000000000000000  0.433468781757343 
99.0    Y  0.006258358418669  0.008431470597691  0.007604135735611  0.007785470803343  0.180366085857704  0.014578640492763  0.026867390195094  0.008549169541100  0.000000000000000  0.027603595358796  0.014843755982420  0.004524581274198  0.065880713955671  0.030670595745421  0.005699298219688  0.011002689272751  0.000000000000000  0.012877532577394  0.007329853097661  0.559030925482931  0.993092495437036  0.000000000000000  0.006716847548773  0.000000000000000  0.000000000000000  0.000000000000000  1.000000000000000  0.003467231786209  1.000000000000000  0.500000000000000 
100.0    G  0.084377374070172  0.008986655416802  0.082812938565325  0.052921582022658  0.000000000000000  0.586417474615939  0.000000000000000  0.000000000000000  0.004785880202753  0.000000000000000  0.000000000000000  0.019532223477894  0.006610614035940  0.031293351740979  0.014802657353114  0.080828058242968  0.000000000000000  0.026442456143759  0.000000000000000  0.000000000000000  0.995849753094458  0.000000000000000  0.004304316858893  0.500000000000000  0.500000000000000  0.238655253534929  0.761544369851631  0.004189518034445  0.498615625676035  0.489370825198718 
101.0    F  0.008869078923016  0.000000000000000  0.000000000000000  0.008555097428075  0.696405740334518  0.000000000000000  0.032577055026285  0.023115429832013  0.000000000000000  0.024620433939042  0.009651708102554  0.000000000000000  0.000000000000000  0.000000000000000  0.000000000000000  0.008217982650030  0.000000000000000  0.010308655552913  0.000000000000000  0.177636505397670  0.971307495541633  0.015484836926001  0.013340901787363  0.515126976810037  0.484980955170867  1.000000000000000  0.000000000000000  0.006461120065963  0.467163673441590  0.488015880388112 
102.0    G  0.107172004579271  0.006886563733650  0.121750533567905  0.063857505169644  0.015420571029466  0.204475514639445  0.046038990181765  0.009374776424791  0.029441602309525  0.005883947135288  0.000000000000000  0.068583246098703  0.020703234641331  0.026515871928309  0.000000000000000  0.142595464483553  0.103020260619155  0.028183605574445  0.000000000000000  0.000000000000000  0.964598184584138  0.035353576963934  0.000000000000000  0.433769343576034  0.566441942647899  1.000000000000000  0.000000000000000  0.011573748422034  0.488015880388112  0.498270131413934 
103.0    G  0.084846561242500  0.000000000000000  0.028458432299749  0.000000000000000  0.000000000000000  0.365261094636419  0.000000000000000  0.016390458243359  0.000000000000000  0.000000000000000  0.000000000000000  0.072846324883410  0.017098339082199  0.000000000000000  0.000000000000000  0.393653988284602  0.000000000000000  0.021388809579560  0.000000000000000  0.000000000000000  1.000000000000000  0.000000000000000  0.000000000000000  1.000000000000000  0.000000000000000  0.000000000000000  0.000000000000000  0.020207014560742  1.000000000000000  1.000000000000000 
