No:  residues  hmm_col_1  hmm_col_2  hmm_col_3  hmm_col_4  hmm_col_5  hmm_col_6  hmm_col_7  hmm_col_8  hmm_col_9  hmm_col_10  hmm_col_11  hmm_col_12  hmm_col_13  hmm_col_14  hmm_col_15  hmm_col_16  hmm_col_17  hmm_col_18  hmm_col_19  hmm_col_20  hmm_col_21   hmm_col_22   hmm_col_23   hmm_col_24   hmm_col_25   hmm_col_26   hmm_col_27   hmm_col_28   hmm_col_29   hmm_col_30   
1.0    Q  0.000000000000000  0.007763914791582  0.000000000000000  0.037111239564794  0.000000000000000  0.010082519456655  0.037499105699163  0.027280237222930  0.045342256494818  0.032509383328812  0.086629367853151  0.006028438183824  0.000000000000000  0.642603168734686  0.035525530413625  0.009061716050824  0.012877532577394  0.009772883438385  0.000000000000000  0.000000000000000  0.968618189226628  0.020631606890859  0.010949433195943  0.345079338349157  0.655196701929182  0.000000000000000  0.000000000000000  0.075206439124969  0.493800430722686  1.000000000000000 
2.0    T  0.057951909152216  0.000000000000000  0.007672965587995  0.022892201165802  0.008043281901828  0.019024469041609  0.000000000000000  0.028301061969307  0.014690221914205  0.025347723611783  0.022158438057492  0.018998113799736  0.025737219289612  0.000000000000000  0.045154074935110  0.060790934213268  0.604158921694971  0.033400187225344  0.005691402788664  0.000000000000000  0.927230546435463  0.016345077184258  0.056406295466402  0.231486505631831  0.768437590644006  0.000000000000000  1.000000000000000  0.058112808913323  0.490049707670935  0.499307333050514 
3.0    A  0.642157904494713  0.000000000000000  0.004114691546699  0.022561393680039  0.000000000000000  0.000000000000000  0.000000000000000  0.000000000000000  0.044904380517002  0.000000000000000  0.009916178797030  0.010124538792448  0.040751585476830  0.011767894270577  0.011414409207388  0.069975805540890  0.072393300387165  0.044904380517002  0.000000000000000  0.015050967094065  0.987600861445373  0.012149156810665  0.000000000000000  0.333324669272800  0.666649338545599  0.892546971472977  0.107544078826430  0.051617354058483  0.498615625676035  0.459775023075829 
4.0    R  0.037577164028068  0.037059828106592  0.009888723390393  0.020221025851295  0.000000000000000  0.021285281791258  0.049446081324091  0.012967102899843  0.069396177101790  0.010166733245640  0.007998803909597  0.036096430767300  0.021507743774855  0.017787406704295  0.524494663787473  0.057711394420587  0.021823102069803  0.024332021595677  0.013480333508479  0.006537705020964  0.952637998043937  0.022639721164920  0.024860515117341  1.000000000000000  0.000000000000000  0.000000000000000  1.000000000000000  0.052811649025782  0.489370825198718  0.498270131413934 
5.0    K  0.033936933010072  0.000000000000000  0.000000000000000  0.003765350811487  0.009499056899868  0.019330194979487  0.010194960528820  0.012612516789137  0.584793832025974  0.000000000000000  0.033655824256033  0.010746420454217  0.015733680469636  0.014004167180772  0.114546080584419  0.038633601903780  0.067032288551121  0.031423768137452  0.000000000000000  0.000000000000000  0.971980987981352  0.027872766231878  0.000000000000000  0.312949114663499  0.686818116714811  0.413511684221633  0.586417474615939  0.054221167947004  0.489710148793463  0.470413053756894 
6.0    S  0.081108672933699  0.009992074853730  0.000000000000000  0.032419373017675  0.014043048853297  0.024298313621330  0.000000000000000  0.027757087370075  0.034770316268276  0.000000000000000  0.009080578964985  0.006011746953753  0.075939799494064  0.012482061194518  0.074635199192162  0.500693627855667  0.074738737298508  0.016019800592009  0.000000000000000  0.005986796719562  0.988970916380931  0.000000000000000  0.011304178795863  0.000000000000000  0.000000000000000  0.000000000000000  1.000000000000000  0.053326631132004  1.000000000000000  0.483638164806966 
7.0    T  0.059539874877746  0.000000000000000  0.000000000000000  0.019654452684938  0.005302910077656  0.019668080836013  0.017110194856150  0.020948634243443  0.079274462457867  0.006551313940945  0.012157580883678  0.014528202228331  0.006587743048829  0.012040173568100  0.077267203807559  0.036727385263118  0.561749951515823  0.041810236087066  0.000000000000000  0.009067999331123  0.997922718999051  0.002125473518888  0.000000000000000  1.000000000000000  0.000000000000000  0.000000000000000  1.000000000000000  0.054674047806614  0.500000000000000  0.477310507069858 
8.0    G  0.050275523183870  0.011525714508460  0.016187230680625  0.026755883892077  0.000000000000000  0.537374586427751  0.001724029289630  0.020319377289820  0.052410511527558  0.004304316858893  0.000000000000000  0.006754197119593  0.035280137650192  0.036727385263118  0.024180703024100  0.088265900274047  0.074222479129588  0.000000000000000  0.000000000000000  0.013706461698950  0.959264119325264  0.024518253059273  0.016515906883772  0.512278411516401  0.487677730763821  0.000000000000000  1.000000000000000  0.055900306361413  0.484980955170867  0.477310507069858 
9.0    G  0.038287041622021  0.000000000000000  0.000000000000000  0.021537580515244  0.002867481711004  0.557483109363849  0.007016659163156  0.013461658745500  0.028815722434770  0.007016659163156  0.000000000000000  0.032577055026285  0.058435949859466  0.010047636589302  0.034866853822655  0.078454499455165  0.050765774772265  0.028458432299749  0.021006796783635  0.008710673583810  0.987600861445373  0.012700243781005  0.000000000000000  0.207761465398412  0.792234810924969  0.336808394216423  0.663422570298581  0.055745532463756  0.495514781632040  0.464580337125457 
10.0    K  0.069975805540890  0.000000000000000  0.021021362633154  0.067032288551121  0.000000000000000  0.003644660123191  0.022312562182579  0.006376586298054  0.590496330714765  0.013111713079790  0.000000000000000  0.022250784306204  0.027872766231878  0.029564301460175  0.039418044025977  0.037188490509584  0.029441602309525  0.020179021098474  0.000000000000000  0.000000000000000  0.976031760776225  0.019956464987428  0.003960779217930  0.142102121654502  0.857970530428691  0.248101093671455  0.752101875694344  0.052884912287518  0.489031736723670  0.476979775273779 
11.0    A  0.528875481809214  0.007888682012474  0.008924580053504  0.003860490826175  0.000000000000000  0.042511589137686  0.013303964183577  0.008298118644495  0.029076551803219  0.025719385789960  0.011808749439971  0.015821168864851  0.074171049853533  0.033492920704259  0.014978116226453  0.056328153913177  0.068015152604425  0.056759276107594  0.000000000000000  0.000000000000000  1.000000000000000  0.000000000000000  0.000000000000000  0.062500000000000  0.937571096457110  0.309712174445977  0.690158676698315  0.052701944390632  0.500000000000000  0.480630464194381 
12.0    P  0.050695447223565  0.000000000000000  0.007790869151188  0.003393524160745  0.007504647374637  0.011063870611051  0.011613929565867  0.012073602338250  0.055552667572911  0.011374918351555  0.005609158244623  0.029790579540255  0.592135805926816  0.051904376505681  0.022250784306204  0.094208431847399  0.020375792738415  0.012656304275501  0.000000000000000  0.000000000000000  0.978741650397436  0.013517760790390  0.007976657232087  0.114149781251499  0.885767519102361  0.000000000000000  1.000000000000000  0.052628934600526  0.491410299272626  0.487339815445774 
13.0    R  0.012132326171891  0.012490716099257  0.005687459175778  0.014823192424070  0.000000000000000  0.020305297850866  0.016980232226970  0.005030787615273  0.104458369865232  0.018840747307668  0.004382591720822  0.008104843254419  0.032826392000336  0.029462016747445  0.619424348891954  0.032486857349227  0.041521431690516  0.015335297872711  0.000000000000000  0.005742919282770  0.997922718999051  0.002386314651706  0.000000000000000  0.500000000000000  0.500000000000000  0.000000000000000  1.000000000000000  0.052374195916747  0.500000000000000  0.482968164462423 
14.0    K  0.008899870134548  0.000000000000000  0.000000000000000  0.018710604759671  0.003906250000000  0.029687511964840  0.013030172559765  0.014091802787223  0.609205131837596  0.003041502699460  0.007662335968661  0.016008700359888  0.024433426347769  0.007993261482300  0.126569350918812  0.053586002289636  0.016827912128016  0.030060232958274  0.008692579067069  0.007635826300084  0.926588061890371  0.066292983835514  0.007406460665068  0.226565484566834  0.773246337455317  0.000000000000000  1.000000000000000  0.051154323849425  0.455334916795989  0.482968164462423 
15.0    Q  0.038340155539181  0.000000000000000  0.000000000000000  0.019613624863791  0.008246513419047  0.011226095129250  0.019451159927846  0.021065120808392  0.110032376695394  0.018236845340914  0.010280113476789  0.016187230680625  0.053142135004012  0.398596238270268  0.081052472165688  0.083968964107581  0.067920928907879  0.014649548382142  0.018325546081748  0.009611651130868  0.984866442895551  0.001637828485236  0.013415084944340  0.115502821555853  0.884540435331541  0.000000000000000  1.000000000000000  0.051796556530500  0.500000000000000  0.473356815618357 
16.0    L  0.040190546357206  0.003391172764067  0.000000000000000  0.000000000000000  0.006223750752231  0.010851211998165  0.008478354467827  0.085852264589351  0.037343475151774  0.462011286223412  0.057273040292209  0.002350201222655  0.078563335907614  0.028105572254617  0.025330159996416  0.064212589961185  0.012770864507629  0.038473262917029  0.026479138592066  0.011965296852300  0.946057646725596  0.017530366883289  0.036171569280941  0.316219885588484  0.683967651951245  0.251390145099617  0.748461493396346  0.051868411599374  0.492774668469685  0.464902471306581 
17.0    A  0.503477775028359  0.003791540897537  0.004083437891426  0.009137403625406  0.000000000000000  0.059416193826864  0.000000000000000  0.028047189083352  0.031250000000000  0.017086491523197  0.021522656974737  0.005317633267576  0.070952631384129  0.022923958502614  0.034866853822655  0.076680311078363  0.034315400430845  0.047629525948118  0.013193763865997  0.016413196000168  0.933032991536807  0.058598193528569  0.008252231448061  0.143587294374629  0.856188284546457  0.465547409915115  0.534402995605504  0.045626000332954  0.438910898804760  0.444729496768949 
18.0    T  0.126832818322610  0.011899130778932  0.000000000000000  0.006003418676906  0.005266280202098  0.032307210507749  0.013084476367319  0.015854102290326  0.068251284109103  0.012638771068152  0.017787406704295  0.016075417310837  0.063504383937106  0.009881871424640  0.025225033578274  0.195467410782148  0.357000994921266  0.020011872833278  0.000000000000000  0.003052062031923  0.962594443101751  0.023019495090883  0.014710601008456  0.268501117905031  0.731535610352163  0.245194750997138  0.754712984260280  0.049583365199446  0.489031736723670  0.460732093099352 
19.0    K  0.038313589376661  0.000000000000000  0.000000000000000  0.013221228071880  0.010103507280371  0.008217982650030  0.006564951189323  0.019037660369925  0.566441942647899  0.021687386234619  0.003698100122018  0.019249969897590  0.066754088002991  0.015755507107728  0.099442060469365  0.019942637012952  0.058801631719612  0.020789516266886  0.011948720920959  0.000000000000000  0.962594443101751  0.028915763376183  0.008240799352094  0.190650206657036  0.809442216547408  0.342458244991391  0.657471380102535  0.049343367918785  0.478304079045937  0.456599125005996 
20.0    A  0.448133349784702  0.008986655416802  0.011702819800189  0.011179504062679  0.000000000000000  0.042276507220321  0.000000000000000  0.004677651189918  0.083620472174132  0.020333466491280  0.007468322793701  0.004154815128489  0.033632503899494  0.013536513381251  0.034530140149997  0.115183023274838  0.079384436408674  0.076893209046947  0.000000000000000  0.004277548714037  0.901250462610830  0.044409126349417  0.054560474445860  0.309068815230238  0.690637224071928  0.046391361582158  0.953298545288159  0.051260806949795  0.473685035299634  0.461371246326899 
21.0    A  0.413511684221633  0.006488047063210  0.013820944302055  0.022081775685668  0.012352954946937  0.037265902260332  0.012015162744299  0.029036271070341  0.057631444869539  0.050977343333688  0.000000000000000  0.008826150113829  0.075939799494064  0.002562912606625  0.080381092714413  0.082126976696836  0.057911753868148  0.037008487870426  0.000000000000000  0.000000000000000  0.950659101229818  0.023997035464095  0.025190088484155  0.102806258589058  0.896888159662015  0.081672828368323  0.918276162300924  0.054978067245152  0.475659138165900  0.426022047537433 
22.0    R  0.027988927190339  0.016367751985934  0.011800567074710  0.024214247842474  0.000000000000000  0.088143622530274  0.037447156916857  0.000000000000000  0.101250434204006  0.021944451183406  0.000000000000000  0.011040887842834  0.024163948045479  0.049859077488065  0.471719125447680  0.063460381304339  0.023503183615448  0.020775111065339  0.000000000000000  0.006452169257310  0.916368644675351  0.017301009132567  0.066615421004246  0.136407984631867  0.863339558574412  0.037707622491274  0.962594443101751  0.055398856199679  0.489370825198718  0.405844790488639 
23.0    K  0.041234622211653  0.000000000000000  0.016968466505036  0.008856792287331  0.015356571852270  0.047267749915124  0.004172130500187  0.016816251949747  0.547905883223845  0.008466609115975  0.011792390379067  0.027950153180706  0.038660389958974  0.030862526920168  0.059622471909222  0.055360469943898  0.053697547184199  0.011517728260087  0.000000000000000  0.003391172764067  0.959264119325264  0.027185854772145  0.013677989526473  0.407253781535108  0.592957249705474  0.281850103036355  0.717972255311718  0.053474689105163  0.482633512435878  0.368822864270710 
24.0    S  0.119410367047805  0.004189518034445  0.000000000000000  0.007279222103944  0.006087223278598  0.045943354262158  0.019709022012988  0.007254037908646  0.040246300922182  0.014457881688091  0.023243965038039  0.030585676574920  0.031401994388243  0.029441602309525  0.086569341756933  0.442270217665770  0.059581159080510  0.028557232819669  0.000000000000000  0.003900838539457  0.995159721820083  0.000000000000000  0.004812492474397  0.000000000000000  0.000000000000000  0.000000000000000  1.000000000000000  0.053623158151793  1.000000000000000  0.394200087028139 
25.0    A  0.424253950852948  0.000000000000000  0.015832139064986  0.034578042284134  0.007976657232087  0.064973714698455  0.002999629433012  0.022097086912080  0.020803931456818  0.019196671569463  0.014884968719437  0.004527718562127  0.116709993114414  0.000000000000000  0.063769041203029  0.083620472174132  0.035353576963934  0.068251284109103  0.000000000000000  0.000000000000000  0.879649075922436  0.102096123888753  0.018186352100033  0.465870214652387  0.534032704023926  0.015103220266640  0.984866442895551  0.053734780390188  0.437999157533563  0.390663940086159 
26.0    P  0.015527829583165  0.000000000000000  0.005802941096331  0.025471010387582  0.005211809256554  0.068916822691807  0.003960779217930  0.010145614083827  0.087050717541815  0.036121459579837  0.000000000000000  0.015208271471222  0.518350550509860  0.027337023903307  0.029238234307231  0.070024325887136  0.049893649147291  0.025418099941629  0.000000000000000  0.006416489849626  0.964598184584138  0.005291894443302  0.030353359235676  0.096924150793376  0.903126510151822  0.066569262712089  0.933679944915313  0.055668306287918  0.493458272942921  0.380772184925815 
27.0    A  0.251390145099617  0.015975445790780  0.027950153180706  0.020446532366485  0.004286452881169  0.040610595701733  0.006886563733650  0.014629253866164  0.045911519789947  0.044749023162536  0.008032139270751  0.028340322779161  0.049240867878084  0.024757337841405  0.022955759894974  0.251041885809743  0.094077921713192  0.042130241616783  0.000000000000000  0.006638164055771  0.871154192142256  0.076203443379769  0.052701944390632  0.323088207659373  0.676893139526230  0.187374950219443  0.812815601984320  0.053921334033916  0.439824537961218  0.363745170908689 
28.0    T  0.077589218220382  0.007452808988653  0.006749517089065  0.020489093972119  0.014710601008456  0.029666941279704  0.009394291007017  0.023340835267380  0.042718357873182  0.026497498894786  0.007050786933300  0.011280696840020  0.070805242830987  0.026369243629063  0.039582320428851  0.096655792181915  0.430773079856009  0.032554482156507  0.000000000000000  0.026424133980547  0.969961910341735  0.006754197119593  0.022955759894974  0.040358042196948  0.959929261038908  0.276432663330067  0.723467442935263  0.056445406884489  0.493116352246680  0.349654020684615 
29.0    G  0.052446852319159  0.010605820155313  0.048968574184334  0.031206708315657  0.000000000000000  0.509092599882310  0.007416735319926  0.016607744911852  0.044935516651467  0.014578640492763  0.003966273831521  0.008496003053554  0.038767728053606  0.029238234307231  0.050695447223565  0.075258586326963  0.023798261557863  0.033842970172685  0.000000000000000  0.000000000000000  0.950659101229818  0.017873921456309  0.031576607702711  0.131852789633508  0.868140227601043  0.331711285149290  0.668037039195050  0.055168937268166  0.487339815445774  0.372161313791635 
30.0    G  0.071051060827251  0.000000000000000  0.006028438183824  0.012508043916505  0.000000000000000  0.491069797631696  0.014498023069864  0.006791754375703  0.053660339777360  0.011907381487029  0.002739256348911  0.025541729015259  0.072594295745358  0.035574813408590  0.039118639332937  0.086269834587289  0.046811279200756  0.007710285514733  0.002301834780882  0.013840117485974  0.964598184584138  0.034434534871144  0.000788828884384  0.098277161517541  0.901875378382250  0.102166916061035  0.898132372883934  0.058153103606438  0.472046209575125  0.387427965479586 
31.0    V  0.046778843337272  0.000000000000000  0.030479858172739  0.017337023001060  0.028557232819669  0.010061575230546  0.002508429314432  0.074738737298508  0.065425642623411  0.039472726932681  0.015197733553317  0.007183984735560  0.105769824575036  0.058153103606438  0.013415084944340  0.043465061615937  0.059788009880742  0.381829374490175  0.000000000000000  0.000000000000000  0.943438250895360  0.039145763707004  0.017566858184041  0.303338390062173  0.696888619343735  0.299784978447778  0.700278160443602  0.058842404033825  0.471392267959120  0.397217200048052 
32.0    K  0.041177498491692  0.000000000000000  0.003419497381618  0.026941985781800  0.000000000000000  0.016792955825867  0.020221025851295  0.023748825881274  0.475000191437443  0.005086891365504  0.012508043916505  0.018300159081544  0.048596627242660  0.043646204139606  0.189990607050190  0.041492661199451  0.017086491523197  0.015953314464175  0.000000000000000  0.000000000000000  0.951318276331799  0.028795755818709  0.019586453444386  0.366529189297302  0.633317126861609  0.242154547306657  0.757858283255199  0.063065727115293  0.463294030945185  0.413225159077106 
33.0    K  0.035797434311867  0.000000000000000  0.013592927386073  0.019545766876770  0.000000000000000  0.010337276874282  0.025068161448515  0.000000000000000  0.573156092864189  0.013003105229868  0.008127345832203  0.019640833976904  0.021959667190730  0.068916822691807  0.127538082406057  0.020375792738415  0.023276210361292  0.014387901518829  0.000000000000000  0.005193777766335  0.953959550547558  0.007309558576808  0.038553349056547  0.380772184925815  0.619424348891954  0.385285554179204  0.614719433627290  0.061982295671143  0.497924876547229  0.417543959714185 
34.0    P  0.030206440533280  0.000000000000000  0.000000000000000  0.018919266936727  0.000000000000000  0.006210822273039  0.010972225591703  0.007699604194839  0.172659306017982  0.007888682012474  0.007489058113226  0.024197469620413  0.486327473706143  0.021597378227009  0.068251284109103  0.048968574184334  0.076362068854594  0.008543245761599  0.000000000000000  0.003537632746163  0.925946022527324  0.074171049853533  0.000000000000000  0.140340177759201  0.859756486243006  0.530343870684108  0.469761374607006  0.060078808024298  0.457866843209063  0.418703243754213 
35.0    H  0.003876579588616  0.000000000000000  0.000000000000000  0.021672358892678  0.021050524638526  0.009439983151484  0.436181352885379  0.014905617977306  0.068251284109103  0.027318081887824  0.000000000000000  0.019901210551977  0.010709240663904  0.029956232452906  0.195738574064136  0.036221748497014  0.031862427593693  0.006702894768974  0.000000000000000  0.066155274679696  0.980099415341871  0.013706461698950  0.006280085865181  0.381564802240140  0.618566239343586  0.126131454230585  0.873572895916694  0.060454770600871  0.490049707670935  0.461371246326899 
36.0    R  0.023947186878247  0.019763742849280  0.000000000000000  0.020095273178603  0.006315006787543  0.008484233252518  0.030905341136904  0.000000000000000  0.085082132281217  0.005597506446770  0.000000000000000  0.020221025851295  0.024603374267788  0.007238969233519  0.685391402489852  0.029056404456661  0.019424213576624  0.011509747545441  0.000000000000000  0.002327505028465  0.976708528962227  0.019263317585372  0.003892735401671  0.082354996983384  0.917639882311365  0.077374393177340  0.922742492653798  0.057432055217441  0.469110598250336  0.460093825312437 
37.0    Y  0.042747978246953  0.012586317047637  0.000000000000000  0.003124844251300  0.215088157652860  0.008501894075553  0.031445556984306  0.016176014435022  0.013830527571555  0.012806321994336  0.006262697885933  0.029852591761951  0.008501894075553  0.002515393807636  0.064973714698455  0.016053147490296  0.010272990314102  0.005782864445313  0.077428043611494  0.421907898065009  0.991029563264079  0.000000000000000  0.008949358577967  0.000000000000000  0.000000000000000  0.239649859623244  0.760489376620505  0.056995822844986  1.000000000000000  0.459456441739525 
38.0    R  0.013640118611465  0.009793226722193  0.017301009132567  0.003379440197598  0.006389859832483  0.003226084628655  0.018658799798040  0.011202775375124  0.163572258931876  0.005663854815933  0.004971855215922  0.012284645189693  0.028596849003998  0.008338479203437  0.661585719954060  0.009772883438385  0.013621222492767  0.007866840234818  0.000000000000000  0.000000000000000  0.984866442895551  0.001584232725736  0.013517760790390  0.219912268980609  0.780245480173703  0.068345966092790  0.931740429304773  0.055900306361413  0.497235084336607  0.461691155364697 
39.0    P  0.055092509869198  0.000000000000000  0.000000000000000  0.000000000000000  0.000000000000000  0.011501772360689  0.003606962151287  0.006210822273039  0.020631606890859  0.008875228631146  0.000000000000000  0.018906157644051  0.733058378594605  0.012073602338250  0.056877426505056  0.038902319855693  0.014751444049223  0.006223750752231  0.013387218043259  0.000000000000000  0.980779003988551  0.016435965300061  0.002465336000219  0.638606879597695  0.361232599480881  0.065561832973434  0.934327346883180  0.054711958105891  0.475988954248766  0.454074208860755 
40.0    G  0.018517074545962  0.000000000000000  0.004658237782542  0.012335841979696  0.004792519442398  0.732042847972813  0.014447863720527  0.000000000000000  0.032986053676186  0.024264652343782  0.006987538295177  0.006488047063210  0.000000000000000  0.003652246866217  0.080772051914843  0.035921714001084  0.005395603313062  0.012877532577394  0.003695537682522  0.000000000000000  0.955945317593742  0.028775803037658  0.015176679617838  0.323536413620713  0.676424115525137  0.146401272652351  0.853817714391245  0.054221167947004  0.473356815618357  0.453445164466571 
41.0    T  0.033539383949795  0.016909760070714  0.023683071351725  0.025050791543731  0.023003544721378  0.004795842515293  0.025541729015259  0.036625696364829  0.032441852204471  0.037291741969741  0.019064070473003  0.011179504062679  0.015625000000000  0.052410511527558  0.008127345832203  0.060120465916548  0.559418550517856  0.008513688376667  0.006528648116577  0.000000000000000  0.993092495437036  0.002508429314432  0.004388671496217  0.089064850884299  0.910669833591978  0.161880374856803  0.837987134667949  0.052301640167712  0.493116352246680  0.437999157533563 
42.0    V  0.022781396544009  0.017445515030978  0.000000000000000  0.013433695097547  0.003685305667560  0.016851256745226  0.005675644724888  0.009971318506476  0.133693385985656  0.110032376695394  0.023633874957562  0.032531924927628  0.012824087637664  0.022734073181793  0.088265900274047  0.000000000000000  0.021138253610161  0.451876363375543  0.009374776424791  0.004123256709523  0.995159721820083  0.003433748284812  0.001272604638050  0.675018992561373  0.324884765613860  0.289773987976114  0.710053679271714  0.048093975630027  0.491410299272626  0.445037866626248 
43.0    A  0.684441906545919  0.002968603235159  0.000000000000000  0.004154815128489  0.010881339692727  0.005136495157051  0.009691932013401  0.009137403625406  0.000000000000000  0.022987605403996  0.006524124370534  0.018300159081544  0.000000000000000  0.000000000000000  0.009011606289531  0.066893043651664  0.036600318163088  0.094995303525095  0.018249490540830  0.000000000000000  0.974004268543241  0.015876095984277  0.010075533208249  0.285190928967106  0.714992493180845  0.043706752585577  0.956608158091874  0.044563303667629  0.478967609111348  0.459456441739525 
44.0    L  0.007609408347994  0.001899716694165  0.014417851447716  0.022860487823505  0.024365776331604  0.000000000000000  0.014160342785427  0.049652150006007  0.003925249298530  0.760489376620505  0.012250632094933  0.021211640310625  0.008596707885673  0.013868927144836  0.011719054603795  0.008698606392412  0.000000000000000  0.019709022012988  0.004394759705816  0.000000000000000  1.000000000000000  0.000000000000000  0.000000000000000  0.027776333786455  0.971980987981352  0.282828615711475  0.716977624007914  0.043797732783773  0.496202187342909  0.451876363375543 
45.0    R  0.014967737784730  0.040666932982560  0.012310216969521  0.008116086744513  0.001385862652539  0.010230354867840  0.046455718263469  0.007139308204917  0.159099366909493  0.017689045345479  0.015614173327976  0.003925249298530  0.025312608551001  0.067592172717726  0.524858341811534  0.018840747307668  0.002203480737220  0.002899460098885  0.008402299925448  0.012344395497865  0.978063473447339  0.005995101937503  0.015843116871719  0.333324669272800  0.666649338545599  0.495514781632040  0.504525816922341  0.042807280623924  0.495858365369147  0.465870214652387 
46.0    E  0.005104551773020  0.000000000000000  0.032217759962337  0.857376036634172  0.000000000000000  0.004505803144766  0.000000000000000  0.000000000000000  0.033679160782615  0.000000000000000  0.003917095452739  0.000000000000000  0.009759344731667  0.014741222670240  0.009902441578394  0.020977695355942  0.000000000000000  0.008054439990584  0.000000000000000  0.000000000000000  0.996540262827868  0.001869670816788  0.001398406973829  1.000000000000000  0.000000000000000  0.096991356784357  0.903126510151822  0.042926132294676  0.499653546495226  0.467163673441590 
47.0    I  0.000000000000000  0.008813922948879  0.000000000000000  0.000000000000000  0.007065463887196  0.004502681042183  0.000000000000000  0.850274160064196  0.005204589160516  0.022112408755104  0.008566965535843  0.000000000000000  0.007089993400915  0.009759344731667  0.000000000000000  0.009888723390393  0.010605820155313  0.056094378166704  0.000000000000000  0.000000000000000  1.000000000000000  0.000000000000000  0.000000000000000  0.000000000000000  0.000000000000000  0.000000000000000  1.000000000000000  0.042955896736626  1.000000000000000  0.469110598250336 
48.0    R  0.011406500083238  0.034626010870779  0.000000000000000  0.007401328676557  0.000000000000000  0.007604135735611  0.056562903930182  0.004154815128489  0.063022028430912  0.025312608551001  0.007667648936355  0.012421644546078  0.017493951385222  0.020832791829550  0.687770909069872  0.019183370061173  0.009847682746742  0.003624505767466  0.004058043372257  0.007254037908646  1.000000000000000  0.000000000000000  0.000000000000000  0.000000000000000  0.000000000000000  0.000000000000000  1.000000000000000  0.042985681816867  1.000000000000000  0.469110598250336 
49.0    R  0.025400487562010  0.016827912128016  0.001578751696886  0.010724097119179  0.054334035005626  0.000000000000000  0.076946525834057  0.002019200656734  0.273573425315185  0.027699428099840  0.005097480264410  0.028222703442244  0.024808872841614  0.059333882559407  0.304602565918798  0.036071419297401  0.013849714049920  0.006121071773042  0.001532390816205  0.031315050158739  0.981459063853479  0.000000000000000  0.018684684324627  0.000000000000000  0.000000000000000  0.054560474445860  0.945402116750744  0.043015487549709  1.000000000000000  0.469110598250336 
50.0    Y  0.007855942034363  0.008899870134548  0.005493723437161  0.010265872087104  0.101320639985664  0.000000000000000  0.020832791829550  0.009264957026648  0.003947075962839  0.169693122485001  0.007489058113226  0.003330605045969  0.002374764224967  0.025016087833009  0.000000000000000  0.003314483991039  0.000000000000000  0.000000000000000  0.000000000000000  0.620713745763056  0.978063473447339  0.007954571873161  0.013878543685038  0.409802303818759  0.590087171668101  0.000000000000000  1.000000000000000  0.044224817510208  0.493458272942921  0.453445164466571 
51.0    Q  0.008043281901828  0.000000000000000  0.000000000000000  0.024281477149502  0.000000000000000  0.000000000000000  0.005843303743603  0.000000000000000  0.023699492896476  0.000000000000000  0.008838394240984  0.014771908074230  0.016792955825867  0.846745312362527  0.030311309698179  0.006323767316777  0.006633564425366  0.007916069532493  0.000000000000000  0.000000000000000  1.000000000000000  0.000000000000000  0.000000000000000  0.000000000000000  0.000000000000000  0.226094844390272  0.773782496771195  0.044811101500495  1.000000000000000  0.434070113800521 
52.0    K  0.034220389712299  0.000000000000000  0.004428396143666  0.020905118043533  0.000000000000000  0.006939271842519  0.022639721164920  0.000000000000000  0.574349177498517  0.006791754375703  0.008082402980616  0.024281477149502  0.006924857024960  0.036931610841699  0.150100428435651  0.080047491333111  0.023438109207591  0.000000000000000  0.000000000000000  0.000000000000000  0.983502074026248  0.008032139270751  0.008680536942618  0.478304079045937  0.521594296764929  0.000000000000000  1.000000000000000  0.043919334381460  0.493116352246680  0.448755025333631 
53.0    S  0.027091798859834  0.003412394124675  0.006698250286204  0.008698606392412  0.021079727099058  0.043224707156593  0.029319412390646  0.004812492474397  0.010496120513448  0.007715631730042  0.004010506037969  0.034339194299277  0.015679246070461  0.009936820365184  0.024586326417299  0.644387315242508  0.104675810938553  0.000000000000000  0.000000000000000  0.000000000000000  0.995849753094458  0.004215735298845  0.000000000000000  0.125000000000000  0.874784764905822  0.266461684016986  0.733566672083662  0.044071811265137  0.496890546661277  0.438606774366411 
54.0    T  0.018085784640471  0.002520629864164  0.013994463595170  0.042807280623924  0.004742948767168  0.020389921057640  0.009618315729257  0.016097718025314  0.000000000000000  0.000000000000000  0.006900898839699  0.008974205898414  0.048160694272400  0.011133106360537  0.007635826300084  0.050345268190547  0.670821112441131  0.054522669110672  0.010301512613222  0.003073290802162  0.986232704493359  0.000000000000000  0.014052786127309  0.000000000000000  0.000000000000000  0.000000000000000  1.000000000000000  0.043828101582575  1.000000000000000  0.454704125900367 
55.0    E  0.019928818619977  0.015409886007709  0.168520966467132  0.356012548899268  0.004024429506328  0.062847536274904  0.046038990181765  0.000000000000000  0.070560275300383  0.003654779288404  0.005835208816845  0.099442060469365  0.005924873224119  0.047662551664259  0.033192474577980  0.028935813203979  0.014538275901610  0.011940441568478  0.000000000000000  0.005474716597972  0.989656656415207  0.000000000000000  0.010496120513448  0.000000000000000  0.000000000000000  0.126920762608679  0.872967591133763  0.043858491438721  1.000000000000000  0.437089310205187 
56.0    L  0.023340835267380  0.008850655353873  0.006537705020964  0.005168638437141  0.086150322060977  0.000000000000000  0.007284269425288  0.020560226953578  0.006501552614934  0.712025097798536  0.023930593704600  0.012081974022739  0.019859870145401  0.000000000000000  0.016232173489026  0.016367751985934  0.026644840367749  0.008650504566283  0.000000000000000  0.000000000000000  0.998614666101029  0.000000000000000  0.001086572383384  0.142892291926755  0.857376036634172  0.368056715542045  0.632001549226403  0.043676467870346  0.484309094613314  0.434973676354325 
57.0    L  0.008321157839011  0.005810991259510  0.000000000000000  0.007228940844046  0.035231262879544  0.000000000000000  0.012284645189693  0.112188756333408  0.000000000000000  0.742776460330414  0.024998754010399  0.000000000000000  0.005892109674557  0.000000000000000  0.001817284487701  0.015134659206666  0.000000000000000  0.028359973603661  0.000000000000000  0.000000000000000  1.000000000000000  0.000000000000000  0.000000000000000  0.000000000000000  0.000000000000000  0.307146745111412  0.693034942825207  0.042364510212500  1.000000000000000  0.457232544749951 
58.0    I  0.000000000000000  0.010438078737423  0.000000000000000  0.002274870286071  0.066523136403335  0.000000000000000  0.012630013575087  0.674551267169849  0.000000000000000  0.138408073060536  0.014700407929903  0.013527133836245  0.005186582649931  0.003146579261909  0.019024469041609  0.000000000000000  0.009909307807233  0.024030325488598  0.000000000000000  0.005746901350999  0.980779003988551  0.019024469041609  0.000000000000000  0.155393708612992  0.844400887423782  0.000000000000000  1.000000000000000  0.041839226780576  0.479299719246488  0.470739232270603 
59.0    R  0.037629293163482  0.018110874248507  0.005924873224119  0.004600479646855  0.006702894768974  0.002027615762779  0.030649343874642  0.000000000000000  0.020291228167654  0.082013203411998  0.000000000000000  0.004319260364532  0.318419368831625  0.037240080455439  0.386891248385597  0.037499105699163  0.007572576694805  0.000000000000000  0.000000000000000  0.000000000000000  0.997922718999051  0.000000000000000  0.002077407564245  0.000000000000000  0.000000000000000  0.144285677189605  0.855595025682602  0.042985681816867  1.000000000000000  0.453445164466571 
60.0    K  0.034196678164398  0.005652089397932  0.005851409900094  0.010642640895629  0.021463066147338  0.000000000000000  0.015441963304699  0.007304493732433  0.654289035727505  0.003760134543366  0.000000000000000  0.003718663705068  0.006323767316777  0.046391361582158  0.145995924326640  0.009957504900932  0.005332397335489  0.023535788541153  0.000000000000000  0.000000000000000  1.000000000000000  0.000000000000000  0.000000000000000  0.000000000000000  0.000000000000000  0.000000000000000  1.000000000000000  0.042482132559586  1.000000000000000  0.457866843209063 
61.0    L  0.215386539928004  0.000000000000000  0.002126947295578  0.024688790995731  0.012490716099257  0.017469716421342  0.003395877187852  0.053623158151793  0.015854102290326  0.517273790759455  0.018736561152986  0.006857982793824  0.005851409900094  0.011056204377552  0.027718634536005  0.034458411345904  0.027054267672489  0.004394759705816  0.000000000000000  0.001743255803658  0.995849753094458  0.004010506037969  0.000000000000000  0.500000000000000  0.500000000000000  0.000000000000000  1.000000000000000  0.042364510212500  0.497924876547229  0.457866843209063 
62.0    P  0.034363004666080  0.017787406704295  0.000000000000000  0.000000000000000  0.000000000000000  0.005734963422008  0.004456108265111  0.047596523115727  0.000000000000000  0.027337023903307  0.000000000000000  0.002837822362444  0.694477567882555  0.009525430422471  0.041723384477997  0.076097876166437  0.020081349022959  0.013166356710987  0.000000000000000  0.004736378199460  0.988970916380931  0.010694404789780  0.000000000000000  1.000000000000000  0.000000000000000  0.000000000000000  1.000000000000000  0.042541066140609  0.493800430722686  0.457866843209063 
63.0    F  0.011776053980925  0.000000000000000  0.000000000000000  0.000000000000000  0.923382310729395  0.000000000000000  0.000000000000000  0.004456108265111  0.000000000000000  0.033984012214215  0.006528648116577  0.000000000000000  0.000000000000000  0.000000000000000  0.000000000000000  0.006315006787543  0.003513196531827  0.005172222306232  0.000000000000000  0.004736378199460  1.000000000000000  0.000000000000000  0.000000000000000  0.000000000000000  0.000000000000000  0.579146403097322  0.420739741142690  0.042541066140609  1.000000000000000  0.457866843209063 
64.0    Q  0.148650889375340  0.023765293019391  0.008155561932982  0.023195680791079  0.014947002470186  0.026006210459735  0.019970302550048  0.041926319527571  0.013129902378645  0.002281186317604  0.015810206266046  0.006197920649931  0.021108970070869  0.391748593474670  0.036880448229256  0.125173406963917  0.035747842912619  0.038821508805764  0.006470083291676  0.000000000000000  1.000000000000000  0.000000000000000  0.000000000000000  0.000000000000000  0.000000000000000  0.000000000000000  1.000000000000000  0.041320456410705  1.000000000000000  0.483303048532487 
65.0    R  0.032374461361251  0.017701310707747  0.010438078737423  0.003667467762951  0.000000000000000  0.027318081887824  0.050730598811080  0.000000000000000  0.030543305200338  0.005391864661706  0.006163647194160  0.000000000000000  0.000000000000000  0.019011286853657  0.725476103917089  0.035378090690959  0.012438876543418  0.008759109984598  0.002100574981362  0.012673861805891  0.984184022033800  0.000000000000000  0.016042024151875  0.000000000000000  0.000000000000000  0.000000000000000  1.000000000000000  0.041006601705999  1.000000000000000  0.483303048532487 
66.0    L  0.003028879712293  0.012770864507629  0.000000000000000  0.008043281901828  0.026867390195094  0.008765183441644  0.004295375583260  0.024552266145862  0.000000000000000  0.765778998547191  0.010532560404196  0.000000000000000  0.000000000000000  0.021823102069803  0.000000000000000  0.018376425785796  0.001963985508591  0.086809695985319  0.000000000000000  0.006180760165511  0.982820598545251  0.010026764824710  0.007080171392714  0.568014632393343  0.431969093700139  0.490049707670935  0.510152329624229  0.041091961256408  0.476649272644080  0.463936738235641 
67.0    V  0.063901783163120  0.016909760070714  0.000000000000000  0.000000000000000  0.000000000000000  0.018827692421794  0.000000000000000  0.073607674349686  0.000000000000000  0.028935813203979  0.007927051145163  0.000000000000000  0.018645870984871  0.006315006787543  0.011272880366106  0.016435965300061  0.000000000000000  0.734584316639154  0.002835856015437  0.000000000000000  0.990342871933025  0.009698652277548  0.000000000000000  0.203203900496080  0.796640096285583  0.203909373334752  0.796088098778780  0.041177498491692  0.491751037013124  0.472701058375372 
68.0    R  0.027054267672489  0.033889919026346  0.007489058113226  0.000000000000000  0.000000000000000  0.008566965535843  0.023552107961850  0.000000000000000  0.117684808067651  0.012832979699251  0.000000000000000  0.000000000000000  0.003890038098025  0.067358321565229  0.653835674268380  0.010605820155313  0.001671084034536  0.011164016716727  0.014802657353114  0.005738939973743  0.983502074026248  0.011727180449331  0.005006437203751  0.302079460847486  0.697855382061083  0.234717936828863  0.765248384911334  0.041810236087066  0.494485458190466  0.478635729097649 
69.0    E  0.004248001526777  0.003137867174832  0.029319412390646  0.787853886049346  0.000000000000000  0.012242143546083  0.005122273493030  0.000000000000000  0.050101583087462  0.000000000000000  0.002781348038276  0.002409584316034  0.008650504566283  0.018186352100033  0.027431931175297  0.033585911651734  0.009698652277548  0.003041502699460  0.000000000000000  0.002450004305705  0.978741650397436  0.000000000000000  0.021552514403548  0.000000000000000  0.000000000000000  0.329648403623092  0.670356295790168  0.040808118346529  1.000000000000000  0.477972658796871 
70.0    I  0.002438145603323  0.007499447351866  0.005418089723169  0.000000000000000  0.018098325096791  0.000000000000000  0.000000000000000  0.729510172120088  0.000000000000000  0.064390872101255  0.007045901393611  0.000000000000000  0.000000000000000  0.000000000000000  0.000000000000000  0.026479138592066  0.020432364820887  0.118585539392557  0.000000000000000  0.000000000000000  0.997922718999051  0.002086065250093  0.000000000000000  0.333324669272800  0.666649338545599  0.131214585452883  0.868742185150623  0.042926132294676  0.500000000000000  0.464902471306581 
71.0    A  0.379454813243513  0.053031743856619  0.034674046002120  0.009651708102554  0.004268663043363  0.014498023069864  0.002485927607961  0.042511589137686  0.000000000000000  0.057711394420587  0.039912929974856  0.019316800951890  0.028478165019911  0.010783729323411  0.005474716597972  0.073149915092162  0.144185700632503  0.071943093207985  0.008454880035357  0.000000000000000  0.970634469769547  0.003703230332534  0.025880333166705  1.000000000000000  0.000000000000000  0.051438771579919  0.948684315140454  0.043045313949473  0.499307333050514  0.469761374607006 
72.0    Q  0.032712821311705  0.010881339692727  0.030798416779355  0.086930123231874  0.006929658634001  0.020731955321831  0.021285281791258  0.016734856612366  0.030101934188130  0.070218743939478  0.038260512262506  0.044255482444204  0.013564691056266  0.405844790488639  0.049275010878517  0.039554893561571  0.025952188252840  0.041120453907157  0.002578950861357  0.012090351512050  0.942131273904809  0.005970220784239  0.051832471613403  0.262975444800968  0.737134608645551  0.078345813777543  0.921464186198704  0.045060277233132  0.494828328207603  0.444729496768949 
73.0    D  0.040330077826618  0.002443220859596  0.300409012381713  0.174705871481383  0.019915009801863  0.022143084320441  0.008021012075937  0.017385158134138  0.109120948891720  0.013555291986751  0.008999122205854  0.059169601952295  0.005365766536834  0.049583365199446  0.037707622491274  0.059087632296921  0.049446081324091  0.011079219028746  0.005347202394890  0.006129563264818  0.957935218222696  0.014072280935124  0.028027754989438  0.570777353563387  0.428985265214345  0.206612579538553  0.793333843191143  0.046778843337272  0.487339815445774  0.398596238270268 
74.0    F  0.016311123865964  0.043045313949473  0.000000000000000  0.021642335439233  0.375529981735232  0.005280901691516  0.030649343874642  0.084787770465479  0.009936820365184  0.109651693591603  0.035329080222643  0.032849153408991  0.000000000000000  0.012824087637664  0.010054603494541  0.027318081887824  0.005847355417159  0.047927583114784  0.018010724168732  0.112969090843886  0.779164579660500  0.205612517178116  0.015239929086369  0.463615273217731  0.536258308408971  0.097125908598006  0.903126510151822  0.049824529783784  0.311650298568774  0.404160434402784 
75.0    K  0.040162698045918  0.007817917089551  0.021006796783635  0.050836199883258  0.007604135735611  0.085141127165031  0.015711884068726  0.023864335905636  0.331251754261302  0.028340322779161  0.011125392153102  0.048968574184334  0.004140440560146  0.023276210361292  0.077428043611494  0.121497623497669  0.070170088879601  0.008918396149428  0.005132936043552  0.017542522219900  0.815072332402625  0.184667257947820  0.000000000000000  0.473685035299634  0.526315577354719  0.530343870684108  0.469761374607006  0.049309177553279  0.336575017319196  0.396392068305142 
76.0    T  0.074635199192162  0.002058772311115  0.042335155546418  0.086210057614191  0.002103489016002  0.063504383937106  0.058476468614463  0.017110194856150  0.018504243935213  0.024895003008924  0.003672555478551  0.026552656223083  0.063416409161305  0.040358042196948  0.063857505169644  0.079219532627152  0.270556161131429  0.049240867878084  0.006982696580912  0.006358931133363  0.943438250895360  0.048127323389754  0.008298118644495  0.365767805176082  0.634195699662934  0.398044049389390  0.602068690615708  0.043404847992660  0.427797512841301  0.433468781757343 
77.0    D  0.032509383328812  0.000000000000000  0.379717922453632  0.098413497071150  0.000000000000000  0.048093975630027  0.033284631356044  0.023147496844068  0.023847800140009  0.007375722024611  0.013545899429917  0.115582909764212  0.065698306817982  0.027641888604111  0.015303442149796  0.042159454198116  0.046102858033839  0.023997035464095  0.000000000000000  0.003400588137875  0.934327346883180  0.058395459180199  0.007473501235093  0.407253781535108  0.592957249705474  0.378404198242395  0.621574834451970  0.043858491438721  0.396941965465826  0.444421340583285 
78.0    L  0.000000000000000  0.023163547028169  0.003925249298530  0.006730829372750  0.149373900607098  0.003619484616759  0.046230859664026  0.064480198706335  0.000000000000000  0.426022047537433  0.050871449066902  0.021403640311962  0.018762553554456  0.000000000000000  0.010798689113505  0.010301512613222  0.016573245958878  0.052775055463986  0.003358423774387  0.091695834010458  0.970634469769547  0.026774436086518  0.002417949786792  0.487677730763821  0.512278411516401  0.389312345530831  0.610896550836750  0.043797732783773  0.455019412040450  0.450625231305415 
79.0    R  0.004852688600720  0.027223568504446  0.003395877187852  0.004638904945599  0.003562238927812  0.003980043736784  0.030905341136904  0.003071161297423  0.058760887656820  0.005843303743603  0.004209895097827  0.014988501864457  0.005455775517451  0.059663813383732  0.692074858025740  0.031141883213371  0.002555816545811  0.012378668920703  0.020617311105826  0.010888884677246  0.991716730738293  0.008257953441886  0.000000000000000  0.346517471412604  0.653382626946587  0.159984051730538  0.839731492944140  0.043797732783773  0.493800430722686  0.467811748915700 
80.0    F  0.000000000000000  0.006045175756025  0.000000000000000  0.000000000000000  0.505225723243382  0.000000000000000  0.000000000000000  0.119991157629863  0.000000000000000  0.015506318354466  0.015953314464175  0.002554045602611  0.002215733369016  0.000000000000000  0.003559770627489  0.017664540111322  0.004313276746731  0.028164076956588  0.254193668322989  0.024620433939042  1.000000000000000  0.000000000000000  0.000000000000000  0.000000000000000  0.000000000000000  0.281654807124320  0.718470088272032  0.043767385027725  1.000000000000000  0.473028823362798 
81.0    Q  0.023179608341268  0.000000000000000  0.007264101114165  0.018893057434896  0.000000000000000  0.003865846314122  0.017301009132567  0.000000000000000  0.015777364024948  0.004434539461508  0.000000000000000  0.008161216897377  0.000000000000000  0.589678296130608  0.083446768955994  0.043676467870346  0.173980798978888  0.002369831172361  0.003407666819417  0.004493327708401  0.994470168673214  0.000000000000000  0.005574275412960  0.000000000000000  0.000000000000000  0.000000000000000  1.000000000000000  0.042866665268456  1.000000000000000  0.481297221550876 
82.0    S  0.190386092462908  0.017469716421342  0.011446100582901  0.041435180009333  0.003395877187852  0.030628106729433  0.049686578184311  0.008229383093397  0.051048061944376  0.008869078923016  0.009271381231692  0.010576455305097  0.057233355401133  0.016711673248207  0.042541066140609  0.366021423986406  0.029977003728915  0.041006601705999  0.000000000000000  0.014023594541676  0.995159721820083  0.000000000000000  0.004537143484085  0.000000000000000  0.000000000000000  0.129228842030996  0.870550563296124  0.042659178683911  1.000000000000000  0.475329550614909 
83.0    S  0.130942015887475  0.000000000000000  0.059829466137206  0.123023002754225  0.012090351512050  0.056877426505056  0.025382887386132  0.009061716050824  0.014731008373722  0.007769298192759  0.017812082385835  0.020235046857100  0.026241609154504  0.096655792181915  0.029076551803219  0.290175978595930  0.063109456099793  0.011210543239115  0.000000000000000  0.005711161907813  0.997922718999051  0.000000000000000  0.002345319194307  0.000000000000000  0.000000000000000  0.000000000000000  1.000000000000000  0.043434944370073  1.000000000000000  0.473685035299634 
84.0    A  0.768970415635134  0.024603374267788  0.006820059305733  0.004239177233913  0.000000000000000  0.016816251949747  0.000000000000000  0.006138066536465  0.000000000000000  0.000000000000000  0.003960779217930  0.000000000000000  0.003433748284812  0.000000000000000  0.012656304275501  0.060454770600871  0.029687511964840  0.053474689105163  0.000000000000000  0.008820034412548  0.995849753094458  0.003884649096380  0.000000000000000  0.075572229739585  0.924663278113700  0.575145946675303  0.424842499569325  0.043585739573450  0.478304079045937  0.470739232270603 
85.0    V  0.000000000000000  0.000000000000000  0.012327294388320  0.000000000000000  0.019011286853657  0.000000000000000  0.006688970973019  0.282632641781148  0.000000000000000  0.446273485736488  0.035158077646525  0.007154169425142  0.000000000000000  0.000000000000000  0.000000000000000  0.016164805961233  0.014578640492763  0.153360622156726  0.000000000000000  0.006886563733650  0.984866442895551  0.006886563733650  0.008472479756586  1.000000000000000  0.000000000000000  0.000000000000000  1.000000000000000  0.042511589137686  0.496202187342909  0.489031736723670 
86.0    M  0.056406295466402  0.006891338790603  0.083678453561153  0.138504043483116  0.029502888098445  0.088204740213043  0.005284563402540  0.048127323389754  0.016413196000168  0.193579756963305  0.116629123942101  0.029299096764285  0.012612516789137  0.035109371969739  0.005520443921417  0.028261855548784  0.025155191800660  0.053809324271181  0.025085543397374  0.002030428584327  0.999307092990453  0.000385227949635  0.000000000000000  1.000000000000000  0.000000000000000  0.390393246303696  0.609627547038152  0.042718357873182  0.499653546495226  0.480963727332387 
87.0    A  0.681601303641254  0.031423768137452  0.003058415219752  0.000000000000000  0.000000000000000  0.004459198074714  0.019011286853657  0.023195680791079  0.000000000000000  0.042570563582515  0.024603374267788  0.008525499039492  0.027603595358796  0.000000000000000  0.009485897534336  0.051724801004888  0.020053529649420  0.052665426843947  0.000000000000000  0.000000000000000  1.000000000000000  0.000000000000000  0.000000000000000  0.000000000000000  0.000000000000000  0.000000000000000  1.000000000000000  0.042482132559586  1.000000000000000  0.489370825198718 
88.0    L  0.020674553748564  0.014639397607382  0.000000000000000  0.000000000000000  0.015517070241204  0.000000000000000  0.008525499039492  0.106653262264008  0.000000000000000  0.751059963470465  0.032039601184019  0.000000000000000  0.016665402825496  0.000000000000000  0.009485897534336  0.011148550825921  0.000000000000000  0.013322420183874  0.000000000000000  0.000000000000000  1.000000000000000  0.000000000000000  0.000000000000000  0.000000000000000  0.000000000000000  0.000000000000000  1.000000000000000  0.042482132559586  1.000000000000000  0.489370825198718 
89.0    Q  0.000000000000000  0.012370091654239  0.000000000000000  0.016265962463814  0.000000000000000  0.006896117158521  0.051048061944376  0.000000000000000  0.014649548382142  0.006159376359815  0.000000000000000  0.000000000000000  0.002338825594959  0.836826242683391  0.031098741306878  0.012208248127692  0.008396477912934  0.000000000000000  0.002019200656734  0.000000000000000  1.000000000000000  0.000000000000000  0.000000000000000  0.000000000000000  0.000000000000000  0.000000000000000  1.000000000000000  0.042482132559586  1.000000000000000  0.489370825198718 
90.0    E  0.019290040732712  0.010987446874321  0.013248749447393  0.644834125327943  0.008899870134548  0.015964376292411  0.013021143861863  0.000000000000000  0.031730190652170  0.011187255790634  0.002338825594959  0.000000000000000  0.000000000000000  0.013405789537948  0.025934205799687  0.035871950432969  0.056877426505056  0.081956375888478  0.000000000000000  0.014427848605147  1.000000000000000  0.000000000000000  0.000000000000000  0.000000000000000  0.000000000000000  0.211979991158287  0.787853886049346  0.042482132559586  1.000000000000000  0.489370825198718 
91.0    A  0.653382626946587  0.007370611335120  0.000000000000000  0.000000000000000  0.000000000000000  0.007203930608692  0.008496003053554  0.053734780390188  0.000000000000000  0.022312562182579  0.012700243781005  0.000000000000000  0.022005378545501  0.009099481144285  0.009591685030586  0.077053270341488  0.063990431276778  0.052921582022658  0.000000000000000  0.000000000000000  1.000000000000000  0.000000000000000  0.000000000000000  0.000000000000000  0.000000000000000  0.000000000000000  1.000000000000000  0.041521431690516  1.000000000000000  0.492433221447775 
92.0    S  0.383952567425525  0.022860487823505  0.000000000000000  0.000000000000000  0.015314053364717  0.004151936227963  0.012438876543418  0.004822510183178  0.005093948184604  0.013611784252223  0.000000000000000  0.006953716666035  0.010230354867840  0.008501894075553  0.018945512797840  0.283220971323950  0.137356777197110  0.072493728406590  0.000000000000000  0.000000000000000  1.000000000000000  0.000000000000000  0.000000000000000  0.000000000000000  0.000000000000000  0.000000000000000  1.000000000000000  0.041463910643661  1.000000000000000  0.492433221447775 
93.0    E  0.014160342785427  0.000000000000000  0.000000000000000  0.903752726751086  0.000000000000000  0.003749723675933  0.000000000000000  0.000000000000000  0.021108970070869  0.000000000000000  0.000000000000000  0.000000000000000  0.010159688644910  0.012744335833422  0.029380443828410  0.004951220789197  0.000000000000000  0.000000000000000  0.000000000000000  0.000000000000000  0.993092495437036  0.000000000000000  0.007031265076512  0.000000000000000  0.000000000000000  0.000000000000000  1.000000000000000  0.043797732783773  1.000000000000000  0.492433221447775 
94.0    A  0.514770041716999  0.016019800592009  0.085318357367823  0.021898866391887  0.036676505571292  0.009571760405505  0.010459806695144  0.016097718025314  0.014229216149875  0.024348893114391  0.050415109951383  0.008759109984598  0.017373111836205  0.010635266535152  0.000000000000000  0.079881210200191  0.029790579540255  0.033819520141429  0.000000000000000  0.019970302550048  1.000000000000000  0.000000000000000  0.000000000000000  0.000000000000000  0.000000000000000  0.000000000000000  1.000000000000000  0.044470733163581  1.000000000000000  0.486664687079119 
95.0    Y  0.000000000000000  0.017799740269096  0.000000000000000  0.014358013804360  0.205755086319677  0.000000000000000  0.043676467870346  0.039527485698561  0.000000000000000  0.009732323559137  0.023633874957562  0.012259126529637  0.011102281587354  0.006398724202030  0.014229216149875  0.005118724233822  0.067032288551121  0.025453361345944  0.000000000000000  0.503826880205252  1.000000000000000  0.000000000000000  0.000000000000000  0.000000000000000  0.000000000000000  0.344123900397674  0.655651007107824  0.044316876114983  1.000000000000000  0.486664687079119 
96.0    L  0.008850655353873  0.000000000000000  0.000000000000000  0.000000000000000  0.002118119939147  0.000000000000000  0.000000000000000  0.084143754329799  0.005154327776457  0.718470088272032  0.058517015464656  0.000000000000000  0.007704943003854  0.000000000000000  0.017169597149639  0.004410017206274  0.017181502333040  0.053363607149453  0.022671128247409  0.000000000000000  0.994470168673214  0.000000000000000  0.005421846558655  0.000000000000000  0.000000000000000  0.498961359499525  0.501040802539816  0.045342256494818  1.000000000000000  0.492433221447775 
97.0    V  0.016254691664406  0.023715925827720  0.000000000000000  0.000000000000000  0.013368672276291  0.008974205898414  0.003659849401845  0.084027187134539  0.000000000000000  0.022189177477241  0.004103299000042  0.000000000000000  0.000000000000000  0.004521446160118  0.011899130778932  0.007213924302573  0.144485838319350  0.642157904494713  0.008121714337307  0.005429368046259  0.981459063853479  0.012098734810207  0.006587743048829  1.000000000000000  0.000000000000000  0.000000000000000  1.000000000000000  0.046070913040347  0.494485458190466  0.490729531926740 
98.0    G  0.032940356977836  0.011241668593835  0.043015487549709  0.050066867349351  0.000000000000000  0.275476278969153  0.084435880283477  0.021285281791258  0.026886019706607  0.015495573917786  0.003654779288404  0.034939432842683  0.000000000000000  0.127361399577090  0.048765342510856  0.127803566326240  0.083388948104861  0.013387218043259  0.000000000000000  0.000000000000000  0.994470168673214  0.000000000000000  0.005421846558655  0.500000000000000  0.500000000000000  0.420448207626857  0.579547975952228  0.046166814486955  0.496202187342909  0.487002134271620 
99.0    L  0.000000000000000  0.008437316873694  0.000000000000000  0.030437633391976  0.054108535344979  0.000000000000000  0.013878543685038  0.037577164028068  0.000000000000000  0.663882579191219  0.054108535344979  0.000000000000000  0.002671748640435  0.008303872455926  0.061468879626641  0.003634568975402  0.008015454260446  0.047497651762547  0.000000000000000  0.006099894473495  1.000000000000000  0.000000000000000  0.000000000000000  0.000000000000000  0.000000000000000  0.335643125695066  0.664342907048256  0.046007089442756  1.000000000000000  0.489031736723670 
100.0    F  0.000000000000000  0.000000000000000  0.000000000000000  0.000000000000000  0.710546021590680  0.000000000000000  0.000000000000000  0.000000000000000  0.011882646509695  0.164026406823995  0.056289123740496  0.000000000000000  0.014884968719437  0.000000000000000  0.011430243911753  0.023781771575615  0.000000000000000  0.000000000000000  0.000000000000000  0.007139308204917  0.994470168673214  0.005388128600887  0.000000000000000  0.500000000000000  0.500000000000000  0.000000000000000  1.000000000000000  0.046262915562502  0.496202187342909  0.493800430722686 
101.0    E  0.042335155546418  0.000000000000000  0.009772883438385  0.662503508522604  0.000000000000000  0.040582456335309  0.002673601197445  0.000000000000000  0.086150322060977  0.000000000000000  0.003026780980309  0.003833824468178  0.000000000000000  0.053921334033916  0.017603425445270  0.055591187096119  0.017762765206813  0.004172130500187  0.000000000000000  0.000000000000000  0.998614666101029  0.001294849375292  0.000000000000000  0.250000000000000  0.750019494642909  0.574747424017338  0.425137080032098  0.046455718263469  0.500000000000000  0.493800430722686 
102.0    D  0.016862941195382  0.031884520601514  0.622868707784737  0.028222703442244  0.000000000000000  0.020137103601328  0.034891030061955  0.016120049676584  0.026998068356259  0.037525107108913  0.021762679385454  0.029852591761951  0.000000000000000  0.008777342992435  0.006049367405103  0.005062269396224  0.011438169499575  0.014649548382142  0.000000000000000  0.066661611301985  0.995159721820083  0.000000000000000  0.005150756306611  0.000000000000000  0.000000000000000  0.000000000000000  1.000000000000000  0.046487930076078  1.000000000000000  0.498961359499525 
103.0    T  0.302708270987638  0.032644867589507  0.023715925827720  0.000000000000000  0.003518070233781  0.021522656974737  0.000000000000000  0.014905617977306  0.022624033943431  0.007905103133023  0.002259156609190  0.022608357591727  0.008449021589716  0.011430243911753  0.004143311489720  0.194926210652831  0.313817997820661  0.012673861805891  0.000000000000000  0.000000000000000  1.000000000000000  0.000000000000000  0.000000000000000  0.000000000000000  0.000000000000000  0.000000000000000  1.000000000000000  0.046649324478030  1.000000000000000  0.494485458190466 
104.0    N  0.009156424091207  0.000000000000000  0.007036140467562  0.002055920224042  0.004502681042183  0.027565355162412  0.009492474936758  0.020963159763785  0.002699672278376  0.035158077646525  0.034506213973847  0.475329550614909  0.013120804577252  0.062716984281844  0.008326927625531  0.046391361582158  0.030081076346930  0.075834597515543  0.000000000000000  0.134997069979110  0.989656656415207  0.002473895026803  0.007796271242180  0.142892291926755  0.857376036634172  0.000000000000000  1.000000000000000  0.049997508020797  0.498961359499525  0.494485458190466 
105.0    L  0.041063488348418  0.009512234520805  0.000000000000000  0.010836179446339  0.003077554242380  0.000000000000000  0.000000000000000  0.038714021805747  0.053326631132004  0.648869383469592  0.055322110286222  0.008614602836476  0.016676958406874  0.013102627881890  0.038393343138927  0.018414678247058  0.015176679617838  0.013157233650131  0.003540085696357  0.012352954946937  0.969289816935065  0.030948214747907  0.000000000000000  0.460732093099352  0.539240215847226  0.684441906545919  0.315563008028029  0.050520054300348  0.475329550614909  0.489031736723670 
106.0    C  0.051724801004888  0.535886731268147  0.000000000000000  0.000000000000000  0.020221025851295  0.014792400488074  0.000000000000000  0.031796240378209  0.000000000000000  0.165167300707283  0.021418481327808  0.003486511607316  0.000000000000000  0.000000000000000  0.024671683959392  0.019627224705368  0.057631444869539  0.034267862143372  0.000000000000000  0.019290040732712  0.993781093322555  0.000000000000000  0.006219438271709  0.000000000000000  0.000000000000000  1.000000000000000  0.000000000000000  0.049962864397030  1.000000000000000  0.498615625676035 
107.0    A  0.568802613936252  0.037111239564794  0.000000000000000  0.000000000000000  0.000000000000000  0.001807235211011  0.013120804577252  0.033238521027912  0.009232902710425  0.000000000000000  0.058883204619051  0.000000000000000  0.014318260073052  0.000000000000000  0.000000000000000  0.099235491366457  0.144385723069198  0.019998006466317  0.000000000000000  0.000000000000000  0.982820598545251  0.017086491523197  0.000000000000000  0.311002913324617  0.689202576487815  0.000000000000000  1.000000000000000  0.050415109951383  0.488015880388112  0.498270131413934 
108.0    I  0.035871950432969  0.003757529119784  0.000000000000000  0.002796813947658  0.011327709631866  0.000000000000000  0.015909143746322  0.443498152576075  0.027489033622576  0.174342958293801  0.024518253059273  0.023019495090883  0.013120804577252  0.030819772015417  0.038848427153248  0.025916235806701  0.059333882559407  0.031141883213371  0.000000000000000  0.038287041622021  1.000000000000000  0.000000000000000  0.000000000000000  0.000000000000000  0.000000000000000  0.000000000000000  1.000000000000000  0.050906722691888  1.000000000000000  0.498270131413934 
109.0    H  0.009245711107442  0.000000000000000  0.002557588716960  0.008771261109950  0.003941607944706  0.015239929086369  0.829319545814442  0.000000000000000  0.006601456128223  0.010258758792376  0.000000000000000  0.003682752093431  0.009712106788312  0.013057296233154  0.039064446955788  0.022374511581268  0.009433442120988  0.000000000000000  0.000000000000000  0.016688522000748  1.000000000000000  0.000000000000000  0.000000000000000  0.000000000000000  0.000000000000000  0.000000000000000  1.000000000000000  0.051083458030518  1.000000000000000  0.498270131413934 
110.0    A  0.634635443009902  0.039037378926668  0.000000000000000  0.015239929086369  0.000000000000000  0.073403873200853  0.020207014560742  0.003876579588616  0.000000000000000  0.010858736092518  0.000000000000000  0.002893437105508  0.020207014560742  0.017566858184041  0.081221191403465  0.043797732783773  0.022005378545501  0.011776053980925  0.000000000000000  0.003358423774387  1.000000000000000  0.000000000000000  0.000000000000000  0.000000000000000  0.000000000000000  0.000000000000000  1.000000000000000  0.051510130309578  1.000000000000000  0.498270131413934 
111.0    K  0.020432364820887  0.000000000000000  0.013536513381251  0.003268852510482  0.000000000000000  0.073505703143185  0.027337023903307  0.000000000000000  0.581963267201068  0.000000000000000  0.000000000000000  0.064569649230258  0.013303964183577  0.025453361345944  0.102806258589058  0.062197482613755  0.011825131195075  0.000000000000000  0.000000000000000  0.000000000000000  0.997231251352069  0.000000000000000  0.002839790072891  0.000000000000000  0.000000000000000  0.000000000000000  1.000000000000000  0.051510130309578  1.000000000000000  0.498270131413934 
112.0    R  0.024774504269071  0.047828024056958  0.000000000000000  0.015506318354466  0.000000000000000  0.006872258405644  0.026314467300263  0.018684684324627  0.008820034412548  0.005041259728327  0.000000000000000  0.000000000000000  0.007823337935245  0.000000000000000  0.804408370941916  0.025683755852964  0.000000000000000  0.000000000000000  0.000000000000000  0.008246513419047  1.000000000000000  0.000000000000000  0.000000000000000  0.801069877589622  0.198746312737244  0.327598350964591  0.672683604260913  0.051438771579919  0.497579860910041  0.495858365369147 
113.0    V  0.042747978246953  0.005593627895317  0.000000000000000  0.017349044275447  0.000000000000000  0.000000000000000  0.015082297263621  0.082240907814313  0.017762765206813  0.035698320214017  0.002972721446952  0.000000000000000  0.000000000000000  0.011646174896867  0.000000000000000  0.016153605253874  0.006768256690626  0.745872013345733  0.000000000000000  0.000000000000000  1.000000000000000  0.000000000000000  0.000000000000000  0.000000000000000  0.000000000000000  1.000000000000000  0.000000000000000  0.057154068093744  1.000000000000000  0.498270131413934 
114.0    T  0.000000000000000  0.000000000000000  0.010746420454217  0.002889428729002  0.000000000000000  0.000000000000000  0.018984949873516  0.027603595358796  0.000000000000000  0.000000000000000  0.000000000000000  0.019586453444386  0.023227859131735  0.000000000000000  0.013193763865997  0.000000000000000  0.883927531063671  0.000000000000000  0.000000000000000  0.000000000000000  1.000000000000000  0.000000000000000  0.000000000000000  1.000000000000000  0.000000000000000  0.000000000000000  0.000000000000000  0.060203868376259  1.000000000000000  1.000000000000000 
