No:  residues  hmm_col_1  hmm_col_2  hmm_col_3  hmm_col_4  hmm_col_5  hmm_col_6  hmm_col_7  hmm_col_8  hmm_col_9  hmm_col_10  hmm_col_11  hmm_col_12  hmm_col_13  hmm_col_14  hmm_col_15  hmm_col_16  hmm_col_17  hmm_col_18  hmm_col_19  hmm_col_20  hmm_col_21   hmm_col_22   hmm_col_23   hmm_col_24   hmm_col_25   hmm_col_26   hmm_col_27   hmm_col_28   hmm_col_29   hmm_col_30   
1.0    M  0.000000000000000  0.021612353578296  0.000000000000000  0.000000000000000  0.000000000000000  0.000000000000000  0.000000000000000  0.000000000000000  0.015103220266640  0.019887420863687  0.881480157907170  0.029894004940371  0.000000000000000  0.000000000000000  0.000000000000000  0.000000000000000  0.032106294980593  0.000000000000000  0.000000000000000  0.000000000000000  0.955282936382437  0.033749267494778  0.011148550825921  0.654289035727505  0.345797657252741  0.000000000000000  0.000000000000000  0.054033576956742  0.486327473706143  1.000000000000000 
2.0    S  0.179493063827929  0.000000000000000  0.012242143546083  0.000000000000000  0.000000000000000  0.019984149707460  0.000000000000000  0.000000000000000  0.000000000000000  0.000000000000000  0.028735938942239  0.000000000000000  0.056759276107594  0.000000000000000  0.032150834621674  0.603740295743248  0.032464346978052  0.034434534871144  0.000000000000000  0.000000000000000  0.872362705770759  0.106284270008024  0.021138253610161  0.537374586427751  0.462652214018926  0.388773017941279  0.611320138846034  0.050590138534213  0.418413121341696  0.490389501994276 
3.0    G  0.057154068093744  0.000000000000000  0.012691443693066  0.000000000000000  0.000000000000000  0.628942485918009  0.015711884068726  0.042423280621250  0.030416542942445  0.000000000000000  0.000000000000000  0.020948634243443  0.010987446874321  0.026663315566002  0.030691862351981  0.092333628973910  0.031055659166330  0.000000000000000  0.000000000000000  0.000000000000000  0.923382310729395  0.011646174896867  0.064659223844932  1.000000000000000  0.000000000000000  0.000000000000000  1.000000000000000  0.039010329653175  0.495858365369147  0.481964903870322 
4.0    R  0.008303872455926  0.021959667190730  0.000000000000000  0.011751591807724  0.000000000000000  0.110797712399358  0.000000000000000  0.000000000000000  0.242490477585434  0.051296350550656  0.000000000000000  0.000000000000000  0.000000000000000  0.024281477149502  0.440740078953585  0.068062313458507  0.000000000000000  0.020277168233425  0.000000000000000  0.000000000000000  0.922103117912631  0.025085543397374  0.052775055463986  1.000000000000000  0.000000000000000  0.937571096457110  0.062500000000000  0.039637231228933  0.486664687079119  0.409802303818759 
5.0    G  0.035304600455316  0.014558444207887  0.010783729323411  0.000000000000000  0.000000000000000  0.720964435730112  0.000000000000000  0.000000000000000  0.046262915562502  0.000000000000000  0.012994095287108  0.030500992524257  0.017301009132567  0.024877753086837  0.000000000000000  0.048731552663208  0.028222703442244  0.009505643426829  0.000000000000000  0.000000000000000  0.972654947412286  0.008172538592129  0.018958649378886  0.250000000000000  0.750019494642909  0.000000000000000  1.000000000000000  0.031467360939272  0.491410299272626  0.470413053756894 
6.0    K  0.022545760732213  0.000000000000000  0.000000000000000  0.016758072137780  0.000000000000000  0.000000000000000  0.046681670534761  0.000000000000000  0.592135805926816  0.000000000000000  0.000000000000000  0.007525483547032  0.026369243629063  0.079164640857701  0.084027187134539  0.030691862351981  0.066800374450688  0.027073026762503  0.000000000000000  0.000000000000000  0.920825697205040  0.017566858184041  0.061639544030835  0.670356295790168  0.329876977693224  0.697855382061083  0.302079460847486  0.029666941279704  0.461371246326899  0.455966582759885 
7.0    G  0.130851285246822  0.000000000000000  0.013387218043259  0.013555291986751  0.000000000000000  0.569986636346731  0.000000000000000  0.000000000000000  0.076203443379769  0.000000000000000  0.000000000000000  0.000000000000000  0.023897441841918  0.037111239564794  0.012735505193791  0.096388176587996  0.014101573866600  0.000000000000000  0.000000000000000  0.011833330592789  0.896888159662015  0.044010757091003  0.058964890680960  0.677832163400000  0.322417062663971  0.123535706437592  0.876605721316035  0.025506345192216  0.450625231305415  0.420156876116641 
8.0    G  0.053252755942179  0.000000000000000  0.014239082509955  0.000000000000000  0.000000000000000  0.490049707670935  0.000000000000000  0.065063849855257  0.156908998910330  0.000000000000000  0.000000000000000  0.017253106986923  0.000000000000000  0.051940366349603  0.000000000000000  0.133878852898932  0.017349044275447  0.000000000000000  0.000000000000000  0.000000000000000  0.925946022527324  0.063460381304339  0.010813669656652  0.412652704256329  0.587230985606827  0.773246337455317  0.226879788829290  0.027073026762503  0.440740078953585  0.376311686852767 
9.0    K  0.056016668723088  0.000000000000000  0.006670450893682  0.019464647118273  0.000000000000000  0.084787770465479  0.041926319527571  0.006592310907266  0.494828328207603  0.023260082111977  0.000000000000000  0.006596881932998  0.000000000000000  0.011063870611051  0.142595464483553  0.069204036530268  0.013888166893228  0.023083407243478  0.000000000000000  0.000000000000000  0.903126510151822  0.036297147872679  0.060329189054485  0.138024855895387  0.862143545017596  0.205897754316893  0.793883930931653  0.026259804757290  0.444113397921202  0.454074208860755 
10.0    G  0.116467553663097  0.000000000000000  0.079329430376238  0.020460709735681  0.000000000000000  0.307999518361439  0.009585038884795  0.039912929974856  0.026626377971090  0.007478683267151  0.000000000000000  0.014548356559847  0.000000000000000  0.000000000000000  0.067265007798987  0.091252000665908  0.060580613558442  0.158439065254303  0.000000000000000  0.000000000000000  0.780245480173703  0.011948720920959  0.208049683677881  0.129857387912208  0.869947352708651  0.236514411681399  0.763658748980350  0.026607928367155  0.485990493990676  0.420156876116641 
11.0    L  0.031467360939272  0.019763742849280  0.000000000000000  0.009840859218339  0.000000000000000  0.142200653484063  0.000000000000000  0.000000000000000  0.224066674892351  0.200128702664076  0.041148966314351  0.054258764225065  0.000000000000000  0.025559439329931  0.074531804520664  0.127538082406057  0.017373111836205  0.032195436050627  0.000000000000000  0.000000000000000  0.903126510151822  0.015876095984277  0.081052472165688  0.333324669272800  0.666649338545599  0.134530015597975  0.865136690584988  0.023781771575615  0.496202187342909  0.290175978595930 
12.0    G  0.126131454230585  0.000000000000000  0.034078366645789  0.029914733068603  0.000000000000000  0.488354264481114  0.015527829583165  0.038154578520910  0.060917476930722  0.025068161448515  0.011288518733778  0.000000000000000  0.013555291986751  0.000000000000000  0.041897268486885  0.066615421004246  0.048428495684948  0.000000000000000  0.000000000000000  0.000000000000000  0.981459063853479  0.000000000000000  0.018853811245637  0.000000000000000  0.000000000000000  0.082755556899712  0.917004043204671  0.021522656974737  1.000000000000000  0.273573425315185 
13.0    K  0.036803837174843  0.000000000000000  0.000000000000000  0.055668306287918  0.000000000000000  0.097395572457562  0.019984149707460  0.018123432101647  0.552865326660134  0.028716027608720  0.000000000000000  0.000000000000000  0.000000000000000  0.032106294980593  0.040162698045918  0.090433430366908  0.012191335627714  0.015452670568452  0.000000000000000  0.000000000000000  0.672683604260913  0.113282742283417  0.214195488692142  0.436483795566881  0.563309614248640  0.438910898804760  0.560971740265242  0.021612353578296  0.424842499569325  0.276816146121071 
14.0    G  0.122512426917734  0.000000000000000  0.022671128247409  0.000000000000000  0.017886315009354  0.416099367355762  0.000000000000000  0.017861536490844  0.120491225967580  0.039637231228933  0.000000000000000  0.000000000000000  0.009895580107213  0.000000000000000  0.033913417871306  0.109956134490304  0.048160694272400  0.027054267672489  0.000000000000000  0.013744516811288  0.943438250895360  0.036600318163088  0.019846109102169  0.546767728742316  0.453130969133667  0.094929480613408  0.905006462882905  0.021255794568843  0.476979775273779  0.257920794825340 
15.0    G  0.068440779424598  0.000000000000000  0.019424213576624  0.000000000000000  0.000000000000000  0.580351957191860  0.000000000000000  0.018504243935213  0.109272327551297  0.000000000000000  0.000000000000000  0.000000000000000  0.020948634243443  0.000000000000000  0.039885274025905  0.105769824575036  0.019942637012952  0.017493951385222  0.000000000000000  0.000000000000000  0.950000382874886  0.000000000000000  0.050171086794747  0.000000000000000  0.000000000000000  0.052848267961095  0.947370070599268  0.021433332634228  1.000000000000000  0.269060031195949 
16.0    A  0.234392774114277  0.000000000000000  0.014792400488074  0.028716027608720  0.000000000000000  0.054560474445860  0.026793001144818  0.014111351721122  0.178253214670518  0.040695130924032  0.009671799147168  0.052848267961095  0.107992273425035  0.049652150006007  0.018376425785796  0.069300040225192  0.052446852319159  0.047431851655439  0.000000000000000  0.000000000000000  0.950659101229818  0.043646204139606  0.005867655964613  0.411510172639354  0.588453368609384  0.178872065002864  0.821310700752066  0.017824433060444  0.451250363731215  0.260075066630496 
17.0    K  0.047366142703450  0.008525499039492  0.020095273178603  0.000000000000000  0.000000000000000  0.005229903347572  0.008155561932982  0.000000000000000  0.485990493990676  0.017337023001060  0.000000000000000  0.000000000000000  0.039390730986968  0.059498619281096  0.241819082403483  0.039010329653175  0.021196942616370  0.006310631075075  0.000000000000000  0.000000000000000  0.954621014139717  0.000000000000000  0.045060277233132  0.000000000000000  0.000000000000000  0.808320868805567  0.191444749636798  0.008257953441886  1.000000000000000  0.283810525536516 
18.0    R  0.078128893911576  0.000000000000000  0.006150843566947  0.334481888696528  0.000000000000000  0.032017400719775  0.021314809919990  0.010019817209080  0.148033951481704  0.014568538850576  0.000000000000000  0.006310631075075  0.021373989123476  0.014518135535171  0.272438028053332  0.025137761591935  0.007965606898423  0.007588339808919  0.000000000000000  0.000000000000000  0.969961910341735  0.003549914517377  0.026755883892077  0.327825503553912  0.672217497076313  0.188416863694798  0.811689580977279  0.007011797270838  0.471392267959120  0.373453364278086 
19.0    H  0.030755750688556  0.000000000000000  0.000000000000000  0.029605314706227  0.000000000000000  0.043615961378818  0.155825149284387  0.364502344704145  0.085023178275372  0.020731955321831  0.006934463572418  0.013984766733250  0.012958117903351  0.042130241616783  0.046649324478030  0.060287386536509  0.048027349415250  0.023633874957562  0.000000000000000  0.015314053364717  0.950659101229818  0.029873291174804  0.019627224705368  0.599985691186608  0.399980064166376  0.410655350376033  0.589269703905841  0.007016659163156  0.400812664699697  0.346757742282846 
20.0    R  0.019103754338939  0.022749836703111  0.017481829703683  0.022204563174709  0.000000000000000  0.020731955321831  0.016322433794754  0.013668511951653  0.144285677189605  0.033702513490452  0.018211581220852  0.031554728049896  0.010761328487368  0.033749267494778  0.475988954248766  0.045310838527464  0.058233776831548  0.009175484150107  0.000000000000000  0.006716847548773  0.985549336939371  0.011406500083238  0.003103259375375  0.422786143688758  0.577142708758419  0.859756486243006  0.140145759753564  0.007499447351866  0.478635729097649  0.368567304322775 
21.0    K  0.050836199883258  0.005835208816845  0.007763914791582  0.016886334406865  0.000000000000000  0.009080578964985  0.035624164771671  0.004968410182592  0.342458244991391  0.028855697210294  0.015964376292411  0.030606884299591  0.034031156729253  0.044255482444204  0.261158940716058  0.057035343033966  0.021627339313304  0.022297101651842  0.000000000000000  0.010716666317114  0.991716730738293  0.004710186826917  0.003579565018263  1.000000000000000  0.000000000000000  1.000000000000000  0.000000000000000  0.007264101114165  0.485990493990676  0.475659138165900 
22.0    V  0.013470992890900  0.003349125143102  0.014720801154763  0.007070362991273  0.033330805650993  0.016619260513956  0.011990203875007  0.092077980363530  0.079164640857701  0.134250558952516  0.036423162441705  0.005974360460480  0.024063661694877  0.044656066866909  0.042747978246953  0.056719947207323  0.020803931456818  0.105039219029160  0.000000000000000  0.257563488405019  0.974679630891549  0.006560402288626  0.019077289260455  0.224377512666815  0.775393206347005  0.000000000000000  1.000000000000000  0.006245358049629  0.477641468191219  0.493800430722686 
23.0    L  0.021123606766064  0.000000000000000  0.000000000000000  0.027469986278493  0.010679589468295  0.006958538285990  0.015303442149796  0.043980261728919  0.026296233821418  0.104748391833494  0.012157580883678  0.015527829583165  0.009080578964985  0.385552706351985  0.021762679385454  0.218847832423566  0.038181034427297  0.038794609110191  0.000000000000000  0.003505898635419  0.993092495437036  0.003363082766949  0.003349125143102  1.000000000000000  0.000000000000000  0.400812664699697  0.599154510669709  0.005609158244623  0.499307333050514  0.449377563305515 
24.0    R  0.041148966314351  0.004253894591157  0.031708204580653  0.049859077488065  0.000000000000000  0.003804704173997  0.018148573936339  0.009175484150107  0.373971439590597  0.012913286221160  0.006461120065963  0.026168952734638  0.014437852694482  0.025701564647265  0.299162240807679  0.060833085884890  0.011874412940637  0.000000000000000  0.004298353942836  0.006083005398919  0.977385766410805  0.012603777487846  0.009691932013401  0.124826833262629  0.875391329694264  0.000000000000000  1.000000000000000  0.004835899573584  0.472701058375372  0.464580337125457 
25.0    D  0.068630800861691  0.000000000000000  0.160650792183672  0.094535499830248  0.008801712722635  0.042866665268456  0.032780916486717  0.010280113476789  0.016781319869064  0.014771908074230  0.015261070765035  0.021035938582450  0.010068551800664  0.006997231797585  0.017385158134138  0.387696603173502  0.070170088879601  0.010416395914775  0.003564708939623  0.007309558576808  0.972654947412286  0.012048522073500  0.015197733553317  0.414947292794991  0.585199320737295  0.449066186441967  0.550952557938305  0.004379554992299  0.473028823362798  0.442883759551180 
26.0    N  0.079881210200191  0.004648561313698  0.073556671076173  0.049206748535575  0.004584563196412  0.067732872927799  0.005215423059750  0.014288517023436  0.045436641166260  0.004310288047039  0.003847134542561  0.071893243334413  0.018801609781242  0.068964608752622  0.030458738465361  0.104821023055116  0.300409012381713  0.041349107497129  0.000000000000000  0.010753871887427  0.972654947412286  0.007910584432426  0.019613624863791  0.106727214298906  0.893165852352760  0.637280313659631  0.362738051958545  0.004046807670156  0.474671060475260  0.411510172639354 
27.0    I  0.018736561152986  0.005251699195909  0.212274061611710  0.225312615652708  0.002110791800858  0.040666932982560  0.017799740269096  0.076680311078363  0.072443496994028  0.046552420722584  0.016042024151875  0.064346255214625  0.010569126805080  0.028203147733201  0.074119656213184  0.042305821220389  0.016019800592009  0.025120343460723  0.000000000000000  0.005489916797682  0.942131273904809  0.050275523183870  0.007796271242180  0.435879119768531  0.564091068728256  0.598324481615357  0.401925495371576  0.003767961658532  0.310141824428847  0.388773017941279 
28.0    Q  0.064079202368037  0.008759109984598  0.016992006107108  0.025068161448515  0.051367511705928  0.010753871887427  0.042570563582515  0.027508094173848  0.016504462896123  0.402204185470958  0.029708096913432  0.027795593548059  0.028915763376183  0.048027349415250  0.068298608693810  0.046423528770651  0.036854893508163  0.036957218757629  0.000000000000000  0.011179504062679  0.964598184584138  0.028735938942239  0.006973023214633  0.408384495555011  0.591725510876286  0.797192476540536  0.202922395244320  0.003448058579260  0.428688018317086  0.406407800992160 
29.0    G  0.041636713284126  0.004872912390289  0.029564301460175  0.082755556899712  0.027641888604111  0.110567554416443  0.014447863720527  0.062978360025657  0.027584468634083  0.257563488405019  0.010664794670978  0.030143693268254  0.007657026682358  0.084435880283477  0.019777446780786  0.068488235402981  0.035206850890540  0.041839226780576  0.008321157839011  0.033889919026346  0.942131273904809  0.057951909152216  0.000000000000000  0.451563255075911  0.548665968789621  0.854409740889733  0.145692649766820  0.003264324058288  0.225938181687771  0.455966582759885 
30.0    I  0.010517969291225  0.002279605667614  0.000000000000000  0.000000000000000  0.209787409276635  0.000000000000000  0.005403088394574  0.302498522304823  0.000000000000000  0.360482217865056  0.019873640730368  0.002968603235159  0.008344261000374  0.004856053394156  0.000000000000000  0.009264957026648  0.006853230849475  0.043797732783773  0.002966546269169  0.010152648925433  0.994470168673214  0.000000000000000  0.005391864661706  0.021270533070304  0.978741650397436  1.000000000000000  0.000000000000000  0.003066906713569  0.500000000000000  0.497235084336607 
31.0    T  0.029137077701151  0.006749517089065  0.000000000000000  0.002417949786792  0.003503469373680  0.016401823181610  0.010145614083827  0.003452841918217  0.013668511951653  0.021006796783635  0.000000000000000  0.015865095326085  0.615572206672458  0.008698606392412  0.101461197622160  0.086030975099419  0.062500000000000  0.000000000000000  0.000000000000000  0.003604462861929  0.993092495437036  0.005358333158557  0.001783590332055  0.286776756056541  0.713012858682070  1.000000000000000  0.000000000000000  0.003035184643688  0.470087101254563  0.489031736723670 
32.0    K  0.022639721164920  0.002504954302270  0.007149212250999  0.005009908604540  0.006900898839699  0.003863167642113  0.008088007217511  0.067311648512066  0.337041932934264  0.093882495433808  0.013801797679398  0.023552107961850  0.023601134149419  0.033585911651734  0.129228842030996  0.019170077769591  0.028636520146105  0.164481815628626  0.003486511607316  0.005933092538338  0.993092495437036  0.001247279061714  0.005734963422008  1.000000000000000  0.000000000000000  0.000000000000000  1.000000000000000  0.002970661627424  0.499653546495226  0.492774668469685 
33.0    P  0.295452886733591  0.003993861447695  0.069733707645310  0.043525358770907  0.005069292058356  0.115663053504732  0.005762857254230  0.023099412988654  0.016075417310837  0.129497845445002  0.011525714508460  0.007938047992138  0.044409126349417  0.011940441568478  0.024214247842474  0.136881558849197  0.039200068891281  0.010166733245640  0.002503218601875  0.003527837930281  0.997922718999051  0.002289106022802  0.000000000000000  0.736113431084089  0.264071406337964  0.000000000000000  1.000000000000000  0.002985110392119  0.485317234884773  0.451563255075911 
34.0    A  0.138504043483116  0.020053529649420  0.013193763865997  0.005486112795852  0.006452169257310  0.008390659934532  0.011102281587354  0.037943590137345  0.018906157644051  0.015986522964601  0.009080578964985  0.050485048600601  0.197510327965844  0.009245711107442  0.206469416233930  0.093557686674543  0.098413497071150  0.052156830072213  0.000000000000000  0.007198938954677  0.948684315140454  0.048227505470592  0.002895443378521  0.385285554179204  0.614719433627290  0.000000000000000  1.000000000000000  0.002901470548166  0.368822864270710  0.451563255075911 
35.0    I  0.004742948767168  0.000000000000000  0.000000000000000  0.000000000000000  0.204333832122071  0.002460214804585  0.000000000000000  0.332171453524128  0.000000000000000  0.077966598244628  0.042718357873182  0.000000000000000  0.000000000000000  0.000000000000000  0.000000000000000  0.004842608202887  0.018998113799736  0.308213081365952  0.003616976650497  0.000000000000000  0.994470168673214  0.000000000000000  0.005847355417159  0.000000000000000  0.000000000000000  0.000000000000000  1.000000000000000  0.002293871037527  1.000000000000000  0.446582926176380 
36.0    R  0.078836088051953  0.012797448404060  0.028557232819669  0.047662551664259  0.003567180664109  0.042688758023575  0.082526427563438  0.010496120513448  0.184028357771022  0.014111351721122  0.019627224705368  0.035133716368082  0.010124538792448  0.151774360549381  0.121161227116883  0.066063627535086  0.043525358770907  0.022702578899553  0.002293871037527  0.022297101651842  0.993092495437036  0.005104551773020  0.002097664983633  0.104821023055116  0.895025070927972  0.187764990867616  0.812252396356236  0.002322670146490  0.458502021602336  0.434070113800521 
37.0    R  0.048630323534714  0.007149212250999  0.049343367918785  0.049138580758771  0.000000000000000  0.008759109984598  0.024620433939042  0.004845966006701  0.153893051668115  0.018971795068673  0.005924873224119  0.019873640730368  0.000000000000000  0.045784402331604  0.468460723436213  0.047530586038782  0.019505164826588  0.023831275832129  0.000000000000000  0.003765350811487  0.988970916380931  0.000000000000000  0.010911551034902  0.000000000000000  0.000000000000000  0.706127202192377  0.294022812572741  0.001121775737302  1.000000000000000  0.438910898804760 
38.0    L  0.012841877926482  0.003969023996069  0.000000000000000  0.004041201490308  0.111800612722826  0.002479044699257  0.014447863720527  0.248273123859259  0.008746975692611  0.369334515895640  0.050695447223565  0.003609463173620  0.000000000000000  0.006721504926652  0.003911668967622  0.009252121967607  0.013303964183577  0.105403888781264  0.006301888743923  0.024757337841405  0.997231251352069  0.002305028014329  0.000413449859552  0.295657750061036  0.704172113456040  0.780245480173703  0.219912268980609  0.001040865953191  0.461051558956316  0.453130969133667 
39.0    A  0.209206560670848  0.039010329653175  0.000000000000000  0.004030012419146  0.018453010334836  0.013443009853304  0.008026573745148  0.117521775313641  0.003791540897537  0.222364748384474  0.113597264556065  0.000000000000000  0.004565536127192  0.006045175756025  0.004100455795403  0.017973310833603  0.010903990344704  0.203344799533031  0.000000000000000  0.003552375983597  0.996540262827868  0.003300728064111  0.000000000000000  0.178253214670518  0.821880187294851  0.750019494642909  0.250000000000000  0.001102504301568  0.478635729097649  0.489031736723670 
40.0    R  0.059995578814932  0.009854511006494  0.014189819026899  0.075102253095428  0.003807342308170  0.013285533751003  0.021642335439233  0.000000000000000  0.336575017319196  0.024097044146999  0.007391075365044  0.022971677131079  0.004940935712320  0.058193426239389  0.286776756056541  0.027814866664141  0.014278616409834  0.014377932041014  0.004772629303412  0.000000000000000  0.989656656415207  0.005798920197770  0.004373487846306  0.215535886254399  0.784584097896751  0.000000000000000  1.000000000000000  0.001096407638744  0.483303048532487  0.500000000000000 
41.0    R  0.045657636829552  0.005558841645448  0.059292769696278  0.310787417225985  0.002999629433012  0.020688889224928  0.013830527571555  0.005425605999082  0.096588818705998  0.034626010870779  0.010964622859680  0.033123524481165  0.002785206479227  0.067171823303469  0.108067153913483  0.140632310586101  0.030606884299591  0.009558500321343  0.000000000000000  0.001706197062337  0.994470168673214  0.004658237782542  0.000602396079009  0.295452886733591  0.704660377571010  0.338446569763115  0.661585719954060  0.001097928636503  0.462331639056850  0.478635729097649 
42.0    G  0.104096971360069  0.018879966302968  0.066661611301985  0.019928818619977  0.011727180449331  0.165625877130651  0.043767385027725  0.180741536818218  0.029811235954611  0.045943354262158  0.038660389958974  0.027776333786455  0.002877436886360  0.014598864795050  0.017762765206813  0.056759276107594  0.024264652343782  0.122173220801351  0.002284350906351  0.005679580145782  0.859756486243006  0.136124626917013  0.003857815865021  0.285190928967106  0.714992493180845  0.294839148065304  0.705148980242195  0.001094888748075  0.186726682139043  0.484980955170867 
43.0    G  0.092654188112677  0.007976657232087  0.074894313833714  0.021642335439233  0.003325991045894  0.321078952247356  0.029708096913432  0.032849153408991  0.041120453907157  0.102025380768863  0.008974205898414  0.052229184932616  0.041206050452886  0.010089510549237  0.033984012214215  0.042217940141739  0.054484889971066  0.023421868777430  0.000000000000000  0.006202218210404  0.891310495896971  0.099166730398893  0.009284243008257  0.278548412704833  0.721464343430814  0.542238704421532  0.457866843209063  0.001101740368610  0.218999578766781  0.448444079831007 
44.0    V  0.085318357367823  0.010173782731008  0.019736363466341  0.013946046429265  0.061554152680972  0.015377875344278  0.014782150730087  0.131305568001344  0.014397877909355  0.052994997789572  0.010791206626124  0.034915223064757  0.137452018664319  0.045029054651185  0.017713584574663  0.032940356977836  0.020934118787935  0.212274061611710  0.002140257356343  0.066338950559362  0.609627547038152  0.367037659008526  0.023051429016919  0.442270217665770  0.557869661162482  0.639936206922154  0.360232437209480  0.001107866684508  0.023308500417054  0.425431864753270 
45.0    K  0.048697786228781  0.006061959799022  0.050590138534213  0.102877543159839  0.027148193285957  0.039500096826650  0.042896388476716  0.032039601184019  0.132769898311922  0.105403888781264  0.035599480538191  0.029811235954611  0.014004167180772  0.037473122305972  0.070609200910633  0.047366142703450  0.089188406607367  0.046487930076078  0.002541683311410  0.039037378926668  0.874784764905822  0.106579361470995  0.018632951130166  0.554016173932463  0.445964259710046  0.862143545017596  0.137547326170767  0.001000543772493  0.188286308329227  0.381829374490175 
46.0    R  0.031120304784202  0.012123919598045  0.019586453444386  0.034698088550895  0.001980389608965  0.046327094056339  0.019750048413325  0.027988927190339  0.088388347648318  0.028517671516983  0.031034140482407  0.057233355401133  0.042955896736626  0.037369368649254  0.371388230165207  0.078726873746712  0.037188490509584  0.023748825881274  0.004277548714037  0.005644259366889  0.991029563264079  0.004175023403168  0.004568701812703  0.229728220869763  0.770037174236072  0.442576882289773  0.557483109363849  0.001124110831375  0.489710148793463  0.401646998378517 
47.0    I  0.047464740306704  0.027129382112533  0.009916178797030  0.015441963304699  0.130127699710514  0.003300728064111  0.008686555918102  0.277584708407160  0.016198454703433  0.114704985288921  0.038714021805747  0.000000000000000  0.007085080694790  0.003682752093431  0.002374764224967  0.005774853247163  0.019196671569463  0.193713982739793  0.036297147872679  0.042541066140609  0.998614666101029  0.000000000000000  0.001603010954708  0.000000000000000  0.000000000000000  0.206612579538553  0.793333843191143  0.001285905197323  1.000000000000000  0.428390977384285 
48.0    S  0.085259239679960  0.006438766288697  0.030862526920168  0.061213768599183  0.002968603235159  0.085673925311231  0.008189550589976  0.033238521027912  0.009895580107213  0.003677650252114  0.000000000000000  0.032173127607312  0.016980232226970  0.142496659086683  0.023699492896476  0.320856474390726  0.087474116599700  0.041234622211653  0.002086065250093  0.005543450610158  0.982139595263391  0.002040304224344  0.015997607819194  0.687770909069872  0.312299031413344  0.239649859623244  0.760489376620505  0.001269961080614  0.483303048532487  0.435577096071128 
49.0    G  0.141022767182064  0.010194960528820  0.074946244611945  0.106357966188318  0.004896613361096  0.042130241616783  0.012603777487846  0.004177918312052  0.161096828810627  0.007726335284226  0.006297522121039  0.040638754579640  0.084435880283477  0.048093975630027  0.044935516651467  0.162893393670412  0.022530138616566  0.020574483157176  0.001690891729531  0.002837822362444  0.906890328933143  0.092589987376270  0.000758270385743  0.993092495437036  0.006924857024960  0.401368694357977  0.598739352309464  0.001555937688058  0.246387334234843  0.402483068810561 
50.0    L  0.056916864599499  0.004671171081157  0.212421249784663  0.185308376225354  0.015061403245948  0.067779838052691  0.011025592526630  0.018211581220852  0.046941247716904  0.025952188252840  0.012779719664965  0.026867390195094  0.020963159763785  0.050485048600601  0.062500000000000  0.107246316303586  0.047267749915124  0.013592927386073  0.002577163888228  0.011446100582901  0.998614666101029  0.001131929640532  0.000000000000000  0.500000000000000  0.500000000000000  0.266831334509990  0.733058378594605  0.001382983826381  0.498615625676035  0.437999157533563 
51.0    I  0.507683050434715  0.024130472909118  0.005970220784239  0.009258537272981  0.021732530807969  0.025862400502444  0.002348572751754  0.046102858033839  0.022908074331081  0.006982696580912  0.004944361695196  0.004852688600720  0.031840349894273  0.002322670146490  0.009426905622818  0.071051060827251  0.061982295671143  0.138696184008481  0.000000000000000  0.002044551331982  0.996540262827868  0.003467231786209  0.000000000000000  0.162442382806930  0.837406487508427  0.000000000000000  1.000000000000000  0.001256825436818  0.490729531926740  0.454704125900367 
52.0    Y  0.080940187428402  0.007861389246076  0.005193777766335  0.018389167769043  0.025382887386132  0.005562696076551  0.003562238927812  0.128069602879100  0.058598193528569  0.220675749072664  0.057471877884479  0.003841804976665  0.104966436618018  0.005030787615273  0.050205874797315  0.032486857349227  0.014288517023436  0.113912660079643  0.000000000000000  0.063548417080747  0.994470168673214  0.003280201144313  0.001953125000000  0.743806881217253  0.256139205758200  0.055168937268166  0.944747040997206  0.001272604638050  0.493458272942921  0.454704125900367 
53.0    E  0.077053270341488  0.006228066222973  0.119991157629863  0.198608600024026  0.020039634418160  0.037864770638445  0.015920174947136  0.048127323389754  0.045689295262501  0.073353011142585  0.023963791557392  0.035451733904249  0.012788580962356  0.033330805650993  0.017397212784823  0.052337905469277  0.032712821311705  0.135841857815757  0.007021524426649  0.006223750752231  0.998614666101029  0.000000000000000  0.001100214090329  0.000000000000000  0.000000000000000  0.271872097713721  0.727994774499543  0.001258568975083  1.000000000000000  0.446273485736488 
54.0    E  0.261521234948132  0.026571067502006  0.038340155539181  0.091759414752131  0.022405550750247  0.003481681624598  0.013564691056266  0.050765774772265  0.017640068825096  0.114228931278675  0.025225033578274  0.012115518849172  0.008710673583810  0.055784185717061  0.008686555918102  0.043374772469237  0.057392260143808  0.054334035005626  0.000000000000000  0.093947592379098  0.997231251352069  0.003083960494924  0.000000000000000  0.054863862350595  0.945402116750744  0.000000000000000  1.000000000000000  0.001261188818655  0.493800430722686  0.455019412040450 
55.0    T  0.032240099353167  0.010202029586632  0.000000000000000  0.000000000000000  0.052775055463986  0.006306258394568  0.000000000000000  0.152618314083642  0.000000000000000  0.478635729097649  0.097463105326415  0.000000000000000  0.005269931774764  0.004131839701634  0.003309892324008  0.021522656974737  0.025068161448515  0.105989995579143  0.000000000000000  0.004289425053856  0.999307092990453  0.000663783321244  0.000000000000000  0.099995016041594  0.900001929793512  0.000000000000000  1.000000000000000  0.001262063311169  0.500000000000000  0.455019412040450 
56.0    R  0.201800268626191  0.011109979770213  0.019290040732712  0.018632951130166  0.002091857076546  0.016164805961233  0.017050998078983  0.012770864507629  0.013084476367319  0.053326631132004  0.021537580515244  0.085852264589351  0.021344379011787  0.205043227799182  0.071248329543341  0.090058109302370  0.094339123032535  0.042042725266307  0.000000000000000  0.003212695580908  1.000000000000000  0.000000000000000  0.000000000000000  0.000000000000000  0.000000000000000  0.000000000000000  1.000000000000000  0.001261188818655  1.000000000000000  0.455019412040450 
57.0    G  0.134064577102243  0.004978752450466  0.102806258589058  0.318861097919636  0.004762715211236  0.036651092163496  0.004762715211236  0.003584530790279  0.106875272236497  0.009631658792686  0.007525483547032  0.027355979052946  0.007149212250999  0.045154074935110  0.072092850316251  0.055822865772048  0.034267862143372  0.017277041458129  0.000000000000000  0.006443230848516  0.997922718999051  0.001759035116890  0.000000000000000  0.333324669272800  0.666649338545599  0.000000000000000  1.000000000000000  0.001261188818655  0.490049707670935  0.455019412040450 
58.0    V  0.311650298568774  0.077481731246187  0.039527485698561  0.018594245254792  0.066707833627497  0.012395841299862  0.005197379066721  0.092975860152157  0.003749723675933  0.056484545421943  0.043949787497285  0.004227440017679  0.003372420150681  0.005403088394574  0.002116652278994  0.056289123740496  0.023798261557863  0.166085726762064  0.000000000000000  0.010089510549237  1.000000000000000  0.000000000000000  0.000000000000000  0.000000000000000  0.000000000000000  0.000000000000000  1.000000000000000  0.001261188818655  1.000000000000000  0.455019412040450 
59.0    L  0.179991414814336  0.068726009332159  0.000000000000000  0.001980389608965  0.031950891581560  0.007763914791582  0.009485897534336  0.084377374070172  0.001994164308022  0.216584214100022  0.038446604523473  0.002833891030926  0.011140825916907  0.004163463812765  0.006838994763236  0.082070070339009  0.086990399489444  0.132402291835485  0.003305307017970  0.029036271070341  0.998614666101029  0.000000000000000  0.001548406516817  0.000000000000000  0.000000000000000  0.053326631132004  0.946713631236714  0.001261188818655  1.000000000000000  0.455019412040450 
60.0    K  0.025277542136304  0.008930768245422  0.057831526752366  0.439519780455894  0.017397212784823  0.007672965587995  0.016734856612366  0.012770864507629  0.074171049853533  0.008856792287331  0.004648561313698  0.032084048303750  0.003206021909416  0.050871449066902  0.044501568612408  0.058883204619051  0.062240609568404  0.031730190652170  0.008026573745148  0.034674046002120  0.996540262827868  0.001981762786291  0.001635559545915  0.250000000000000  0.750019494642909  0.148547888132117  0.851453707748945  0.001264690428569  0.493458272942921  0.450000964896756 
61.0    V  0.112266546610492  0.009472756398920  0.099995016041594  0.115103212150630  0.033772668813730  0.006497047643554  0.014023594541676  0.037525107108913  0.030713143704539  0.065743861200242  0.037499105699163  0.023115429832013  0.006470083291676  0.021657341963288  0.088572337281764  0.042600081477578  0.016198454703433  0.060706718471352  0.011965296852300  0.166085726762064  0.998614666101029  0.000000000000000  0.001708563993957  0.000000000000000  0.000000000000000  0.000000000000000  1.000000000000000  0.001263814115706  1.000000000000000  0.450000964896756 
62.0    F  0.005855467194358  0.004886441719192  0.001882675405743  0.006702894768974  0.332401777045429  0.000000000000000  0.014004167180772  0.041492661199451  0.011469926844016  0.168871760566955  0.055629733328281  0.005147187311461  0.007494250932229  0.026314467300263  0.071051060827251  0.003559770627489  0.017664540111322  0.039254449410735  0.005478512697822  0.180992271547445  0.996540262827868  0.000766195408102  0.003012130518375  0.071495685825238  0.928516852306729  0.139854637629464  0.860352630611440  0.001264690428569  0.489710148793463  0.430474594169452 
63.0    L  0.063636574985289  0.017652300227658  0.007567329603333  0.024705909893873  0.057432055217441  0.011767894270577  0.005291894443302  0.224688781652757  0.016734856612366  0.263705579267015  0.027911432886024  0.003058415219752  0.000000000000000  0.007993261482300  0.018376425785796  0.014988501864457  0.083794536973771  0.133046272806670  0.010995065432230  0.006619784648017  0.895025070927972  0.104458369865232  0.000741122682116  0.168871760566955  0.831045861593648  0.610050255136112  0.389852421305662  0.001268201760478  0.249135065706967  0.431370672271328 
64.0    E  0.100203166174924  0.017409275794052  0.028935813203979  0.129228842030996  0.008531410513638  0.030039404012149  0.045405157799105  0.034698088550895  0.069975805540890  0.056719947207323  0.012473412286823  0.020934118787935  0.002524126622339  0.032240099353167  0.138024855895387  0.070218743939478  0.077213664820433  0.117440343651751  0.005425605999082  0.002397921257647  0.991029563264079  0.003203800434362  0.005609158244623  1.000000000000000  0.000000000000000  0.000000000000000  1.000000000000000  0.001257696903818  0.496546247718518  0.468136123717246 
65.0    N  0.045943354262158  0.010019817209080  0.046294993688135  0.212126975426474  0.041810236087066  0.052628934600526  0.036676505571292  0.040836414184162  0.056133273305246  0.032871930600121  0.029852591761951  0.059128602920350  0.000000000000000  0.081503170953660  0.055130710324824  0.066477042055824  0.039091533753540  0.032195436050627  0.001864494168242  0.059375023929680  0.989656656415207  0.008537326086726  0.001957190634921  0.173860246463749  0.825877664935720  0.127361399577090  0.872362705770759  0.001287689076653  0.448133349784702  0.453130969133667 
66.0    V  0.020011872833278  0.005547294369310  0.002194335748109  0.006900898839699  0.033077637339848  0.005044755274618  0.002958332648197  0.252612861621691  0.000000000000000  0.298747801214196  0.024826075003003  0.000000000000000  0.000000000000000  0.004474679288983  0.011109979770213  0.000000000000000  0.015711884068726  0.314035595285882  0.000000000000000  0.002695932330853  1.000000000000000  0.000000000000000  0.000000000000000  0.500000000000000  0.500000000000000  0.268315071598363  0.731535610352163  0.001285905197323  0.497579860910041  0.452816991508911 
67.0    I  0.135090675254919  0.016299821773904  0.000000000000000  0.000000000000000  0.134436798807172  0.051403129294529  0.000000000000000  0.107246316303586  0.004364402883095  0.222827623974243  0.029056404456661  0.003698100122018  0.003708367659963  0.003505898635419  0.007457976672967  0.088695209762524  0.108818820412016  0.077589218220382  0.000000000000000  0.005924873224119  0.893165852352760  0.101180277068426  0.005463344073197  0.219303387183206  0.780786492607391  0.170755032094299  0.829319545814442  0.001284123789263  0.254722799154181  0.466193243218416 
68.0    R  0.043045313949473  0.005671712030875  0.050101583087462  0.293615492803413  0.006403160997168  0.048731552663208  0.024895003008924  0.008350046806336  0.101672399766516  0.028066636652623  0.010180837104401  0.033446521825832  0.001874861837967  0.091315273659105  0.070316155293051  0.109803808529795  0.051260806949795  0.016758072137780  0.000000000000000  0.004527718562127  0.986916545885842  0.009086875324593  0.004016069635375  0.078672323344054  0.921464186198704  0.283613871233989  0.716480825186550  0.002191295860411  0.466516495768404  0.448133349784702 
69.0    D  0.035206850890540  0.024688790995731  0.289372554247531  0.181369025979272  0.015019702006074  0.020818356642063  0.026700304402804  0.018775563273857  0.039747281460737  0.119576019761484  0.012770864507629  0.027718634536005  0.000000000000000  0.032599643547808  0.041492661199451  0.042482132559586  0.039037378926668  0.016676958406874  0.002421304101443  0.013527133836245  0.999307092990453  0.000000000000000  0.000989508691562  1.000000000000000  0.000000000000000  0.232935107326193  0.767373048000443  0.002206537528457  0.497924876547229  0.451563255075911 
70.0    A  0.559418550517856  0.029831906691866  0.006280085865181  0.000000000000000  0.002681024279795  0.019942637012952  0.000000000000000  0.010783729323411  0.001575472185981  0.072142838594802  0.004077780966491  0.005076324462717  0.008632535037499  0.011981895778696  0.001850332169139  0.177144674563527  0.064079202368037  0.024552266145862  0.000000000000000  0.000000000000000  0.987600861445373  0.001699115923259  0.010409178321031  0.333324669272800  0.666649338545599  0.000000000000000  1.000000000000000  0.002212663838468  0.496890546661277  0.459138081150462 
71.0    V  0.074325444687670  0.027872766231878  0.010337276874282  0.051118878659861  0.020574483157176  0.118093380124651  0.021123606766064  0.061596833558711  0.032780916486717  0.039609766313576  0.014258835758491  0.163232473386115  0.006881791985367  0.037969899747032  0.048327896090957  0.069637103176208  0.032106294980593  0.095921631000055  0.028596849003998  0.045626000332954  0.994470168673214  0.003705798106017  0.001991401724606  0.239152039522969  0.761016690419679  0.119991157629863  0.880259013563151  0.002241996902061  0.480963727332387  0.427204870444866 
72.0    T  0.082985322398902  0.012586317047637  0.056877426505056  0.096924150793376  0.010474317121721  0.011816937478781  0.008269409334962  0.048934643516034  0.119079749755492  0.150412878249938  0.035476315692065  0.111723145294598  0.012482061194518  0.053105312446166  0.036906020669673  0.040582456335309  0.064748922722501  0.038499939795180  0.001544119368367  0.006546774489593  0.986916545885842  0.006003418676906  0.007416735319926  0.326464946772229  0.673616788432845  0.702222437868999  0.297920643643512  0.002243551474604  0.478635729097649  0.428688018317086 
73.0    Y  0.100760353936621  0.108292107050011  0.000000000000000  0.027261334555336  0.128603338486697  0.007478683267151  0.034386831542692  0.067451764781527  0.017241152188156  0.125869443757090  0.021522656974737  0.016413196000168  0.000000000000000  0.012904338514621  0.027872766231878  0.018594245254792  0.022051185053261  0.089003137224817  0.004154815128489  0.170046356550744  0.995849753094458  0.000000000000000  0.004108991325015  1.000000000000000  0.000000000000000  0.205327675188016  0.794985250948974  0.002182201441547  0.500000000000000  0.455966582759885 
74.0    T  0.429282718218877  0.116064606538341  0.000000000000000  0.000000000000000  0.004077780966491  0.004729816734182  0.006948898387015  0.012225184089633  0.010911551034902  0.019859870145401  0.083215725827273  0.003619484616759  0.018568486016515  0.007233953300995  0.013350152201402  0.119576019761484  0.118257205840699  0.028281451965091  0.000000000000000  0.003778423162554  0.991716730738293  0.005578140545645  0.002600491432102  0.261521234948132  0.738669031791280  0.000000000000000  1.000000000000000  0.002185228712960  0.476979775273779  0.451563255075911 
75.0    E  0.027261334555336  0.010337276874282  0.033492920704259  0.158658860752476  0.004739662344721  0.013111713079790  0.050240686921447  0.086269834587289  0.133323222603971  0.045216715183454  0.024467321758017  0.052374195916747  0.010858736092518  0.077160162930846  0.149270398384324  0.032084048303750  0.035060733766578  0.037291741969741  0.000000000000000  0.018736561152986  0.987600861445373  0.007365504186861  0.004869535915137  0.187634887189296  0.812252396356236  0.110261420649647  0.890075733252496  0.002194335748109  0.467163673441590  0.445346450303340 
76.0    H  0.044255482444204  0.005132936043552  0.090433430366908  0.043858491438721  0.011727180449331  0.018073252873520  0.420448207626857  0.011833330592789  0.057312752700292  0.055706905993561  0.008246513419047  0.037291741969741  0.009916178797030  0.034149304346905  0.038075320739850  0.044687030823803  0.022797192878753  0.006146581604325  0.000000000000000  0.039996012932635  0.990342871933025  0.005802941096331  0.004035603076891  0.262611136002688  0.737645728541420  0.140729823267095  0.859160754947185  0.002183714552668  0.479632059662632  0.414659772907221 
77.0    A  0.339151081861918  0.014957366534302  0.035574813408590  0.059169601952295  0.011866185076676  0.067968024428430  0.022467758325734  0.009638337264137  0.034650020112596  0.022374511581268  0.000000000000000  0.092461719328052  0.020847237026215  0.032894723584670  0.070413701781080  0.123193667117421  0.027489033622576  0.008071206153782  0.002752579599887  0.004060857168653  0.993781093322555  0.006254021958252  0.000000000000000  0.353063601096189  0.647072827241427  0.386891248385597  0.613017430026578  0.002195857273005  0.452189688780544  0.414372452243996 
78.0    K  0.019818615614467  0.005343497280869  0.026755883892077  0.025737219289612  0.000000000000000  0.201520707873242  0.024147204676500  0.000000000000000  0.423079298300145  0.012913286221160  0.002433080889784  0.082126976696836  0.004733096329806  0.024365776331604  0.087171479146900  0.049721030234682  0.010047636589302  0.000000000000000  0.000000000000000  0.000000000000000  0.986232704493359  0.005520443921417  0.007949060094552  0.393926943024673  0.606256409530869  0.227983291379942  0.772175133091785  0.002197379852908  0.469435873657726  0.430176315305720 
79.0    R  0.029056404456661  0.018998113799736  0.000000000000000  0.018491422214884  0.002333967196986  0.020081349022959  0.017812082385835  0.003525393466650  0.155178436440764  0.008149910886952  0.004903406215948  0.000000000000000  0.005707204603694  0.005687459175778  0.636838737663250  0.040666932982560  0.007910584432426  0.018060729789919  0.003980043736784  0.002609519684356  0.991029563264079  0.007119541254978  0.002063057862015  0.160873655912659  0.839149637106542  0.425726853874473  0.574349177498517  0.002245107125068  0.472701058375372  0.413225159077106 
80.0    K  0.030564483545229  0.014004167180772  0.011990203875007  0.013139006488339  0.007421877991210  0.008838394240984  0.016515906883772  0.025719385789960  0.335643125695066  0.030290306779221  0.008161216897377  0.021255794568843  0.015061403245948  0.034410674940561  0.101180277068426  0.085792776953432  0.101250434204006  0.137071448573487  0.000000000000000  0.001675723692244  0.981459063853479  0.017973310833603  0.000898620752563  0.236350529187686  0.763658748980350  0.452189688780544  0.547526235396787  0.002259156609190  0.446892581178393  0.441963765531836 
81.0    T  0.015506318354466  0.006129563264818  0.013975076590353  0.026718818059124  0.006587743048829  0.008240799352094  0.017579038823263  0.027814866664141  0.044501568612408  0.022608357591727  0.011533706294397  0.019613624863791  0.021747599872361  0.020977695355942  0.126481650128366  0.022219959540426  0.558256480991286  0.029339742103608  0.000000000000000  0.000000000000000  0.990342871933025  0.005418089723169  0.004364402883095  1.000000000000000  0.000000000000000  0.492433221447775  0.507331273290440  0.002276447652607  0.487002134271620  0.461371246326899 
82.0    V  0.004192422993724  0.013340901787363  0.000000000000000  0.000000000000000  0.009310020113860  0.004195329967266  0.009591685030586  0.387427965479586  0.003941607944706  0.263340258988709  0.021226348196077  0.003815267691259  0.027318081887824  0.000000000000000  0.000000000000000  0.019846109102169  0.002978909479016  0.225156494961982  0.004212814186306  0.000000000000000  0.995159721820083  0.004218658436847  0.000901740537822  1.000000000000000  0.000000000000000  0.359733395002705  0.640379930664885  0.002273294012504  0.492092011016900  0.450312989923965 
83.0    T  0.042688758023575  0.015431263460084  0.048731552663208  0.049514675682811  0.010591127553125  0.015345931175990  0.010664794670978  0.031752191968553  0.072242919159675  0.032894723584670  0.093557686674543  0.102237757319723  0.003058415219752  0.071396640428034  0.021418481327808  0.089064850884299  0.263888429409492  0.018906157644051  0.000000000000000  0.006688970973019  1.000000000000000  0.000000000000000  0.000000000000000  0.250000000000000  0.750019494642909  0.185308376225354  0.814507563070215  0.002273294012504  0.498961359499525  0.461691155364697 
84.0    A  0.161096828810627  0.011743449047387  0.012123919598045  0.026737344552581  0.012081974022739  0.044687030823803  0.006138066536465  0.030734439813320  0.043888902366812  0.041897268486885  0.012413037501502  0.005020337255740  0.268129154204486  0.022639721164920  0.037577164028068  0.046198825977308  0.083678453561153  0.112033337446176  0.000000000000000  0.021167577773209  0.995849753094458  0.001367730782116  0.003058415219752  0.069060280299994  0.931094819830229  0.000000000000000  1.000000000000000  0.002282768063596  0.497579860910041  0.469435873657726 
85.0    M  0.029036271070341  0.005636440183053  0.109499789383391  0.174222154835934  0.012499377005199  0.036146505747040  0.014957366534302  0.012421644546078  0.160985203688728  0.010272990314102  0.017015578364627  0.031973045929201  0.007720981652349  0.065561832973434  0.180992271547445  0.065743861200242  0.034410674940561  0.013003105229868  0.012370091654239  0.005429368046259  0.998614666101029  0.001575472185981  0.000000000000000  0.166662334636400  0.833353207159218  0.295248165357383  0.704660377571010  0.002297053223225  0.500000000000000  0.459456441739525 
86.0    D  0.002223425838037  0.000000000000000  0.703196599956560  0.033284631356044  0.004140440560146  0.005762857254230  0.162780523696129  0.000000000000000  0.009752582413294  0.017361073885236  0.002779420822724  0.009786440926751  0.003377098559796  0.002710923279327  0.004066490615954  0.009671799147168  0.029339742103608  0.000000000000000  0.000000000000000  0.000000000000000  0.991716730738293  0.000000000000000  0.008223680896167  0.000000000000000  0.000000000000000  0.172300644121954  0.827596816078205  0.002241996902061  1.000000000000000  0.472373520498603 
87.0    V  0.010798689113505  0.005966083976409  0.000000000000000  0.004556052225736  0.025435724533451  0.000000000000000  0.000000000000000  0.331481440074665  0.004077780966491  0.144786600774330  0.079660039207454  0.000000000000000  0.004632478513324  0.004236239878293  0.000000000000000  0.012387252134536  0.012931200251222  0.352086056728020  0.000000000000000  0.007016659163156  0.997231251352069  0.002510168627870  0.000000000000000  0.153042049050026  0.846745312362527  0.541862983422390  0.458184322337676  0.002298645971130  0.472046209575125  0.456915725114700 
88.0    V  0.060664654360597  0.015197733553317  0.060580613558442  0.048799155787962  0.024740183308477  0.008740914851841  0.017861536490844  0.086809695985319  0.104821023055116  0.129587637627465  0.023276210361292  0.036397924577139  0.004852688600720  0.196418129166895  0.054978067245152  0.033679160782615  0.019451159927846  0.066800374450688  0.001400346921890  0.005058761714275  1.000000000000000  0.000000000000000  0.000000000000000  0.000000000000000  0.000000000000000  0.611744020565933  0.388234437500520  0.002262290637099  1.000000000000000  0.482299092292069 
89.0    Y  0.049824529783784  0.017530366883289  0.015197733553317  0.033585911651734  0.038875364165577  0.011597840395539  0.029016151634585  0.016723260912916  0.048194088293998  0.395842932935636  0.032758202359904  0.050942020775164  0.000000000000000  0.035476315692065  0.042926132294676  0.049652150006007  0.054296386571914  0.018148573936339  0.026479138592066  0.032986053676186  0.998614666101029  0.001307475836893  0.000000000000000  0.500000000000000  0.500000000000000  1.000000000000000  0.000000000000000  0.002293871037527  0.500000000000000  0.495858365369147 
90.0    A  0.639936206922154  0.017122058850745  0.005399344556752  0.009080578964985  0.002436456195145  0.027641888604111  0.019722688001752  0.010798689113505  0.000000000000000  0.054258764225065  0.015431263460084  0.000000000000000  0.009745824780578  0.000000000000000  0.003898135621090  0.067451764781527  0.025506345192216  0.082640912821411  0.002531134698112  0.006219438271709  0.999307092990453  0.000681499396544  0.000000000000000  0.199990032083188  0.799960128332753  0.000000000000000  0.000000000000000  0.002287519885193  0.500000000000000  1.000000000000000 
91.0    L  0.077804639711386  0.012868609644806  0.004835899573584  0.005244423838985  0.021868529149925  0.006241030597259  0.003980043736784  0.149270398384324  0.009067999331123  0.342458244991391  0.071446145963377  0.003577084712571  0.007134361328219  0.008531410513638  0.077428043611494  0.017039183322895  0.022718320583130  0.155393708612992  0.000000000000000  0.003024683702552  0.991029563264079  0.000000000000000  0.008832270055661  0.000000000000000  0.000000000000000  0.000000000000000  0.000000000000000  0.002279605667614  1.000000000000000  1.000000000000000 
92.0    K  0.038606832410217  0.019627224705368  0.049686578184311  0.122767449407924  0.006053561960619  0.035500914524584  0.038181034427297  0.023568438698228  0.147624082678691  0.007817917089551  0.006163647194160  0.037733768483953  0.006078790441839  0.069252021741558  0.299577255334855  0.039582320428851  0.022204563174709  0.012568880795967  0.000000000000000  0.017361073885236  0.993781093322555  0.003903543331994  0.002550507396658  1.000000000000000  0.000000000000000  0.586417474615939  0.413798408039103  0.002338825594959  0.482299092292069  0.474342157570227 
93.0    R  0.040358042196948  0.003731573970244  0.051976381148432  0.079494562921473  0.011990203875007  0.030628106729433  0.017027376753333  0.103880732699206  0.071793647187315  0.113047422195136  0.023003544721378  0.131396613635963  0.003977285936581  0.025916235806701  0.158989125842947  0.050800975124020  0.034078366645789  0.031708204580653  0.007567329603333  0.008638520729065  0.944092419150250  0.010387555532670  0.045657636829552  0.392564059336786  0.607518395952508  0.696888619343735  0.302918165107561  0.002309826172352  0.462331639056850  0.485317234884773 
94.0    Q  0.020263118041422  0.022467758325734  0.053474689105163  0.005863590224666  0.025033433674676  0.021762679385454  0.023083407243478  0.044718016250716  0.047464740306704  0.213158722941989  0.070024325887136  0.090936292727172  0.005883947135288  0.071843428002167  0.155609279422771  0.035946621667206  0.023864335905636  0.057392260143808  0.000000000000000  0.011187255790634  0.763129604480280  0.209351621877107  0.027641888604111  0.720464874418961  0.279321784518055  0.039609766313576  0.960594863953477  0.002351830822718  0.186468003336433  0.376311686852767 
95.0    G  0.026096497482137  0.007233953300995  0.051940366349603  0.065789447169340  0.002839790072891  0.541487522762962  0.013175486097658  0.032464346978052  0.007452808988653  0.026663315566002  0.007976657232087  0.047861187409199  0.013508394239185  0.007954571873161  0.040134869030920  0.012612516789137  0.016839580391307  0.074894313833714  0.000000000000000  0.003201580498584  0.984184022033800  0.006492545793700  0.009532035236502  0.597909898388062  0.401925495371576  0.750019494642909  0.250000000000000  0.003056296022408  0.494142825750366  0.328052813647990 
96.0    R  0.025382887386132  0.012335841979696  0.049652150006007  0.228774792031982  0.204050761537725  0.000000000000000  0.020109206989082  0.079604842207906  0.015625000000000  0.060790934213268  0.029935475569459  0.026923317491001  0.007905103133023  0.031664278129971  0.099235491366457  0.033077637339848  0.040330077826618  0.020934118787935  0.000000000000000  0.013696964395563  0.959264119325264  0.016108879981169  0.024552266145862  0.467811748915700  0.532185091226680  0.807760777609608  0.192109397661002  0.003018400584562  0.474342157570227  0.435879119768531 
97.0    T  0.025541729015259  0.000000000000000  0.134716643130459  0.086569341756933  0.004198238956467  0.043224707156593  0.023748825881274  0.019183370061173  0.029096713119695  0.021006796783635  0.004889829916617  0.051760666333409  0.226251615720726  0.025952188252840  0.080047491333111  0.066155274679696  0.087595465567547  0.043344717785356  0.021388809579560  0.005299235654092  0.964598184584138  0.009881871424640  0.025630403474898  1.000000000000000  0.000000000000000  0.622005826649234  0.378141999320990  0.003273387244797  0.492774668469685  0.432868282759829 
98.0    L  0.068869069742288  0.000000000000000  0.078563335907614  0.070952631384129  0.015303442149796  0.015506318354466  0.014659706195323  0.128960397412670  0.025418099941629  0.264804583670969  0.034434534871144  0.068869069742288  0.008918396149428  0.043585739573450  0.012006837353813  0.033609199701793  0.011210543239115  0.085911793473252  0.003599469477339  0.014710601008456  1.000000000000000  0.000000000000000  0.000000000000000  0.000000000000000  0.000000000000000  0.950659101229818  0.049240867878084  0.003280201144313  1.000000000000000  0.430474594169452 
99.0    Y  0.006656594492772  0.008795613954193  0.007094909513449  0.007861389246076  0.162329825341235  0.023179608341268  0.020123150461091  0.008807815719886  0.000000000000000  0.023373214974412  0.015865095326085  0.009074286968170  0.067968024428430  0.030185510278901  0.008561029425373  0.007080171392714  0.000000000000000  0.012806321994336  0.006628967982077  0.573553512113083  0.993781093322555  0.000000000000000  0.006345721846533  0.000000000000000  0.000000000000000  0.000000000000000  1.000000000000000  0.003559770627489  1.000000000000000  0.500000000000000 
100.0    G  0.076309157041821  0.008484233252518  0.109575715164504  0.044255482444204  0.000000000000000  0.547146850630370  0.009472756398920  0.000000000000000  0.004474679288983  0.000000000000000  0.000000000000000  0.021929245719361  0.005982648426150  0.038181034427297  0.020446532366485  0.064748922722501  0.007289320246381  0.036096430767300  0.000000000000000  0.005644259366889  0.995849753094458  0.000000000000000  0.004086269296065  0.500000000000000  0.500000000000000  0.290578526879529  0.709561678100191  0.003941607944706  0.496202187342909  0.491410299272626 
101.0    F  0.008413956064008  0.000000000000000  0.000000000000000  0.007954571873161  0.710546021590680  0.000000000000000  0.030564483545229  0.026515871928309  0.000000000000000  0.014751444049223  0.008980428500271  0.000000000000000  0.000000000000000  0.000000000000000  0.000000000000000  0.007489058113226  0.000000000000000  0.006024261036750  0.000000000000000  0.178872065002864  0.976031760776225  0.009820416988452  0.013840117485974  0.579547975952228  0.420448207626857  1.000000000000000  0.000000000000000  0.006020086784050  0.469435873657726  0.489031736723670 
102.0    G  0.095988141856381  0.000000000000000  0.136976470805961  0.069252021741558  0.011792390379067  0.215834889643603  0.046746429948825  0.009118422670457  0.017603425445270  0.005624731712948  0.000000000000000  0.065380308737033  0.019928818619977  0.026132699997314  0.000000000000000  0.147828875030518  0.099995016041594  0.027469986278493  0.000000000000000  0.004316267518750  0.966606097064973  0.033492920704259  0.000000000000000  0.429282718218877  0.570777353563387  1.000000000000000  0.000000000000000  0.011948720920959  0.490389501994276  0.498961359499525 
103.0    G  0.078508898821470  0.000000000000000  0.025190088484155  0.000000000000000  0.000000000000000  0.327144517863753  0.000000000000000  0.015549370653439  0.000000000000000  0.000000000000000  0.000000000000000  0.107320679554719  0.027872766231878  0.000000000000000  0.000000000000000  0.397492625474487  0.000000000000000  0.020905118043533  0.000000000000000  0.000000000000000  1.000000000000000  0.000000000000000  0.000000000000000  1.000000000000000  0.000000000000000  0.000000000000000  0.000000000000000  0.018427446754082  1.000000000000000  1.000000000000000 
