No:  residues  hmm_col_1  hmm_col_2  hmm_col_3  hmm_col_4  hmm_col_5  hmm_col_6  hmm_col_7  hmm_col_8  hmm_col_9  hmm_col_10  hmm_col_11  hmm_col_12  hmm_col_13  hmm_col_14  hmm_col_15  hmm_col_16  hmm_col_17  hmm_col_18  hmm_col_19  hmm_col_20  hmm_col_21   hmm_col_22   hmm_col_23   hmm_col_24   hmm_col_25   hmm_col_26   hmm_col_27   hmm_col_28   hmm_col_29   hmm_col_30   
1.0    R  0.027527167941468  0.028656376350146  0.010322956294205  0.024998754010399  0.000000000000000  0.023051429016919  0.049962864397030  0.000000000000000  0.058274155402302  0.011265069308283  0.009175484150107  0.038526635170744  0.000000000000000  0.021552514403548  0.607939641591549  0.032284824615129  0.000000000000000  0.031445556984306  0.016596237288990  0.008367428306183  0.948684315140454  0.027431931175297  0.024097044146999  1.000000000000000  0.000000000000000  0.000000000000000  0.000000000000000  0.066247048962330  0.490049707670935  1.000000000000000 
2.0    K  0.006782345528133  0.000000000000000  0.000000000000000  0.004524581274198  0.012958117903351  0.015975445790780  0.011727180449331  0.014833470639852  0.701249625321201  0.000000000000000  0.037085524926767  0.011751591807724  0.009840859218339  0.018568486016515  0.071297732241776  0.024450368179266  0.042688758023575  0.016120049676584  0.000000000000000  0.000000000000000  0.985549336939371  0.014338123161115  0.000000000000000  1.000000000000000  0.000000000000000  0.557869661162482  0.441963765531836  0.069108165832517  0.497235084336607  0.479964630519454 
3.0    S  0.067732872927799  0.010373165299863  0.000000000000000  0.021123606766064  0.013611784252223  0.025033433674676  0.000000000000000  0.027431931175297  0.022892201165802  0.000000000000000  0.000000000000000  0.006578616825066  0.077643017611527  0.013830527571555  0.077589218220382  0.529242197437566  0.082812938565325  0.017265070074999  0.000000000000000  0.006829520471956  1.000000000000000  0.000000000000000  0.000000000000000  0.000000000000000  0.000000000000000  0.000000000000000  1.000000000000000  0.058032303269171  1.000000000000000  0.492774668469685 
4.0    T  0.050485048600601  0.000000000000000  0.000000000000000  0.012621262150150  0.005516618767128  0.016131227116926  0.018853811245637  0.020263118041422  0.070805242830987  0.006749517089065  0.012525395771866  0.014498023069864  0.009847682746742  0.012673861805891  0.079000193653300  0.032622247731929  0.593779833036705  0.043646204139606  0.000000000000000  0.000000000000000  0.997231251352069  0.002557588716960  0.000000000000000  1.000000000000000  0.000000000000000  0.000000000000000  1.000000000000000  0.058517015464656  0.500000000000000  0.492774668469685 
5.0    G  0.058233776831548  0.009854511006494  0.015920174947136  0.023227859131735  0.000000000000000  0.513344772859999  0.001439716032511  0.005582008358364  0.112500241224189  0.004587742075053  0.000000000000000  0.006116830439504  0.025844480263852  0.029997789407466  0.025665959398502  0.089188406607367  0.066201145917742  0.000000000000000  0.000000000000000  0.012335841979696  0.951977908497532  0.026332713421973  0.021777769354492  0.572758948989878  0.427204870444866  0.000000000000000  1.000000000000000  0.051904376505681  0.482299092292069  0.492774668469685 
6.0    G  0.042276507220321  0.000000000000000  0.000000000000000  0.031012636708932  0.002743056397926  0.554784736033923  0.006601456128223  0.011422323815625  0.023067412588794  0.006452169257310  0.000000000000000  0.031642337729703  0.059375023929680  0.009685216405773  0.033772668813730  0.084846561242500  0.044071811265137  0.028775803037658  0.021035938582450  0.008332701412748  0.986232704493359  0.013687473672924  0.000000000000000  0.299784978447778  0.700278160443602  0.523768063549899  0.476318999021969  0.053215856734309  0.494142825750366  0.463615273217731 
7.0    K  0.068440779424598  0.000000000000000  0.020333466491280  0.069878865685366  0.000000000000000  0.003431369016556  0.021914050791288  0.006249688502600  0.593779833036705  0.012931200251222  0.000000000000000  0.023748825881274  0.027641888604111  0.029769937438873  0.037034149091924  0.036071419297401  0.029625842660270  0.019303416205108  0.000000000000000  0.000000000000000  0.986232704493359  0.009604991150426  0.003849802097419  0.111336612575835  0.888842681166570  0.327598350964591  0.672683604260913  0.050660319992832  0.495858365369147  0.483638164806966 
8.0    A  0.524494663787473  0.007228940844046  0.008596707885673  0.003941607944706  0.000000000000000  0.043194756454018  0.013175486097658  0.008127345832203  0.028125060306047  0.026150820083856  0.011533706294397  0.015484836926001  0.072896835611779  0.032758202359904  0.015113692650218  0.056016668723088  0.065652784000672  0.067592172717726  0.000000000000000  0.000000000000000  0.988970916380931  0.010926688146394  0.000000000000000  0.145390005193481  0.854409740889733  0.566441942647899  0.433769343576034  0.050555084272609  0.494485458190466  0.487677730763821 
9.0    P  0.053660339777360  0.000000000000000  0.007715631730042  0.000000000000000  0.007593601468604  0.010934264574962  0.011280696840020  0.014062530153024  0.055168937268166  0.011102281587354  0.005656008485858  0.028875705388963  0.591725510876286  0.056055509978876  0.022374511581268  0.091505355996602  0.019915009801863  0.012242143546083  0.000000000000000  0.000000000000000  0.983502074026248  0.008826150113829  0.007731692628244  0.112969090843886  0.886996305152150  0.000000000000000  1.000000000000000  0.050485048600601  0.494485458190466  0.496202187342909 
10.0    R  0.012098734810207  0.011719054603795  0.005995101937503  0.019491649561157  0.000000000000000  0.020674553748564  0.016435965300061  0.005020337255740  0.104024841838941  0.019709022012988  0.000000000000000  0.007174032517976  0.032262454233851  0.029096713119695  0.622005826649234  0.031315050158739  0.041810236087066  0.015345931175990  0.000000000000000  0.005982648426150  0.997922718999051  0.002337205006310  0.000000000000000  0.500000000000000  0.500000000000000  0.000000000000000  1.000000000000000  0.050275523183870  0.500000000000000  0.491751037013124 
11.0    K  0.009131072254385  0.000000000000000  0.000000000000000  0.018427446754082  0.003890038098025  0.034602018265134  0.012586317047637  0.010026764824710  0.603321959860381  0.002964490728465  0.007583081795075  0.015549370653439  0.026607928367155  0.008275143239718  0.130398574191232  0.057511728164055  0.016711673248207  0.025050791543731  0.009671799147168  0.007678285926135  0.922742492653798  0.070170088879601  0.007329853097661  0.242658617442387  0.757333157938488  0.000000000000000  1.000000000000000  0.049377581991461  0.454389058224260  0.491751037013124 
12.0    Q  0.041206050452886  0.000000000000000  0.005097480264410  0.019956464987428  0.008437316873694  0.011010318399547  0.019064070473003  0.021552514403548  0.100272645794061  0.019600034445641  0.018211581220852  0.016086563803656  0.052994997789572  0.385820043764734  0.080604265665993  0.087292408279212  0.069156084568267  0.015145153389610  0.019077289260455  0.009374776424791  0.995159721820083  0.000000000000000  0.004775938584735  0.000000000000000  0.000000000000000  0.000000000000000  1.000000000000000  0.049480366616954  1.000000000000000  0.481630947010074 
13.0    L  0.038983299122314  0.000000000000000  0.000000000000000  0.002141741383961  0.006036801169125  0.010783729323411  0.008286622979439  0.094995303525095  0.038848427153248  0.462331639056850  0.042042725266307  0.002373118734189  0.077750728331154  0.028301061969307  0.025524030972188  0.068156733291579  0.012551468699329  0.037603219562484  0.031995215638389  0.011398596439376  0.967276329613932  0.018048215383650  0.014751444049223  0.316219885588484  0.683493725970905  0.339151081861918  0.660669202829133  0.049617745683228  0.492433221447775  0.478967609111348 
14.0    A  0.505225723243382  0.003662387095536  0.004307301418238  0.008777342992435  0.000000000000000  0.057551606075315  0.000000000000000  0.029400815859806  0.033516144275561  0.016064278541501  0.020992241026895  0.005204589160516  0.068393356328796  0.023683071351725  0.033679160782615  0.078074757853336  0.034172983046395  0.046778843337272  0.015282241772615  0.015092755139451  0.934975197751455  0.056484545421943  0.008292368819920  0.215685336135664  0.784040454075739  0.697371833175203  0.302498522304823  0.047431851655439  0.443498152576075  0.467811748915700 
15.0    T  0.121161227116883  0.012508043916505  0.000000000000000  0.006049367405103  0.005083366622820  0.031012636708932  0.012682649702770  0.015314053364717  0.076574083244042  0.012370091654239  0.020905118043533  0.015420571029466  0.066615421004246  0.018697640050480  0.024929538744032  0.190254172604920  0.350867931509769  0.016584737639841  0.000000000000000  0.002919627438740  0.956608158091874  0.024147204676500  0.019559319666469  0.234230361718106  0.765778998547191  0.491069797631696  0.509092599882310  0.047629525948118  0.486664687079119  0.481630947010074 
16.0    K  0.037008487870426  0.000000000000000  0.000000000000000  0.017457611532378  0.008303872455926  0.008269409334962  0.005350910077990  0.019077289260455  0.561749951515823  0.019942637012952  0.020291228167654  0.018723578458428  0.064748922722501  0.014700407929903  0.098755163982922  0.018775563273857  0.056445406884489  0.020137103601328  0.010194960528820  0.000000000000000  0.967276329613932  0.026024242840017  0.006997231797585  0.196282029668393  0.803850990743151  0.194791144915125  0.804966137621122  0.049549008538143  0.479299719246488  0.478635729097649 
17.0    A  0.443190849597434  0.008490116113485  0.012815201737449  0.020151066416498  0.000000000000000  0.039940605100095  0.000000000000000  0.007796271242180  0.080214118597682  0.024046987815013  0.007139308204917  0.008195229121679  0.031686233743438  0.010881339692727  0.033123524481165  0.111955708761356  0.082985322398902  0.073302184326992  0.000000000000000  0.004224510794858  0.893165852352760  0.056328153913177  0.050800975124020  0.261884031774949  0.738157202841417  0.064793818813733  0.934975197751455  0.048934643516034  0.462011286223412  0.472373520498603 
18.0    A  0.416965521912482  0.005904374719985  0.013461658745500  0.021182255106250  0.011541703621739  0.047960815500028  0.011249463425896  0.027337023903307  0.054522669110672  0.042570563582515  0.000000000000000  0.008531410513638  0.075415244982548  0.002211130668185  0.078345813777543  0.082183922512817  0.059954007457829  0.040526236082844  0.000000000000000  0.000000000000000  0.964598184584138  0.012490716099257  0.023163547028169  0.086449414313185  0.913831450229400  0.101110168545217  0.898755126611030  0.052156830072213  0.480963727332387  0.437695664847132 
19.0    R  0.035255691795516  0.015474107373954  0.011312016971715  0.023373214974412  0.000000000000000  0.091062444618626  0.033377044001495  0.000000000000000  0.095391200560035  0.020560226953578  0.000000000000000  0.009902441578394  0.042629619839980  0.048529304687565  0.466193243218416  0.057591511637419  0.021777769354492  0.021270533070304  0.000000000000000  0.006176477473468  0.929804942613162  0.017133931071686  0.053289680735497  0.151039730423743  0.849096246446840  0.000000000000000  1.000000000000000  0.053734780390188  0.489710148793463  0.417543959714185 
20.0    K  0.045847917005229  0.000000000000000  0.016390458243359  0.008795613954193  0.014318260073052  0.038022573707315  0.003914381269842  0.015876095984277  0.534032704023926  0.006810611246383  0.020503300852999  0.032084048303750  0.044656066866909  0.029116888415774  0.068298608693810  0.052229184932616  0.055514174740150  0.011063870611051  0.000000000000000  0.002575378153305  0.944747040997206  0.034818551588104  0.020193012978711  0.359733395002705  0.640379930664885  0.311002913324617  0.689202576487815  0.051832471613403  0.477972658796871  0.381036207584942 
21.0    S  0.111723145294598  0.003599469477339  0.000000000000000  0.006782345528133  0.005924873224119  0.052048485680034  0.017542522219900  0.006881791985367  0.043344717785356  0.013157233650131  0.020760715845258  0.048630323534714  0.038207508677877  0.027337023903307  0.091125586176036  0.438910898804760  0.043075161030488  0.026941985781800  0.000000000000000  0.004086269296065  0.985549336939371  0.009800017222820  0.004655010056930  0.333324669272800  0.666649338545599  0.000000000000000  1.000000000000000  0.054409410206008  0.496890546661277  0.402483068810561 
22.0    A  0.439824537961218  0.000000000000000  0.018440224114628  0.036524289017539  0.007483868892365  0.050836199883258  0.002463627751624  0.015441963304699  0.019873640730368  0.017603425445270  0.013955716443012  0.003947075962839  0.115342811581725  0.010517969291225  0.059995578814932  0.083215725827273  0.033261568201667  0.071347169195423  0.000000000000000  0.000000000000000  0.875998315067126  0.100900134313096  0.023115429832013  0.566834706389211  0.432868282759829  0.017469716421342  0.982820598545251  0.054071043161562  0.438606774366411  0.399425958224574 
23.0    P  0.013276328111541  0.000000000000000  0.005628631831398  0.024382671255428  0.005215423059750  0.079329430376238  0.003757529119784  0.009631658792686  0.081786129465938  0.035353576963934  0.000000000000000  0.027680234971949  0.511923450214221  0.025916235806701  0.026405824512891  0.073760896458513  0.047431851655439  0.024063661694877  0.000000000000000  0.004584563196412  0.965936328924846  0.005013382412355  0.028795755818709  0.096722812096399  0.903126510151822  0.065516404719808  0.934327346883180  0.057432055217441  0.493116352246680  0.389312345530831 
24.0    A  0.251564455874445  0.014998894703733  0.025934205799687  0.020446532366485  0.004334255750265  0.037447156916857  0.006515086279883  0.023503183615448  0.044718016250716  0.040051497630006  0.008195229121679  0.025719385789960  0.047038960856596  0.023211764385325  0.038767728053606  0.242995246995338  0.098618355106558  0.039830019603727  0.000000000000000  0.006241030597259  0.874178620410373  0.074790560201920  0.051012690384431  0.326012683814640  0.674083865868528  0.160094982666221  0.839731492944140  0.055514174740150  0.440740078953585  0.371903440608626 
25.0    T  0.070316155293051  0.007309558576808  0.009245711107442  0.018581361171918  0.014219356626264  0.028795755818709  0.011071542160220  0.021418481327808  0.044439919080852  0.025330159996416  0.008753040735892  0.013782677581206  0.068062313458507  0.036347501298370  0.038606832410217  0.115984184558910  0.409234590795402  0.031950891581560  0.000000000000000  0.026626377971090  0.969289816935065  0.008149910886952  0.022359008125358  0.259175275254930  0.740719899010160  0.303548721098762  0.696405740334518  0.056172195413189  0.497924876547229  0.353308410970682 
26.0    G  0.055360469943898  0.010627897284422  0.049411819787746  0.031034140482407  0.000000000000000  0.512278411516401  0.007525483547032  0.015799251263302  0.043434944370073  0.013433695097547  0.003667467762951  0.008240799352094  0.035427169149326  0.038234001285371  0.049309177553279  0.072947381363654  0.023195680791079  0.029997789407466  0.000000000000000  0.000000000000000  0.948684315140454  0.016874633747389  0.034386831542692  0.130488990927715  0.869344560090022  0.343647173893007  0.656560562712076  0.058153103606438  0.486327473706143  0.378666578969244 
27.0    G  0.060917476930722  0.000000000000000  0.005933092538338  0.015788303851356  0.000000000000000  0.501735874254751  0.013677989526473  0.011086901220315  0.054598305994793  0.011735311929226  0.002656974321105  0.026793001144818  0.070903467808497  0.032128557083002  0.037864770638445  0.084027187134539  0.046778843337272  0.007355300504228  0.002279605667614  0.013782677581206  0.965936328924846  0.033169475279681  0.000758796160922  0.105550110927973  0.894404901782606  0.125695072549809  0.874178620410373  0.058598193528569  0.472046209575125  0.392836258333790 
28.0    V  0.046455718263469  0.000000000000000  0.019873640730368  0.016367751985934  0.028320685570854  0.013888166893228  0.002434767957569  0.078237278665875  0.068773663085384  0.041723384477997  0.014649548382142  0.007672965587995  0.090183042928852  0.066017851584491  0.015187202937209  0.046778843337272  0.060538636826664  0.382889499273596  0.000000000000000  0.000000000000000  0.919550046151658  0.062803988776487  0.017409275794052  0.216584214100022  0.783497186949341  0.323312232971872  0.676893139526230  0.059087632296921  0.452816991508911  0.404440674180870 
29.0    K  0.043374772469237  0.000000000000000  0.003426615424738  0.025068161448515  0.000000000000000  0.017579038823263  0.020193012978711  0.023421868777430  0.480963727332387  0.005165057051338  0.011710934388715  0.017640068825096  0.049997508020797  0.048562954299003  0.176776695296637  0.043706752585577  0.016493026838093  0.015920174947136  0.000000000000000  0.000000000000000  0.962594443101751  0.017861536490844  0.019290040732712  0.448133349784702  0.551716870020980  0.267386771971311  0.732550437305669  0.061044283060139  0.470087101254563  0.420448207626857 
30.0    K  0.034746223672410  0.000000000000000  0.013433695097547  0.019077289260455  0.000000000000000  0.010159688644910  0.023115429832013  0.000000000000000  0.565265283562296  0.030564483545229  0.007159130036526  0.022561393680039  0.021359178936591  0.056328153913177  0.126044056861824  0.021079727099058  0.030101934188130  0.014328188175073  0.000000000000000  0.004749528449934  0.974679630891549  0.018958649378886  0.006492545793700  0.104385989928546  0.895645670090849  0.456915725114700  0.542990928161147  0.060917476930722  0.475988954248766  0.424548123223420 
31.0    P  0.029997789407466  0.000000000000000  0.000000000000000  0.018363692631559  0.000000000000000  0.009220112057314  0.016886334406865  0.006533174999329  0.178624267467637  0.016804599850897  0.007070362991273  0.018048215383650  0.476979775273779  0.029625842660270  0.081108672933699  0.053326631132004  0.046359216682535  0.007742418463001  0.000000000000000  0.003250776307467  0.895025070927972  0.046746429948825  0.057992092279455  0.283810525536516  0.715984370600572  0.360982298880624  0.639049681601526  0.058193426239389  0.468785548228555  0.449377563305515 
32.0    H  0.005204589160516  0.000000000000000  0.000000000000000  0.028419007868773  0.022204563174709  0.006104124063846  0.458819941155683  0.016176014435022  0.082812938565325  0.010438078737423  0.000000000000000  0.021762679385454  0.006036801169125  0.021838233935173  0.195331970043079  0.026626377971090  0.029076551803219  0.006223750752231  0.000000000000000  0.063022028430912  0.979420297586927  0.012985091587401  0.007294374569651  0.373971439590597  0.626332219312064  0.649769531227720  0.350381862270187  0.060162152693859  0.491069797631696  0.422786143688758 
33.0    R  0.025033433674676  0.019223302261737  0.000000000000000  0.025347723611783  0.006185045827119  0.008361630456458  0.027337023903307  0.000000000000000  0.068726009332159  0.005578140545645  0.000000000000000  0.019572881853502  0.025665959398502  0.007411596212035  0.700763724540373  0.028975954576108  0.018350968300213  0.011265069308283  0.000000000000000  0.002340447307304  0.984866442895551  0.011086901220315  0.003747125466114  0.077267203807559  0.922742492653798  0.095523532547823  0.904379377561088  0.055475708579344  0.473028823362798  0.466516495768404 
34.0    Y  0.027892092858531  0.012182888165802  0.000000000000000  0.002921651871802  0.217788548035564  0.008561029425373  0.029605314706227  0.016665402825496  0.015898120189104  0.012560171730362  0.007031265076512  0.029116888415774  0.008807815719886  0.002989251503560  0.054033576956742  0.021196942616370  0.009093176050017  0.016209686508838  0.076256281892014  0.431071772508798  0.993781093322555  0.000000000000000  0.006483551449922  0.000000000000000  0.000000000000000  0.296067902963408  0.703684187662699  0.055745532463756  1.000000000000000  0.465870214652387 
35.0    R  0.013545899429917  0.009329399899020  0.016311123865964  0.004066490615954  0.006310631075075  0.003186083958356  0.020179021098474  0.011125392153102  0.173739777480292  0.005376935943714  0.005020337255740  0.008549169541100  0.029811235954611  0.000000000000000  0.659296807246183  0.013387218043259  0.012464769372016  0.008121714337307  0.000000000000000  0.000000000000000  0.974679630891549  0.001587530472626  0.023814762974059  0.219151430329009  0.780786492607391  0.000000000000000  1.000000000000000  0.055745532463756  0.497235084336607  0.470739232270603 
36.0    P  0.053697547184199  0.000000000000000  0.000000000000000  0.000000000000000  0.000000000000000  0.004024429506328  0.003652246866217  0.006319385534076  0.020489093972119  0.008590751166520  0.000000000000000  0.010152648925433  0.747942879181195  0.011638105180646  0.055629733328281  0.043828101582575  0.014629253866164  0.006910472151028  0.012395841299862  0.000000000000000  0.980099415341871  0.017205337470281  0.002525876820093  0.650670927720967  0.349411742962767  0.117358968414432  0.882702996290655  0.055245470691479  0.475000191437443  0.453130969133667 
37.0    G  0.025120343460723  0.000000000000000  0.008590751166520  0.012735505193791  0.004719991575742  0.726986258660155  0.019915009801863  0.000000000000000  0.031120304784202  0.023179608341268  0.006968191557969  0.006412043818832  0.000000000000000  0.003721242179859  0.069300040225192  0.041435180009333  0.005072807041914  0.011179504062679  0.003644660123191  0.000000000000000  0.957271458195298  0.027930786323650  0.014978116226453  0.323536413620713  0.676424115525137  0.161992620679167  0.837987134667949  0.052884912287518  0.473028823362798  0.454704125900367 
38.0    T  0.041694474052430  0.017998244411709  0.023683071351725  0.024433426347769  0.023051429016919  0.004829200237972  0.016064278541501  0.043404847992660  0.031708204580653  0.038207508677877  0.018478609378815  0.016447361792335  0.015690117863109  0.050625217102003  0.007089993400915  0.053734780390188  0.556325060292417  0.009957504900932  0.006688970973019  0.000000000000000  0.993092495437036  0.002622211919493  0.004046807670156  0.088082547196376  0.911933165519769  0.235369616135302  0.764718138941384  0.050906722691888  0.492774668469685  0.439519780455894 
39.0    V  0.023083407243478  0.017506081471784  0.000000000000000  0.013148116910709  0.004230371271586  0.016198454703433  0.005640348420010  0.011288518733778  0.130942015887475  0.109651693591603  0.023438109207591  0.033031813767543  0.013687473672924  0.022655419263732  0.084553014440642  0.000000000000000  0.020277168233425  0.458502021602336  0.008071206153782  0.003971776067547  0.995159721820083  0.003421868418231  0.001309289640215  0.683967651951245  0.316219885588484  0.335178147895084  0.664803554090857  0.046811279200756  0.490389501994276  0.450625231305415 
40.0    A  0.677832163400000  0.003062658023733  0.000000000000000  0.004253894591157  0.011509747545441  0.004964967536350  0.009525430422471  0.009258537272981  0.000000000000000  0.023847800140009  0.010583788886604  0.018814646581741  0.000000000000000  0.000000000000000  0.007742418463001  0.064346255214625  0.042955896736626  0.093947592379098  0.017409275794052  0.000000000000000  0.976031760776225  0.011932167952818  0.011973593439123  0.260977981855430  0.739181215636921  0.062803988776487  0.936921446872426  0.044071811265137  0.483973513446869  0.465547409915115 
41.0    L  0.013405789537948  0.001927571378683  0.013084476367319  0.022143084320441  0.023715925827720  0.000000000000000  0.013907433332070  0.049928244778072  0.003944341006237  0.754190038343289  0.012779719664965  0.021403640311962  0.009220112057314  0.013946046429265  0.011414409207388  0.008626553493462  0.000000000000000  0.021807980689409  0.004437614315573  0.000000000000000  1.000000000000000  0.000000000000000  0.000000000000000  0.027776333786455  0.971980987981352  0.315125847895746  0.684916489982783  0.042188687035086  0.496202187342909  0.455334916795989 
42.0    R  0.013801797679398  0.039390730986968  0.012107123921237  0.008246513419047  0.001365836018299  0.010187896369208  0.046520164223954  0.007304493732433  0.159209684415812  0.017241152188156  0.015409886007709  0.003841804976665  0.024433426347769  0.072695002596741  0.522317881432116  0.019532223477894  0.002229599037357  0.002765967652763  0.008753040735892  0.012595044242078  0.978741650397436  0.006420938963241  0.014761672515581  0.333324669272800  0.666649338545599  0.527411158534031  0.472373520498603  0.041206050452886  0.495514781632040  0.469761374607006 
43.0    E  0.005086891365504  0.000000000000000  0.031906628928350  0.861546159712017  0.000000000000000  0.004559211335228  0.000000000000000  0.000000000000000  0.033889919026346  0.000000000000000  0.003933420117409  0.000000000000000  0.009999003233159  0.014082038478294  0.009036626436760  0.018198962288570  0.000000000000000  0.007910584432426  0.000000000000000  0.000000000000000  0.996540262827868  0.001887902533330  0.001382983826381  1.000000000000000  0.000000000000000  0.116306207212877  0.883927531063671  0.041897268486885  0.499653546495226  0.470413053756894 
44.0    I  0.000000000000000  0.007855942034363  0.000000000000000  0.000000000000000  0.006465600125611  0.004559211335228  0.000000000000000  0.849684999138650  0.005489916797682  0.020545980628204  0.008466609115975  0.000000000000000  0.013120804577252  0.009992074853730  0.000000000000000  0.009024107691825  0.010532560404196  0.054334035005626  0.000000000000000  0.000000000000000  0.998614666101029  0.001705014826433  0.000000000000000  0.333324669272800  0.666649338545599  0.000000000000000  1.000000000000000  0.042013593567270  0.500000000000000  0.472373520498603 
45.0    R  0.011557714916007  0.033539383949795  0.000000000000000  0.007447644885064  0.000000000000000  0.006744840301363  0.057671405790862  0.004100455795403  0.062025273417864  0.024569290379385  0.007780076196050  0.011907381487029  0.016653855251062  0.020890632740705  0.686818116714811  0.023897441841918  0.009258537272981  0.003662387095536  0.004080608448688  0.007345110957103  0.997922718999051  0.000000000000000  0.001786064627929  0.000000000000000  0.000000000000000  0.000000000000000  1.000000000000000  0.042013593567270  1.000000000000000  0.472373520498603 
46.0    R  0.025559439329931  0.017157700215423  0.000000000000000  0.010783729323411  0.052410511527558  0.000000000000000  0.075310769687174  0.002106407093153  0.275094652341534  0.032554482156507  0.005027301747271  0.030018589498546  0.025172634095273  0.059087632296921  0.303969820795774  0.033284631356044  0.013527133836245  0.005727018582770  0.001590835084122  0.031511014215456  0.982820598545251  0.000000000000000  0.016886334406865  0.000000000000000  0.000000000000000  0.063022028430912  0.936921446872426  0.042013593567270  1.000000000000000  0.469435873657726 
47.0    Y  0.007993261482300  0.007758535120602  0.005794902085317  0.010525262319263  0.105476974516252  0.000000000000000  0.022189177477241  0.009112104451472  0.003879267560301  0.166893537911988  0.006877023543462  0.002550507396658  0.000000000000000  0.025190088484155  0.000000000000000  0.003417127987913  0.000000000000000  0.000000000000000  0.000000000000000  0.622437117691085  0.977385766410805  0.008280881120291  0.014062530153024  0.412366774305041  0.587638164209885  0.000000000000000  1.000000000000000  0.042955896736626  0.493458272942921  0.455019412040450 
48.0    Q  0.008195229121679  0.000000000000000  0.000000000000000  0.024705909893873  0.000000000000000  0.000000000000000  0.005986796719562  0.000000000000000  0.023633874957562  0.000000000000000  0.008862933476062  0.015229369232680  0.017530366883289  0.843815796130018  0.026979361205450  0.006768256690626  0.005512796263315  0.012806321994336  0.000000000000000  0.000000000000000  1.000000000000000  0.000000000000000  0.000000000000000  0.000000000000000  0.000000000000000  0.279903222163560  0.719965659257343  0.043585739573450  1.000000000000000  0.435275281648062 
49.0    K  0.033446521825832  0.000000000000000  0.004268663043363  0.020617311105826  0.000000000000000  0.006939271842519  0.022671128247409  0.000000000000000  0.576742802530011  0.006758880395195  0.008127345832203  0.023131457781251  0.006948898387015  0.036448417805890  0.152830034711509  0.079660039207454  0.021477948368313  0.000000000000000  0.000000000000000  0.000000000000000  0.985549336939371  0.007845058931554  0.006721504926652  0.473356815618357  0.526680517977418  0.000000000000000  1.000000000000000  0.042955896736626  0.493116352246680  0.453130969133667 
50.0    S  0.025826572442319  0.002642281701270  0.006624374723696  0.008161216897377  0.020347565462016  0.041349107497129  0.028027754989438  0.004852688600720  0.010294374622923  0.007437327410137  0.004080608448688  0.035427169149326  0.015744590006414  0.009875024206663  0.024163948045479  0.640379930664885  0.114704985288921  0.000000000000000  0.000000000000000  0.000000000000000  0.995849753094458  0.004166350706374  0.000000000000000  0.125000000000000  0.874784764905822  0.277777182163773  0.722465198961763  0.042896388476716  0.496546247718518  0.443498152576075 
51.0    T  0.017898717155934  0.002473895026803  0.018893057434896  0.041463910643661  0.004629268636491  0.019942637012952  0.009112104451472  0.015197733553317  0.000000000000000  0.001188205428354  0.006881791985367  0.008710673583810  0.047530586038782  0.011102281587354  0.007324774191071  0.056211144509235  0.664342907048256  0.053623158151793  0.010642640895629  0.002993398359781  0.980779003988551  0.000000000000000  0.019011286853657  0.000000000000000  0.000000000000000  0.000000000000000  1.000000000000000  0.042600081477578  1.000000000000000  0.459138081150462 
52.0    E  0.017542522219900  0.015452670568452  0.165052855126875  0.365008002663630  0.003963525572582  0.061341191490842  0.047994070928191  0.000000000000000  0.068251284109103  0.003687861012306  0.005835208816845  0.099029351365621  0.005888026990462  0.047366142703450  0.032986053676186  0.030122806491895  0.013946046429265  0.011710934388715  0.000000000000000  0.004832548744872  0.989656656415207  0.000000000000000  0.010409178321031  0.000000000000000  0.000000000000000  0.128781744202509  0.871154192142256  0.043949787497285  1.000000000000000  0.441045682598588 
53.0    L  0.022359008125358  0.008127345832203  0.006420938963241  0.005197379066721  0.085200162955157  0.000000000000000  0.007021524426649  0.019559319666469  0.006515086279883  0.717972255311718  0.024113752735296  0.011573748422034  0.019586453444386  0.000000000000000  0.015335297872711  0.015843116871719  0.026534257701464  0.008710673583810  0.000000000000000  0.000000000000000  0.999307092990453  0.000000000000000  0.000916231637208  0.142892291926755  0.857376036634172  0.376050937847172  0.624165274450806  0.043919334381460  0.485317234884773  0.437999157533563 
54.0    L  0.007411596212035  0.006193626067268  0.000000000000000  0.008309630256978  0.034363004666080  0.000000000000000  0.011557714916007  0.109196611989587  0.000000000000000  0.747424624317469  0.024332021595677  0.000000000000000  0.006020086784050  0.000000000000000  0.001845209064448  0.015538596385519  0.000000000000000  0.027872766231878  0.000000000000000  0.000000000000000  1.000000000000000  0.000000000000000  0.000000000000000  0.000000000000000  0.000000000000000  0.326464946772229  0.673616788432845  0.042659178683911  1.000000000000000  0.460093825312437 
55.0    I  0.000000000000000  0.010510681316577  0.000000000000000  0.002324280656849  0.063548417080747  0.000000000000000  0.010709240663904  0.676424115525137  0.000000000000000  0.139177702278586  0.013926726498390  0.013630667277668  0.005182988830458  0.003105411136519  0.017193415771346  0.000000000000000  0.010068551800664  0.028359973603661  0.000000000000000  0.005711161907813  0.982820598545251  0.017193415771346  0.000000000000000  0.152724137709188  0.847332434946118  0.000000000000000  1.000000000000000  0.041035035169505  0.480297431976738  0.473685035299634 
56.0    R  0.037343475151774  0.017554685984869  0.005786874211017  0.004648561313698  0.006429846447490  0.001981762786291  0.031818287492644  0.000000000000000  0.020347565462016  0.079164640857701  0.000000000000000  0.004163463812765  0.314253343630457  0.036397924577139  0.392564059336786  0.035231262879544  0.012413037501502  0.000000000000000  0.000000000000000  0.000000000000000  0.997922718999051  0.000000000000000  0.001998315370575  0.000000000000000  0.000000000000000  0.161992620679167  0.837987134667949  0.041926319527571  1.000000000000000  0.456915725114700 
57.0    K  0.035036439938391  0.005679580145782  0.005982648426150  0.010445316370353  0.021612353578296  0.000000000000000  0.014338123161115  0.006601456128223  0.652025367629280  0.003723822442532  0.000000000000000  0.003749723675933  0.006271385849343  0.045122787360078  0.150621539374348  0.009971318506476  0.006394290481178  0.022266212721075  0.000000000000000  0.000000000000000  1.000000000000000  0.000000000000000  0.000000000000000  0.000000000000000  0.000000000000000  0.000000000000000  1.000000000000000  0.041377778449856  1.000000000000000  0.461691155364697 
58.0    L  0.214939121560752  0.000000000000000  0.002077407564245  0.024860515117341  0.012464769372016  0.017542522219900  0.000000000000000  0.052156830072213  0.014854048456716  0.518350550509860  0.018148573936339  0.006881791985367  0.005982648426150  0.011195012893540  0.028144561870248  0.038875364165577  0.027431931175297  0.004268663043363  0.000000000000000  0.001810997161007  0.995849753094458  0.003963525572582  0.000000000000000  0.500000000000000  0.500000000000000  0.000000000000000  1.000000000000000  0.041320456410705  0.497924876547229  0.461691155364697 
59.0    P  0.033749267494778  0.017181502333040  0.000000000000000  0.000000000000000  0.000000000000000  0.005758864130043  0.004391714546010  0.045911519789947  0.000000000000000  0.026681803574726  0.000000000000000  0.002865494812827  0.698823485925533  0.009565128065627  0.041177498491692  0.076999879590360  0.019156794688331  0.013057296233154  0.000000000000000  0.004795842515293  0.988970916380931  0.010851211998165  0.000000000000000  1.000000000000000  0.000000000000000  0.000000000000000  1.000000000000000  0.041377778449856  0.493458272942921  0.461691155364697 
60.0    F  0.011784219349114  0.000000000000000  0.000000000000000  0.000000000000000  0.918276162300924  0.000000000000000  0.000000000000000  0.004391714546010  0.000000000000000  0.039010329653175  0.006716847548773  0.000000000000000  0.000000000000000  0.000000000000000  0.000000000000000  0.006403160997168  0.003491348290456  0.005336094752947  0.000000000000000  0.004795842515293  1.000000000000000  0.000000000000000  0.000000000000000  0.000000000000000  0.000000000000000  0.609627547038152  0.390393246303696  0.041377778449856  1.000000000000000  0.461691155364697 
61.0    Q  0.147317425976460  0.023308500417054  0.008235089244459  0.023067412588794  0.014487977288054  0.026060345119530  0.020039634418160  0.042570563582515  0.013350152201402  0.002297053223225  0.015292838287460  0.006172197748933  0.025952188252840  0.389582289830250  0.037008487870426  0.126044056861824  0.034602018265134  0.038207508677877  0.006488047063210  0.000000000000000  1.000000000000000  0.000000000000000  0.000000000000000  0.000000000000000  0.000000000000000  0.000000000000000  1.000000000000000  0.040414029121484  1.000000000000000  0.486327473706143 
62.0    R  0.031098741306878  0.017253106986923  0.010657404959995  0.003596975379707  0.000000000000000  0.026405824512891  0.055822865772048  0.000000000000000  0.030416542942445  0.005467132287481  0.004992575637512  0.000000000000000  0.000000000000000  0.018697640050480  0.716480825186550  0.038048938083218  0.018710604759671  0.007790869151188  0.002118119939147  0.012551468699329  0.985549336939371  0.000000000000000  0.014538275901610  0.000000000000000  0.000000000000000  0.000000000000000  1.000000000000000  0.040107059298841  1.000000000000000  0.486327473706143 
63.0    L  0.003041502699460  0.012525395771866  0.000000000000000  0.008026573745148  0.032195436050627  0.008280881120291  0.003609463173620  0.024484287092167  0.000000000000000  0.764188260382583  0.010620533139896  0.000000000000000  0.000000000000000  0.022624033943431  0.000000000000000  0.017301009132567  0.001970803972353  0.084964265119171  0.000000000000000  0.006202218210404  0.982820598545251  0.009479324689443  0.007758535120602  0.593368398828266  0.406407800992160  0.519069635271529  0.480630464194381  0.040107059298841  0.478635729097649  0.467163673441590 
64.0    V  0.063592480756418  0.016153605253874  0.000000000000000  0.000000000000000  0.000000000000000  0.018710604759671  0.000000000000000  0.072795849154279  0.000000000000000  0.027223568504446  0.008144263756571  0.000000000000000  0.017110194856150  0.010957025395644  0.010005936416639  0.026442456143759  0.004578212045604  0.721464343430814  0.002767885540055  0.000000000000000  0.985549336939371  0.009011606289531  0.005520443921417  0.201520707873242  0.798298386356650  0.000000000000000  1.000000000000000  0.040023745666555  0.491410299272626  0.474342157570227 
65.0    R  0.039145763707004  0.032644867589507  0.007360400577381  0.000000000000000  0.000000000000000  0.008555097428075  0.022718320583130  0.000000000000000  0.119991157629863  0.012976094126420  0.000000000000000  0.000000000000000  0.003812624065532  0.067779838052691  0.636838737663250  0.016379101179952  0.001669926128695  0.010351617320666  0.014179986801831  0.005593627895317  0.977385766410805  0.017506081471784  0.004951220789197  0.314253343630457  0.685866644295299  0.179368691825838  0.820741608810498  0.039885274025905  0.489031736723670  0.469761374607006 
66.0    E  0.016187230680625  0.003098960324965  0.028855697210294  0.767373048000443  0.000000000000000  0.012709049970814  0.005358333158557  0.000000000000000  0.047894373756493  0.000000000000000  0.002658816633788  0.002351830822718  0.007954571873161  0.016734856612366  0.026663315566002  0.047662551664259  0.008974205898414  0.003056296022408  0.000000000000000  0.002305028014329  0.965267024871757  0.000000000000000  0.034602018265134  0.000000000000000  0.000000000000000  0.245194750997138  0.754712984260280  0.039609766313576  1.000000000000000  0.469110598250336 
67.0    I  0.007254037908646  0.007704943003854  0.005605271619557  0.000000000000000  0.017098339082199  0.000000000000000  0.000000000000000  0.716977624007914  0.000000000000000  0.070462525759089  0.007619964543185  0.000000000000000  0.000000000000000  0.000000000000000  0.000000000000000  0.026793001144818  0.022158438057492  0.118175264593843  0.000000000000000  0.000000000000000  0.995159721820083  0.004700402445311  0.000000000000000  0.242322454233766  0.757858283255199  0.308426792452374  0.691595314505482  0.043919334381460  0.497924876547229  0.445346450303340 
68.0    A  0.368567304322775  0.067265007798987  0.033702513490452  0.009598335784732  0.004206978032004  0.014004167180772  0.002489376225233  0.039390730986968  0.000000000000000  0.054258764225065  0.038606832410217  0.018098325096791  0.027167017502813  0.011086901220315  0.009936820365184  0.075362989230673  0.141218401821265  0.070903467808497  0.007872295003207  0.006254021958252  0.969961910341735  0.003440895992684  0.026867390195094  1.000000000000000  0.000000000000000  0.044563303667629  0.955282936382437  0.041579032533771  0.498615625676035  0.462331639056850 
69.0    Q  0.031995215638389  0.010287241578588  0.030437633391976  0.083678453561153  0.006963363249195  0.020319377289820  0.044563303667629  0.016356410655853  0.029462016747445  0.069300040225192  0.036246864203295  0.042570563582515  0.013545899429917  0.396941965465826  0.047596523115727  0.040274207202657  0.025665959398502  0.039336161672027  0.002096211496862  0.012276133072931  0.944092419150250  0.005995101937503  0.049790006017849  0.262975444800968  0.737134608645551  0.070024325887136  0.929804942613162  0.042570563582515  0.494485458190466  0.434371092575312 
70.0    D  0.040751585476830  0.002356726405705  0.299992845593304  0.170164264562434  0.019901210551977  0.021006796783635  0.007916069532493  0.017050998078983  0.104821023055116  0.013193763865997  0.012107123921237  0.057273040292209  0.005505159199774  0.047994070928191  0.037317599596081  0.073048578035078  0.047431851655439  0.010941846256931  0.005325010184697  0.006036801169125  0.946057646725596  0.013175486097658  0.040808118346529  0.577943353277399  0.422200443711891  0.173258735706302  0.827023368443266  0.044594203303684  0.488015880388112  0.390663940086159 
71.0    F  0.016030908520893  0.043254678626609  0.000000000000000  0.021418481327808  0.376311686852767  0.005190178961314  0.030374405874417  0.091252000665908  0.009916178797030  0.108067153913483  0.036246864203295  0.032061817041786  0.000000000000000  0.012534080724258  0.009827226342469  0.027603595358796  0.005746901350999  0.047333322371155  0.017873921456309  0.108969779942133  0.781327880172317  0.203485796267609  0.015145153389610  0.463615273217731  0.536258308408971  0.123450107680672  0.876605721316035  0.049514675682811  0.309283119671793  0.385285554179204 
72.0    K  0.038128140946007  0.007828762539685  0.020503300852999  0.048327896090957  0.007704943003854  0.085141127165031  0.015134659206666  0.024013674707625  0.328052813647990  0.028144561870248  0.010903990344704  0.059829466137206  0.004762715211236  0.021492840908433  0.078617810739751  0.116709993114414  0.072947381363654  0.009024107691825  0.005222658185176  0.017664540111322  0.818469181590804  0.175677337525840  0.005859527301898  0.480963727332387  0.519069635271529  0.543744195427441  0.456282744271726  0.049240867878084  0.339386244970002  0.382889499273596 
73.0    T  0.071843428002167  0.002090407614115  0.042541066140609  0.082812938565325  0.002071655744860  0.061939347704005  0.055861572647299  0.019668080836013  0.019143520811011  0.025033433674676  0.003677650252114  0.026534257701464  0.062543336716411  0.033866436463899  0.063592480756418  0.094732285406900  0.271683715631515  0.047629525948118  0.006258358418669  0.006506060710004  0.950659101229818  0.038526635170744  0.010987446874321  0.338916081700000  0.661127302571287  0.269994139958221  0.730016005327261  0.041291825176821  0.439824537961218  0.422493192206257 
74.0    D  0.028086097706595  0.000000000000000  0.370616752450709  0.100411749594629  0.000000000000000  0.045657636829552  0.033031813767543  0.022204563174709  0.022718320583130  0.010237448467643  0.011899130778932  0.118011552393781  0.064168096607500  0.026078415036107  0.015420571029466  0.039830019603727  0.046649324478030  0.040779842115280  0.000000000000000  0.004304316858893  0.928516852306729  0.058435949859466  0.012824087637664  0.384485207817567  0.615572206672458  0.321301584367343  0.678772489940003  0.042423280621250  0.393108646070166  0.428688018317086 
75.0    L  0.000000000000000  0.022530138616566  0.004060857168653  0.006596881932998  0.136124626917013  0.003596975379707  0.047530586038782  0.064569649230258  0.000000000000000  0.442270217665770  0.050730598811080  0.020151066416498  0.021108970070869  0.000000000000000  0.010776257201774  0.010117523428550  0.015506318354466  0.054560474445860  0.003092522913560  0.086689435570712  0.967947026893737  0.030290306779221  0.001667612723420  0.518709968282806  0.481630947010074  0.379717922453632  0.620283648857694  0.042217940141739  0.447202450891303  0.436483795566881 
76.0    R  0.002835856015437  0.026923317491001  0.003210469481621  0.004540289482493  0.019750048413325  0.004103299000042  0.030332327180298  0.003183876298448  0.057273040292209  0.011017952816284  0.004289425053856  0.015019702006074  0.005628631831398  0.058112808913323  0.675487042267819  0.029811235954611  0.002252901572383  0.017836792298856  0.018414678247058  0.010159688644910  0.991716730738293  0.008212288352248  0.000000000000000  0.376050937847172  0.624165274450806  0.219607617059590  0.780245480173703  0.041984482053791  0.491069797631696  0.458502021602336 
77.0    F  0.000000000000000  0.007535923317064  0.000000000000000  0.000000000000000  0.492092011016900  0.000000000000000  0.000000000000000  0.118832387653727  0.000000000000000  0.014761672515581  0.016131227116926  0.002251340521092  0.002303430844260  0.000000000000000  0.003266587499664  0.016243428674614  0.007588339808919  0.044132950137024  0.250520401269908  0.024348893114391  1.000000000000000  0.000000000000000  0.000000000000000  0.000000000000000  0.000000000000000  0.321747311825318  0.678302163723836  0.042276507220321  1.000000000000000  0.467811748915700 
78.0    Q  0.022483337187669  0.002750672318188  0.006805892126111  0.017824433060444  0.000000000000000  0.003804704173997  0.016746460352130  0.000000000000000  0.019572881853502  0.004655010056930  0.000000000000000  0.013340901787363  0.000000000000000  0.575943821174679  0.095061172077563  0.042955896736626  0.170636714735646  0.000000000000000  0.003360752463326  0.003966273831521  0.991716730738293  0.000000000000000  0.008602668735140  0.000000000000000  0.000000000000000  0.000000000000000  1.000000000000000  0.041035035169505  1.000000000000000  0.478967609111348 
79.0    S  0.186468003336433  0.016527358806538  0.010798689113505  0.040610595701733  0.003868526843488  0.029914733068603  0.047629525948118  0.006420938963241  0.055322110286222  0.007489058113226  0.008838394240984  0.009685216405773  0.057791454882106  0.016515906883772  0.036096430767300  0.375269774378593  0.036651092163496  0.040246300922182  0.000000000000000  0.013936383115939  0.997922718999051  0.000000000000000  0.002287519885193  0.000000000000000  0.000000000000000  0.100342173589494  0.899378312147752  0.040864729641774  1.000000000000000  0.468136123717246 
80.0    S  0.127184961512836  0.000000000000000  0.058517015464656  0.120240931833097  0.012250632094933  0.054146053525005  0.023552107961850  0.006862738033112  0.014915953345933  0.020011872833278  0.017566858184041  0.021006796783635  0.043555538708983  0.094077921713192  0.027680234971949  0.280485870132621  0.058517015464656  0.010843693117309  0.000000000000000  0.008519591661447  1.000000000000000  0.000000000000000  0.000000000000000  0.000000000000000  0.000000000000000  0.000000000000000  1.000000000000000  0.041752314949691  1.000000000000000  0.468785548228555 
81.0    A  0.736623842908240  0.027204705103004  0.006488047063210  0.003596975379707  0.000000000000000  0.022127741222102  0.006787048321489  0.006133813427137  0.000000000000000  0.000000000000000  0.003944341006237  0.000000000000000  0.008626553493462  0.000000000000000  0.029894004940371  0.057871626407958  0.028815722434770  0.053400608805608  0.000000000000000  0.008686555918102  0.995849753094458  0.003839142963067  0.000000000000000  0.075310769687174  0.924663278113700  0.509092599882310  0.490729531926740  0.041810236087066  0.478967609111348  0.468785548228555 
82.0    V  0.000000000000000  0.000000000000000  0.011866185076676  0.000000000000000  0.024365776331604  0.005742919282770  0.006416489849626  0.287772372831941  0.000000000000000  0.436181352885379  0.037188490509584  0.007002083590386  0.000000000000000  0.000000000000000  0.000000000000000  0.015250496262129  0.019064070473003  0.142793280856068  0.000000000000000  0.006542238183660  0.985549336939371  0.006542238183660  0.008161216897377  1.000000000000000  0.000000000000000  0.184411432135355  0.815637493339010  0.040893064732969  0.497235084336607  0.485653747770817 
83.0    M  0.052519609514580  0.012318752719629  0.080940187428402  0.133600748901376  0.027261334555336  0.083968964107581  0.011414409207388  0.046070913040347  0.015755507107728  0.186856156079367  0.108743419088581  0.028815722434770  0.010926688146394  0.042423280621250  0.005343497280869  0.047629525948118  0.024637505439259  0.055283777208221  0.023357019509921  0.002067352333740  0.999307092990453  0.000371590180869  0.000000000000000  1.000000000000000  0.000000000000000  0.270556161131429  0.729510172120088  0.041091961256408  0.500000000000000  0.480630464194381 
84.0    A  0.662044455197699  0.030479858172739  0.003081823597080  0.000000000000000  0.000000000000000  0.004440691301703  0.018287478773040  0.022718320583130  0.000000000000000  0.040302132832996  0.024723040662045  0.008513688376667  0.030290306779221  0.000000000000000  0.031012636708932  0.053697547184199  0.019777446780786  0.050555084272609  0.000000000000000  0.000000000000000  0.997231251352069  0.002950141768677  0.000000000000000  0.250000000000000  0.750019494642909  0.000000000000000  1.000000000000000  0.040893064732969  0.498270131413934  0.486664687079119 
85.0    L  0.018827692421794  0.013773127467300  0.005742919282770  0.002950141768677  0.014741222670240  0.000000000000000  0.008513688376667  0.103377921055408  0.000000000000000  0.755236292781413  0.028775803037658  0.000000000000000  0.015527829583165  0.000000000000000  0.008578850107711  0.010858736092518  0.000000000000000  0.013066349998657  0.000000000000000  0.000000000000000  0.994470168673214  0.000000000000000  0.005683518295448  0.000000000000000  0.000000000000000  0.000000000000000  1.000000000000000  0.040893064732969  1.000000000000000  0.486664687079119 
86.0    Q  0.000000000000000  0.011557714916007  0.000000000000000  0.014978116226453  0.000000000000000  0.006358931133363  0.050275523183870  0.000000000000000  0.014121136355486  0.006007581372149  0.000000000000000  0.000000000000000  0.002364908367091  0.821880187294851  0.035085044439800  0.011265069308283  0.023930593704600  0.000000000000000  0.002029021686128  0.000000000000000  1.000000000000000  0.000000000000000  0.000000000000000  0.000000000000000  0.000000000000000  0.268687293213875  0.731028724200017  0.040526236082844  1.000000000000000  0.480630464194381 
87.0    E  0.018723578458428  0.009902441578394  0.012630013575087  0.630251695791493  0.019887420863687  0.015909143746322  0.012850782323632  0.000000000000000  0.029708096913432  0.011541703621739  0.002195857273005  0.000000000000000  0.000000000000000  0.016232173489026  0.025577161924713  0.038821508805764  0.056602123938614  0.085082132281217  0.000000000000000  0.014258835758491  1.000000000000000  0.000000000000000  0.000000000000000  0.000000000000000  0.000000000000000  0.239152039522969  0.761016690419679  0.040978187944239  1.000000000000000  0.486664687079119 
88.0    A  0.661585719954060  0.007355300504228  0.000000000000000  0.000000000000000  0.000000000000000  0.011923900070004  0.008484233252518  0.053031743856619  0.000000000000000  0.020890632740705  0.012421644546078  0.000000000000000  0.019901210551977  0.008856792287331  0.008765183441644  0.072795849154279  0.063109456099793  0.050765774772265  0.000000000000000  0.000000000000000  1.000000000000000  0.000000000000000  0.000000000000000  0.000000000000000  0.000000000000000  0.000000000000000  1.000000000000000  0.041063488348418  1.000000000000000  0.490389501994276 
89.0    S  0.382889499273596  0.022066475068512  0.000000000000000  0.000000000000000  0.014978116226453  0.004140440560146  0.011849746448238  0.004996037426865  0.000000000000000  0.011899130778932  0.000000000000000  0.006829520471956  0.007938047992138  0.008490116113485  0.017253106986923  0.303969820795774  0.132402291835485  0.070072879876782  0.000000000000000  0.000000000000000  1.000000000000000  0.000000000000000  0.000000000000000  0.000000000000000  0.000000000000000  0.000000000000000  1.000000000000000  0.040978187944239  1.000000000000000  0.490389501994276 
90.0    E  0.012073602338250  0.000000000000000  0.005859527301898  0.894404901782606  0.000000000000000  0.003667467762951  0.000000000000000  0.000000000000000  0.020361674208801  0.000000000000000  0.000000000000000  0.016413196000168  0.008955563951003  0.011597840395539  0.026644840367749  0.000000000000000  0.000000000000000  0.000000000000000  0.000000000000000  0.000000000000000  0.993781093322555  0.000000000000000  0.006510571930931  0.000000000000000  0.000000000000000  0.000000000000000  1.000000000000000  0.042247213532129  1.000000000000000  0.490389501994276 
91.0    A  0.517991381780009  0.014823192424070  0.090433430366908  0.017241152188156  0.034650020112596  0.009049162548396  0.009532035236502  0.014179986801831  0.012709049970814  0.033772668813730  0.047828024056958  0.008217982650030  0.022530138616566  0.010532560404196  0.000000000000000  0.075572229739585  0.029258507732328  0.031163476604752  0.000000000000000  0.020333466491280  1.000000000000000  0.000000000000000  0.000000000000000  0.000000000000000  0.000000000000000  0.000000000000000  1.000000000000000  0.042629619839980  1.000000000000000  0.484644908467533 
92.0    Y  0.000000000000000  0.015441963304699  0.000000000000000  0.015009294749273  0.204901151909379  0.000000000000000  0.043495199744722  0.037317599596081  0.000000000000000  0.009162773040874  0.022939853688033  0.007662335968661  0.027431931175297  0.006754197119593  0.012931200251222  0.000000000000000  0.063328556259943  0.023814762974059  0.000000000000000  0.509798841499095  1.000000000000000  0.000000000000000  0.000000000000000  0.038473262917029  0.961260928388761  0.754190038343289  0.245705149636313  0.041781265481410  0.500000000000000  0.484644908467533 
93.0    L  0.008269409334962  0.000000000000000  0.000000000000000  0.000000000000000  0.002340447307304  0.000000000000000  0.000000000000000  0.083678453561153  0.000000000000000  0.722966147272874  0.057273040292209  0.000000000000000  0.013433695097547  0.000000000000000  0.016164805961233  0.004635690615846  0.016481598704188  0.053548872173036  0.021270533070304  0.000000000000000  0.994470168673214  0.000000000000000  0.005707204603694  0.000000000000000  0.000000000000000  0.000000000000000  1.000000000000000  0.042896388476716  1.000000000000000  0.498270131413934 
94.0    V  0.018879966302968  0.021657341963288  0.000000000000000  0.000000000000000  0.011312016971715  0.008826150113829  0.003744529056613  0.080158537672641  0.000000000000000  0.020631606890859  0.004250947037777  0.000000000000000  0.000000000000000  0.004103299000042  0.011117683290895  0.023732370153352  0.140925051518178  0.638606879597695  0.007641120886307  0.004483993804121  0.984184022033800  0.010124538792448  0.005754873772721  1.000000000000000  0.000000000000000  0.000000000000000  1.000000000000000  0.043555538708983  0.494142825750366  0.491410299272626 
95.0    G  0.032871930600121  0.011422323815625  0.042866665268456  0.050415109951383  0.000000000000000  0.279128240495643  0.084260483233566  0.021552514403548  0.026132699997314  0.015690117863109  0.003579565018263  0.034578042284134  0.000000000000000  0.126306430810845  0.048060650977196  0.118667765118815  0.074531804520664  0.012691443693066  0.017169597149639  0.000000000000000  1.000000000000000  0.000000000000000  0.000000000000000  0.500000000000000  0.500000000000000  0.449689156073876  0.550570799048982  0.043495199744722  0.495858365369147  0.487339815445774 
96.0    L  0.000000000000000  0.007894151925678  0.001792265395139  0.029956232452906  0.052811649025782  0.000000000000000  0.013583508751407  0.037034149091924  0.000000000000000  0.672683604260913  0.050625217102003  0.000000000000000  0.002097664983633  0.008566965535843  0.059416193826864  0.003680200288691  0.007546377569725  0.046166814486955  0.000000000000000  0.005990947889348  1.000000000000000  0.000000000000000  0.000000000000000  0.000000000000000  0.000000000000000  0.000000000000000  1.000000000000000  0.043585739573450  1.000000000000000  0.494142825750366 
97.0    F  0.000000000000000  0.000000000000000  0.000000000000000  0.000000000000000  0.717474767303352  0.000000000000000  0.000000000000000  0.000000000000000  0.011784219349114  0.162104944331376  0.055784185717061  0.000000000000000  0.013668511951653  0.000000000000000  0.010642640895629  0.021211640310625  0.000000000000000  0.000000000000000  0.000000000000000  0.007254037908646  0.994470168673214  0.005782864445313  0.000000000000000  0.500000000000000  0.500000000000000  0.000000000000000  1.000000000000000  0.043585739573450  0.495858365369147  0.494142825750366 
98.0    E  0.041492661199451  0.000000000000000  0.009571760405505  0.664342907048256  0.000000000000000  0.040949793870574  0.002760221960708  0.000000000000000  0.084846561242500  0.000000000000000  0.002993398359781  0.003695537682522  0.000000000000000  0.053809324271181  0.017935975216484  0.055475708579344  0.018098325096791  0.004186615088032  0.000000000000000  0.000000000000000  0.998614666101029  0.001346098782203  0.000000000000000  0.250000000000000  0.750019494642909  0.527411158534031  0.472373520498603  0.046294993688135  0.500000000000000  0.494142825750366 
99.0    D  0.020432364820887  0.026314467300263  0.633317126861609  0.028438713252528  0.000000000000000  0.020876157474845  0.030311309698179  0.016390458243359  0.025952188252840  0.037473122305972  0.021182255106250  0.029217974929733  0.000000000000000  0.009042892320235  0.006202218210404  0.005143620789294  0.012682649702770  0.014278616409834  0.000000000000000  0.062630100317477  0.995159721820083  0.000000000000000  0.005182988830458  0.000000000000000  0.000000000000000  0.000000000000000  1.000000000000000  0.046359216682535  1.000000000000000  0.498961359499525 
100.0    T  0.306084098100051  0.033215489823705  0.013350152201402  0.000000000000000  0.003642134712644  0.022343515411901  0.000000000000000  0.018211581220852  0.023454360898662  0.008172538592129  0.002316239256662  0.012726680672972  0.008419790195654  0.012395841299862  0.004242116626259  0.191577495025973  0.327144517863753  0.012931200251222  0.000000000000000  0.000000000000000  0.997922718999051  0.002019200656734  0.000000000000000  0.166662334636400  0.833353207159218  0.000000000000000  1.000000000000000  0.047695600280017  0.500000000000000  0.494828328207603 
101.0    N  0.006987538295177  0.000000000000000  0.007457976672967  0.002152158429447  0.004729816734182  0.021642335439233  0.009631658792686  0.017579038823263  0.002748766358057  0.033539383949795  0.036701936600427  0.498615625676035  0.012395841299862  0.063680699788545  0.008513688376667  0.048799155787962  0.028261855548784  0.057352492644460  0.000000000000000  0.139274206352417  0.988970916380931  0.002995473944674  0.008076802626937  0.142892291926755  0.857376036634172  0.000000000000000  1.000000000000000  0.048294409352999  0.499307333050514  0.494828328207603 
102.0    L  0.042071877164899  0.008638520729065  0.000000000000000  0.007279222103944  0.003464829317001  0.000000000000000  0.000000000000000  0.039037378926668  0.032554482156507  0.669891801213920  0.054522669110672  0.009150079540772  0.017762765206813  0.013754047086924  0.039692218204337  0.019370432811547  0.013166356710987  0.013649576498698  0.003890038098025  0.011940441568478  0.967947026893737  0.032240099353167  0.000000000000000  0.457232544749951  0.542614685940904  0.721964597761248  0.277777182163773  0.049377581991461  0.474671060475260  0.489031736723670 
103.0    C  0.046102858033839  0.564091068728256  0.000000000000000  0.000000000000000  0.017457611532378  0.013611784252223  0.000000000000000  0.033261568201667  0.000000000000000  0.163006341907320  0.022530138616566  0.003596975379707  0.000000000000000  0.000000000000000  0.023211764385325  0.020603025226443  0.039172906888772  0.033146491917757  0.000000000000000  0.020151066416498  1.000000000000000  0.000000000000000  0.000000000000000  0.000000000000000  0.000000000000000  1.000000000000000  0.000000000000000  0.048630323534714  1.000000000000000  0.498961359499525 
104.0    A  0.590087171668101  0.037008487870426  0.000000000000000  0.000000000000000  0.000000000000000  0.001813509477162  0.011751591807724  0.034267862143372  0.007489058113226  0.000000000000000  0.038128140946007  0.000000000000000  0.013659040943912  0.000000000000000  0.000000000000000  0.099304300012013  0.144485838319350  0.022112408755104  0.000000000000000  0.000000000000000  0.982139595263391  0.018048215383650  0.000000000000000  0.310787417225985  0.689202576487815  0.000000000000000  0.000000000000000  0.050485048600601  0.488015880388112  1.000000000000000 
105.0    I  0.032894723584670  0.003820560443154  0.000000000000000  0.002857560977938  0.011202775375124  0.000000000000000  0.014199658069508  0.468136123717246  0.025172634095273  0.180491149440312  0.025400487562010  0.023486898094774  0.011751591807724  0.031271668358206  0.039445376003504  0.024281477149502  0.037343475151774  0.032039601184019  0.000000000000000  0.036096430767300  1.000000000000000  0.000000000000000  0.000000000000000  0.000000000000000  0.000000000000000  0.000000000000000  0.000000000000000  0.050977343333688  1.000000000000000  1.000000000000000 
106.0    H  0.007504647374637  0.000000000000000  0.002656974321105  0.009162773040874  0.004055231525559  0.015420571029466  0.833931043824964  0.000000000000000  0.006551313940945  0.007710285514733  0.000000000000000  0.003903543331994  0.008893703352147  0.015030116479137  0.036752851571593  0.023019495090883  0.008680536942618  0.000000000000000  0.000000000000000  0.016481598704188  1.000000000000000  0.000000000000000  0.000000000000000  0.000000000000000  0.000000000000000  0.000000000000000  0.000000000000000  0.051225287977345  1.000000000000000  1.000000000000000 
107.0    A  0.667574151647954  0.028359973603661  0.000000000000000  0.015527829583165  0.000000000000000  0.075102253095428  0.000000000000000  0.004074955443476  0.000000000000000  0.011430243911753  0.000000000000000  0.003919811517615  0.018035709648701  0.016573245958878  0.079936598829839  0.044594203303684  0.023243965038039  0.011654250208527  0.000000000000000  0.000000000000000  1.000000000000000  0.000000000000000  0.000000000000000  0.000000000000000  0.000000000000000  0.000000000000000  0.000000000000000  0.053326631132004  1.000000000000000  1.000000000000000 
108.0    K  0.017098339082199  0.000000000000000  0.007478683267151  0.003857815865021  0.000000000000000  0.064704057740086  0.029646384848139  0.000000000000000  0.653382626946587  0.000000000000000  0.000000000000000  0.050101583087462  0.013897796774030  0.023963791557392  0.103952762296863  0.019736363466341  0.012242143546083  0.000000000000000  0.000000000000000  0.000000000000000  1.000000000000000  0.000000000000000  0.000000000000000  0.000000000000000  0.000000000000000  0.000000000000000  0.000000000000000  0.056995822844986  1.000000000000000  1.000000000000000 
109.0    R  0.025050791543731  0.017701310707747  0.000000000000000  0.014377932041014  0.000000000000000  0.004425327676937  0.015314053364717  0.019613624863791  0.009459633468364  0.005388128600887  0.000000000000000  0.000000000000000  0.009245711107442  0.000000000000000  0.862741344542656  0.016816251949747  0.000000000000000  0.000000000000000  0.000000000000000  0.000000000000000  1.000000000000000  0.000000000000000  0.000000000000000  1.000000000000000  0.000000000000000  0.000000000000000  0.000000000000000  0.059870951138919  1.000000000000000  1.000000000000000 
