No:  residues  hmm_col_1  hmm_col_2  hmm_col_3  hmm_col_4  hmm_col_5  hmm_col_6  hmm_col_7  hmm_col_8  hmm_col_9  hmm_col_10  hmm_col_11  hmm_col_12  hmm_col_13  hmm_col_14  hmm_col_15  hmm_col_16  hmm_col_17  hmm_col_18  hmm_col_19  hmm_col_20  hmm_col_21   hmm_col_22   hmm_col_23   hmm_col_24   hmm_col_25   hmm_col_26   hmm_col_27   hmm_col_28   hmm_col_29   hmm_col_30   
1.0    M  0.000000000000000  0.000000000000000  0.000000000000000  0.005266280202098  0.024929538744032  0.000000000000000  0.000000000000000  0.022219959540426  0.000000000000000  0.015229369232680  0.896266699569405  0.000000000000000  0.000000000000000  0.000000000000000  0.000000000000000  0.010561803383032  0.016019800592009  0.009200959293711  0.000000000000000  0.000000000000000  1.000000000000000  0.000000000000000  0.000000000000000  0.000000000000000  0.000000000000000  0.000000000000000  0.000000000000000  0.061298687749284  1.000000000000000  1.000000000000000 
2.0    A  0.723467442935263  0.000000000000000  0.000000000000000  0.003754925501519  0.000000000000000  0.014348065035952  0.000000000000000  0.000000000000000  0.011218316489246  0.005172222306232  0.002231145013376  0.000000000000000  0.034458411345904  0.000000000000000  0.000000000000000  0.092077980363530  0.064524908467703  0.048900736358532  0.000000000000000  0.000000000000000  0.973329374158238  0.021079727099058  0.005524271728020  0.402483068810561  0.597495602428391  0.000000000000000  0.000000000000000  0.061298687749284  0.490049707670935  1.000000000000000 
3.0    R  0.000000000000000  0.017217267435572  0.008967987608242  0.015898120189104  0.002252901572383  0.029852591761951  0.032758202359904  0.000000000000000  0.022250784306204  0.018300159081544  0.007769298192759  0.002510168627870  0.020193012978711  0.000000000000000  0.770037174236072  0.037162722343835  0.000000000000000  0.000000000000000  0.004530858025412  0.010445316370353  0.971980987981352  0.006610614035940  0.021552514403548  0.390393246303696  0.609627547038152  0.000000000000000  1.000000000000000  0.060412881066561  0.496546247718518  0.499653546495226 
4.0    T  0.001721640933412  0.014967737784730  0.007340021478234  0.030713143704539  0.000000000000000  0.027280237222930  0.000000000000000  0.052301640167712  0.010888884677246  0.022421086478230  0.042482132559586  0.004331252514074  0.026042287723726  0.000000000000000  0.015187202937209  0.047136877396456  0.697371833175203  0.000000000000000  0.000000000000000  0.000000000000000  1.000000000000000  0.000000000000000  0.000000000000000  0.000000000000000  0.000000000000000  0.000000000000000  1.000000000000000  0.058679484207216  1.000000000000000  0.490729531926740 
5.0    K  0.036651092163496  0.000000000000000  0.012499377005199  0.013508394239185  0.000000000000000  0.000000000000000  0.000000000000000  0.002586111153116  0.746389191648477  0.006040987011370  0.004304316858893  0.014229216149875  0.003949812815825  0.024097044146999  0.048832992510770  0.010731533073669  0.040808118346529  0.024348893114391  0.000000000000000  0.010791206626124  0.930449657703015  0.019859870145401  0.049583365199446  0.351598299978280  0.648419777325505  0.534032704023926  0.466193243218416  0.055784185717061  0.493800430722686  0.490729531926740 
6.0    Q  0.024552266145862  0.006267040362129  0.000000000000000  0.054598305994793  0.000000000000000  0.005742919282770  0.089064850884299  0.016909760070714  0.031730190652170  0.023035456520173  0.067639040282857  0.013129902378645  0.066017851584491  0.516199267741621  0.034530140149997  0.021359178936591  0.015799251263302  0.011398596439376  0.001974906407913  0.000000000000000  0.971307495541633  0.023083407243478  0.005835208816845  0.426022047537433  0.573951206927501  0.657015813574686  0.342933322147649  0.052958277184132  0.489710148793463  0.470739232270603 
7.0    T  0.062760471452436  0.000000000000000  0.009525430422471  0.025312608551001  0.016781319869064  0.016665402825496  0.000000000000000  0.021762679385454  0.012225184089633  0.019424213576624  0.017652300227658  0.015271652600169  0.025559439329931  0.021883692513863  0.050345268190547  0.055398856199679  0.599154510669709  0.025488671666844  0.004815829396343  0.000000000000000  0.921464186198704  0.030606884299591  0.047629525948118  0.255961725107111  0.744322627583270  0.797745239809033  0.202220337090435  0.050871449066902  0.483303048532487  0.488692883205403 
8.0    A  0.615145672375572  0.000000000000000  0.010401965728409  0.034410674940561  0.000000000000000  0.005636440183053  0.000000000000000  0.005839254877480  0.039390730986968  0.000000000000000  0.007139308204917  0.007855942034363  0.034842694335241  0.015166163590149  0.012090351512050  0.077428043611494  0.076999879590360  0.044224817510208  0.000000000000000  0.013313188985545  0.976708528962227  0.010294374622923  0.012744335833422  0.428094142273228  0.571965486601904  0.878430468238362  0.121497623497669  0.048361406048200  0.496890546661277  0.465870214652387 
9.0    R  0.031163476604752  0.030649343874642  0.010554485035435  0.023067412588794  0.000000000000000  0.023340835267380  0.040751585476830  0.010605820155313  0.076362068854594  0.008093615340313  0.006456643110580  0.031467360939272  0.023003544721378  0.028636520146105  0.518350550509860  0.051581588032041  0.022892201165802  0.046391361582158  0.010843693117309  0.005782864445313  0.947370070599268  0.030101934188130  0.022266212721075  1.000000000000000  0.000000000000000  0.000000000000000  1.000000000000000  0.050450067156548  0.485317234884773  0.492774668469685 
10.0    K  0.033100572958871  0.000000000000000  0.000000000000000  0.003037289202666  0.008099227351717  0.018504243935213  0.009017854824350  0.010941846256931  0.580351957191860  0.000000000000000  0.028105572254617  0.013602352551502  0.011621982519020  0.013696964395563  0.144385723069198  0.034149304346905  0.065199287095616  0.026296233821418  0.000000000000000  0.000000000000000  0.974004268543241  0.026150820083856  0.000000000000000  0.339386244970002  0.660669202829133  0.353063601096189  0.647072827241427  0.049172652834598  0.488692883205403  0.468460723436213 
11.0    S  0.093687475109722  0.008425628372613  0.000000000000000  0.027129382112533  0.013003105229868  0.043828101582575  0.000000000000000  0.023715925827720  0.022127741222102  0.000000000000000  0.000000000000000  0.005108091205222  0.071992977646835  0.009420373653834  0.067125279476258  0.494828328207603  0.085377516047150  0.028996046139728  0.000000000000000  0.005140056738395  0.990342871933025  0.000000000000000  0.009453078822026  0.000000000000000  0.000000000000000  0.000000000000000  1.000000000000000  0.052811649025782  1.000000000000000  0.480297431976738 
12.0    T  0.063636574985289  0.003567180664109  0.000000000000000  0.015865095326085  0.004391714546010  0.023308500417054  0.013744516811288  0.025970183174801  0.075467536967906  0.005995101937503  0.010019817209080  0.017627845897758  0.010430846119499  0.025934205799687  0.103306289769276  0.041234622211653  0.517991381780009  0.034674046002120  0.000000000000000  0.006973023214633  0.997922718999051  0.002391282016407  0.000000000000000  1.000000000000000  0.000000000000000  0.178129701768598  0.821880187294851  0.052921582022658  0.500000000000000  0.472701058375372 
13.0    G  0.054146053525005  0.011343424061749  0.011541703621739  0.020890632740705  0.000000000000000  0.534402995605504  0.001533453356784  0.016435965300061  0.053883971563600  0.002980975017501  0.000000000000000  0.010033717257730  0.042541066140609  0.033889919026346  0.025790794016021  0.090245574720156  0.066846692992828  0.012208248127692  0.000000000000000  0.011304178795863  0.961260928388761  0.014062530153024  0.024365776331604  0.448133349784702  0.551716870020980  0.000000000000000  1.000000000000000  0.052811649025782  0.489710148793463  0.477641468191219 
14.0    G  0.038473262917029  0.008110463051118  0.000000000000000  0.022374511581268  0.001894456856136  0.530343870684108  0.006074578405332  0.011210543239115  0.041897268486885  0.005843303743603  0.000000000000000  0.028955876934074  0.052628934600526  0.008899870134548  0.043706752585577  0.084787770465479  0.056445406884489  0.025172634095273  0.026150820083856  0.007159130036526  0.980099415341871  0.012065236454559  0.008110463051118  0.397217200048052  0.602903913845380  0.323312232971872  0.676893139526230  0.052921582022658  0.495858365369147  0.461371246326899 
15.0    K  0.061426287409078  0.000000000000000  0.013706461698950  0.061639544030835  0.000000000000000  0.010202029586632  0.020361674208801  0.007070362991273  0.566834706389211  0.012031830847439  0.000000000000000  0.025365299405540  0.031358492140922  0.055130710324824  0.054863862350595  0.030734439813320  0.030039404012149  0.019170077769591  0.000000000000000  0.000000000000000  0.969289816935065  0.027185854772145  0.003391172764067  0.160985203688728  0.839149637106542  0.331251754261302  0.668500247702567  0.051189793616239  0.482633512435878  0.468460723436213 
16.0    A  0.508387336645978  0.006763566918122  0.007515058239569  0.006249688502600  0.000000000000000  0.035723072981689  0.012931200251222  0.007011797270838  0.033261568201667  0.022374511581268  0.010365977660915  0.013396500572409  0.069300040225192  0.041810236087066  0.038902319855693  0.069637103176208  0.059912464905811  0.056445406884489  0.000000000000000  0.000000000000000  1.000000000000000  0.000000000000000  0.000000000000000  0.062500000000000  0.937571096457110  0.233258247884202  0.766841329836546  0.050520054300348  0.500000000000000  0.476979775273779 
17.0    P  0.055900306361413  0.000000000000000  0.006560402288626  0.016254691664406  0.006900898839699  0.015909143746322  0.010131559020711  0.011102281587354  0.046487930076078  0.015388538170243  0.004999501616579  0.026369243629063  0.577542892276792  0.049172652834598  0.020645912588410  0.096521891636473  0.026060345119530  0.011164016716727  0.000000000000000  0.002725997586176  0.978063473447339  0.009420373653834  0.012673861805891  0.111491064927512  0.888226795842405  0.000000000000000  1.000000000000000  0.051225287977345  0.487339815445774  0.482968164462423 
18.0    R  0.016142412307565  0.012115518849172  0.004940935712320  0.017799740269096  0.000000000000000  0.029646384848139  0.014140725982545  0.014308338850283  0.098892162648181  0.015909143746322  0.005871724523694  0.011109979770213  0.033261568201667  0.028696130071904  0.613442488626902  0.028458432299749  0.037034149091924  0.012344395497865  0.000000000000000  0.005659930291230  0.978741650397436  0.009800017222820  0.011272880366106  0.295452886733591  0.704660377571010  0.215237297084726  0.784584097896751  0.051154323849425  0.488354264481114  0.475000191437443 
19.0    K  0.013555291986751  0.000000000000000  0.000000000000000  0.018581361171918  0.003611965930132  0.020291228167654  0.011351289449776  0.027622735345740  0.596667871515861  0.007494250932229  0.006651982091789  0.016909760070714  0.023131457781251  0.016992006107108  0.127892183716804  0.053623158151793  0.014387901518829  0.026278012976679  0.008490116113485  0.006601456128223  0.918912883479050  0.075206439124969  0.006189334460351  0.206326352128164  0.793883930931653  0.000000000000000  1.000000000000000  0.050836199883258  0.448444079831007  0.473028823362798 
20.0    Q  0.042570563582515  0.000000000000000  0.000000000000000  0.019196671569463  0.006977858221506  0.009725579963923  0.018658799798040  0.018814646581741  0.104385989928546  0.013508394239185  0.017205337470281  0.014072280935124  0.061982295671143  0.384485207817567  0.074480160910878  0.077696854306496  0.094929480613408  0.016209686508838  0.016804599850897  0.008332701412748  0.986232704493359  0.001484301617580  0.012166010797838  0.066661611301985  0.933032991536807  0.000000000000000  1.000000000000000  0.049446081324091  0.500000000000000  0.464258426153364 
21.0    L  0.046584699587466  0.003043611639299  0.000000000000000  0.014649548382142  0.005578140545645  0.014751444049223  0.008728805766189  0.086749544938474  0.037629293163482  0.455650640318571  0.049514675682811  0.002023403835078  0.065972107352373  0.024586326417299  0.023051429016919  0.065154110052570  0.024264652343782  0.034315400430845  0.027795593548059  0.009936820365184  0.945402116750744  0.015484836926001  0.039281667953807  0.317317721504951  0.682546858942583  0.260616440210280  0.739181215636921  0.049617745683228  0.493116352246680  0.457866843209063 
22.0    A  0.509092599882310  0.003262062185267  0.009277809891199  0.009011606289531  0.000000000000000  0.055207190717592  0.002792939426488  0.028478165019911  0.039664715188119  0.017518219969195  0.017349044275447  0.004742948767168  0.071149626817180  0.014823192424070  0.034125642054552  0.088265900274047  0.034674046002120  0.032826392000336  0.013424386796050  0.014387901518829  0.922103117912631  0.077804639711386  0.000000000000000  0.258278596921033  0.741747466920561  0.488354264481114  0.511923450214221  0.048160694272400  0.434973676354325  0.436786447958347 
23.0    T  0.119576019761484  0.011525714508460  0.000000000000000  0.006167920989848  0.012994095287108  0.035797434311867  0.011454037165541  0.014731008373722  0.070413701781080  0.023650262390150  0.013849714049920  0.013897796774030  0.061596833558711  0.018736561152986  0.021868529149925  0.188286308329227  0.339857060476685  0.025737219289612  0.000000000000000  0.009943710431843  0.968618189226628  0.019928818619977  0.011374918351555  0.277200160900767  0.722966147272874  0.106653262264008  0.893165852352760  0.047662551664259  0.491069797631696  0.463615273217731 
24.0    K  0.036322315859941  0.000000000000000  0.003417127987913  0.020531744174209  0.009387781636929  0.009957504900932  0.007050786933300  0.017566858184041  0.562139461889309  0.018620040227719  0.003223849252003  0.031928752584822  0.055706905993561  0.012976094126420  0.096321388544801  0.028636520146105  0.055437269072009  0.020934118787935  0.009923054551084  0.000000000000000  0.944092419150250  0.046941247716904  0.009188212892898  0.092461719328052  0.907519155317161  0.374490233606046  0.625464540056633  0.048596627242660  0.463294030945185  0.459456441739525 
25.0    A  0.436483795566881  0.008698606392412  0.012940166583352  0.019695365493484  0.000000000000000  0.038956287321097  0.000000000000000  0.007114608074937  0.077481731246187  0.022608357591727  0.006189334460351  0.007468322793701  0.033307710502123  0.023179608341268  0.030713143704539  0.119658932274412  0.088388347648318  0.063284675459406  0.000000000000000  0.003996630741150  0.911301280637141  0.039091533753540  0.049309177553279  0.309068815230238  0.691116103264291  0.075782051191359  0.924022572446823  0.049514675682811  0.476649272644080  0.455650640318571 
26.0    A  0.421031476804208  0.004629268636491  0.013322420183874  0.018840747307668  0.011390698272005  0.045310838527464  0.010598471308185  0.025612643988672  0.047333322371155  0.055939066932998  0.000000000000000  0.011981895778696  0.076627178753322  0.014947002470186  0.066846692992828  0.075624630576206  0.062543336716411  0.035427169149326  0.000000000000000  0.002024806837929  0.953298545288159  0.024281477149502  0.022452190258501  0.104096971360069  0.895645670090849  0.103880732699206  0.896266699569405  0.053548872173036  0.473356815618357  0.423959982316574 
27.0    A  0.035255691795516  0.014268722656437  0.010979833595365  0.016153605253874  0.000000000000000  0.085733330536912  0.034915223064757  0.001572199487541  0.088941466327162  0.031250000000000  0.000000000000000  0.009322935492435  0.055245470691479  0.051510130309578  0.449689156073876  0.070413701781080  0.019970302550048  0.019383864026803  0.000000000000000  0.005380664243684  0.916368644675351  0.034506213973847  0.049036506118547  0.158878961163208  0.840896415253715  0.052084575447451  0.948026965128645  0.050765774772265  0.468785548228555  0.410370804405249 
28.0    K  0.041320456410705  0.000000000000000  0.014988501864457  0.007365504186861  0.013415084944340  0.047894373756493  0.016277241078253  0.014397877909355  0.520871714504111  0.007050786933300  0.017421347167620  0.029625842660270  0.058638824781292  0.026904662135591  0.062500000000000  0.050977343333688  0.057114465639338  0.010223266183242  0.000000000000000  0.003094667230176  0.948684315140454  0.032803646363221  0.018632951130166  0.357248534935273  0.642603168734686  0.288971676638700  0.711038705293637  0.050485048600601  0.478967609111348  0.381300413314071 
29.0    S  0.105476974516252  0.003214923223745  0.000000000000000  0.005843303743603  0.005758864130043  0.067873866020143  0.016243428674614  0.006297522121039  0.047828024056958  0.011686607487206  0.020333466491280  0.045531222309313  0.035896823593657  0.025524030972188  0.083388948104861  0.429878243121503  0.061639544030835  0.024569290379385  0.000000000000000  0.002875443090172  0.987600861445373  0.008753040735892  0.003744529056613  0.333324669272800  0.666649338545599  0.000000000000000  1.000000000000000  0.052374195916747  0.497235084336607  0.399980064166376 
30.0    A  0.429580377473592  0.000000000000000  0.035525530413625  0.032780916486717  0.006456643110580  0.065516404719808  0.014710601008456  0.015092755139451  0.017277041458129  0.015744590006414  0.012850782323632  0.003535181495636  0.105112051906714  0.009840859218339  0.055130710324824  0.086389512908036  0.028855697210294  0.065698306817982  0.000000000000000  0.000000000000000  0.863339558574412  0.094077921713192  0.042364510212500  0.562919293068381  0.437089310205187  0.012123919598045  0.987600861445373  0.055168937268166  0.437695664847132  0.397217200048052 
31.0    P  0.012352954946937  0.000000000000000  0.007796271242180  0.024231037698344  0.004896613361096  0.074376981019167  0.003372420150681  0.008986655416802  0.072192861534599  0.033238521027912  0.000000000000000  0.025225033578274  0.540737381741809  0.025488671666844  0.022467758325734  0.071100326742032  0.046423528770651  0.022671128247409  0.000000000000000  0.004471578752339  0.951318276331799  0.017861536490844  0.030862526920168  0.187374950219443  0.812815601984320  0.060329189054485  0.939522749214012  0.062283766426742  0.483638164806966  0.377879982079057 
32.0    A  0.254017535748425  0.013706461698950  0.020291228167654  0.018504243935213  0.004146184409960  0.033936933010072  0.007583081795075  0.022143084320441  0.042393885232740  0.041781265481410  0.003741934446182  0.025330159996416  0.052994997789572  0.020025748815003  0.036625696364829  0.253314225039771  0.104385989928546  0.039118639332937  0.000000000000000  0.006011746953753  0.883927531063671  0.068203992315933  0.048127323389754  0.332401777045429  0.667574151647954  0.183646079159789  0.816203046150902  0.060454770600871  0.444729496768949  0.362989569975974 
33.0    T  0.088941466327162  0.006537705020964  0.008379036068890  0.017481829703683  0.013888166893228  0.028975954576108  0.010365977660915  0.020876157474845  0.043858491438721  0.023535788541153  0.004716721060494  0.010768790257622  0.067311648512066  0.033632503899494  0.037943590137345  0.108668070011253  0.417543959714185  0.033123524481165  0.000000000000000  0.023519480428298  0.972654947412286  0.006015915423719  0.021507743774855  0.222982129855023  0.777007268784049  0.294226684304692  0.705637921704346  0.055939066932998  0.499307333050514  0.353553390593274 
34.0    G  0.052556025953357  0.008918396149428  0.043706752585577  0.027699428099840  0.000000000000000  0.507683050434715  0.006910472151028  0.018998113799736  0.039637231228933  0.012421644546078  0.003289308412533  0.007598866776658  0.038075320739850  0.039445376003504  0.051403129294529  0.081616236693057  0.022955759894974  0.036957218757629  0.000000000000000  0.000000000000000  0.947370070599268  0.019613624863791  0.033330805650993  0.121834953861444  0.878430468238362  0.324884765613860  0.675018992561373  0.057273040292209  0.485317234884773  0.377095019171645 
35.0    G  0.057511728164055  0.000000000000000  0.005770851810869  0.016198454703433  0.000000000000000  0.491069797631696  0.013003105229868  0.010525262319263  0.056367211148891  0.011033237534256  0.002444914958309  0.026187097958373  0.062413416631314  0.055861572647299  0.037034149091924  0.087899574994570  0.045531222309313  0.007114608074937  0.002047387647494  0.012006837353813  0.948684315140454  0.033866436463899  0.017361073885236  0.094666644742311  0.905006462882905  0.159984051730538  0.840313752233282  0.059912464905811  0.472373520498603  0.389582289830250 
36.0    V  0.041636713284126  0.000000000000000  0.029502888098445  0.015538596385519  0.037136972033029  0.013744516811288  0.015388538170243  0.073099229003247  0.062673527243817  0.031120304784202  0.013574096642978  0.006515086279883  0.095722374818399  0.067218399403586  0.014377932041014  0.035378090690959  0.055861572647299  0.391477148128271  0.000000000000000  0.000000000000000  0.923382310729395  0.058801631719612  0.017725866952124  0.206612579538553  0.793333843191143  0.251041885809743  0.748980467212091  0.058883204619051  0.457549584063964  0.388773017941279 
37.0    K  0.041665583659100  0.000000000000000  0.003230560032982  0.020717590004667  0.008425628372613  0.018010724168732  0.017713584574663  0.021990130864459  0.479964630519454  0.004782564032813  0.011079219028746  0.015876095984277  0.046843737554861  0.043015487549709  0.190122344155126  0.042364510212500  0.018984949873516  0.015250496262129  0.000000000000000  0.000000000000000  0.952637998043937  0.016527358806538  0.030991147835572  0.432568345292494  0.567227742467977  0.411795508633787  0.588453368609384  0.059046690062325  0.473028823362798  0.402483068810561 
38.0    K  0.032106294980593  0.000000000000000  0.013480333508479  0.018491422214884  0.000000000000000  0.009624984948795  0.022908074331081  0.000000000000000  0.585199320737295  0.026998068356259  0.006416489849626  0.022390025787080  0.022939853688033  0.044224817510208  0.128692510429250  0.019545766876770  0.030185510278901  0.011751591807724  0.000000000000000  0.005023818294651  0.985549336939371  0.007478683267151  0.006896117158521  0.103880732699206  0.896266699569405  0.425431864753270  0.574747424017338  0.061426287409078  0.478304079045937  0.418413121341696 
39.0    P  0.027242444985533  0.000000000000000  0.000000000000000  0.015303442149796  0.000000000000000  0.019196671569463  0.017301009132567  0.006910472151028  0.172300644121954  0.016333751565706  0.007850498597061  0.016538818669924  0.486664687079119  0.027680234971949  0.081899587741148  0.046778843337272  0.045436641166260  0.008838394240984  0.000000000000000  0.003930694623038  0.893165852352760  0.050765774772265  0.056172195413189  0.294634851952921  0.705148980242195  0.456599125005996  0.543367431263029  0.061725053840336  0.473028823362798  0.443805668634749 
40.0    H  0.005079844322455  0.000000000000000  0.000000000000000  0.026644840367749  0.023292349793733  0.006095667813857  0.458819941155683  0.014771908074230  0.081390261848064  0.002889428729002  0.000000000000000  0.013574096642978  0.006389859832483  0.023535788541153  0.208193942720137  0.023880883136956  0.028183605574445  0.014004167180772  0.000000000000000  0.063065727115293  0.973329374158238  0.020039634418160  0.006958538285990  0.212568540016049  0.787307976569203  0.629814989973700  0.370359949505080  0.059870951138919  0.486327473706143  0.430176315305720 
41.0    R  0.022860487823505  0.017689045345479  0.000000000000000  0.022545760732213  0.005380664243684  0.007463147940488  0.025277542136304  0.000000000000000  0.084670311092835  0.005295563776563  0.000000000000000  0.020446532366485  0.024501264189867  0.006679704514781  0.701735863019538  0.025648175275328  0.016886334406865  0.010672189505894  0.000000000000000  0.002152158429447  0.978063473447339  0.018123432101647  0.003510762213324  0.095523532547823  0.904379377561088  0.089498046325071  0.910669833591978  0.052301640167712  0.475329550614909  0.467811748915700 
42.0    Y  0.040302132832996  0.009685216405773  0.000000000000000  0.002794876015670  0.210078438058320  0.007998803909597  0.026830169888680  0.014957366534302  0.022624033943431  0.011776053980925  0.006095667813857  0.028935813203979  0.008801712722635  0.016176014435022  0.047234997759882  0.019357010902874  0.008419790195654  0.008943157504677  0.073251392729657  0.435879119768531  0.993092495437036  0.000000000000000  0.006693609021629  0.000000000000000  0.000000000000000  0.294430697398745  0.705637921704346  0.053511767784154  1.000000000000000  0.467163673441590 
43.0    R  0.012430257558671  0.011493802701998  0.016933218231950  0.000000000000000  0.006920058742987  0.003010043392025  0.020503300852999  0.010474317121721  0.182504001331815  0.005354620331952  0.005065779510356  0.013202912256446  0.027374947345848  0.000000000000000  0.643940814754913  0.012284645189693  0.018453010334836  0.009800017222820  0.000000000000000  0.000000000000000  0.985549336939371  0.001490487508751  0.013157233650131  0.210661707375788  0.789493886700555  0.000000000000000  1.000000000000000  0.052337905469277  0.496890546661277  0.471719125447680 
44.0    P  0.048968574184334  0.000000000000000  0.002287519885193  0.000000000000000  0.000000000000000  0.000000000000000  0.003493769147588  0.005667782061852  0.025862400502444  0.009200959293711  0.000000000000000  0.009624984948795  0.729004689408289  0.012560171730362  0.071545260037418  0.049206748535575  0.013574096642978  0.006091444082901  0.013030172559765  0.000000000000000  0.973329374158238  0.015506318354466  0.011210543239115  0.654289035727505  0.345797657252741  0.138216331665034  0.861546159712017  0.050485048600601  0.476979775273779  0.459775023075829 
45.0    G  0.022955759894974  0.000000000000000  0.007006938747359  0.012098734810207  0.004729816734182  0.715488260011456  0.020039634418160  0.000000000000000  0.031554728049896  0.018274807250812  0.006987538295177  0.006053561960619  0.000000000000000  0.016619260513956  0.075102253095428  0.040836414184162  0.005369487092078  0.014895289770127  0.001733615893104  0.000000000000000  0.960594863953477  0.029400815859806  0.009936820365184  0.323536413620713  0.676424115525137  0.029096713119695  0.970634469769547  0.048562954299003  0.474671060475260  0.456599125005996 
46.0    T  0.038207508677877  0.019915009801863  0.021990130864459  0.027185854772145  0.022876338999150  0.004379554992299  0.019970302550048  0.039227249727583  0.030227385300435  0.034866853822655  0.019037660369925  0.011630041055989  0.014219356626264  0.046327094056339  0.007233953300995  0.067873866020143  0.558643569036110  0.010040674511479  0.005920767837931  0.000000000000000  0.987600861445373  0.008240799352094  0.003922529465777  0.111955708761356  0.888226795842405  0.333324669272800  0.666649338545599  0.048832992510770  0.489710148793463  0.441045682598588 
47.0    V  0.020137103601328  0.018300159081544  0.000000000000000  0.015271652600169  0.003809982271592  0.015799251263302  0.005186582649931  0.011280696840020  0.145289263439765  0.107469560780376  0.024416496255385  0.031489180012828  0.010694404789780  0.022577037467555  0.083852639055141  0.000000000000000  0.019791160214425  0.453445164466571  0.007075265492327  0.004089102663963  0.993781093322555  0.002060199838024  0.004201149962724  0.645281245225889  0.354780839050096  0.323536413620713  0.676424115525137  0.044718016250716  0.494485458190466  0.457232544749951 
48.0    A  0.669427628489221  0.002891432222656  0.000000000000000  0.004080608448688  0.010761328487368  0.004425327676937  0.008710673583810  0.020432364820887  0.000000000000000  0.020025748815003  0.013630667277668  0.018632951130166  0.000000000000000  0.000000000000000  0.006948898387015  0.070121467533155  0.039281667953807  0.092975860152157  0.017603425445270  0.000000000000000  0.980779003988551  0.010272990314102  0.009271381231692  0.268129154204486  0.732042847972813  0.074480160910878  0.925304428037852  0.040386025957422  0.485653747770817  0.465224828851508 
49.0    L  0.011509747545441  0.001643514613839  0.011678509754960  0.022250784306204  0.021448194238358  0.000000000000000  0.013102627881890  0.056250120612095  0.003802067867806  0.750539548757186  0.013039207518053  0.019103754338939  0.008212288352248  0.012931200251222  0.009847682746742  0.008217982650030  0.000000000000000  0.021182255106250  0.004361378757744  0.010851211998165  1.000000000000000  0.000000000000000  0.000000000000000  0.027776333786455  0.971980987981352  0.291991848653279  0.708087719107272  0.039802421103953  0.497235084336607  0.459456441739525 
50.0    R  0.011233879162867  0.045531222309313  0.010934264574962  0.006306258394568  0.001186559367095  0.009387781636929  0.048731552663208  0.007274178279924  0.163799175482295  0.017039183322895  0.014568538850576  0.003914381269842  0.024030325488598  0.068109507013333  0.524494663787473  0.019532223477894  0.001926235750964  0.002436456195145  0.007678285926135  0.011849746448238  0.980099415341871  0.006028438183824  0.013801797679398  0.333324669272800  0.666649338545599  0.407253781535108  0.592546385470791  0.039010329653175  0.496890546661277  0.471719125447680 
51.0    E  0.004671171081157  0.000000000000000  0.029811235954611  0.869344560090022  0.000000000000000  0.004038401313469  0.000000000000000  0.000000000000000  0.036727385263118  0.000000000000000  0.003436129202822  0.000000000000000  0.008015454260446  0.012551468699329  0.007360400577381  0.016504462896123  0.000000000000000  0.007463147940488  0.000000000000000  0.000000000000000  0.996540262827868  0.001619764737919  0.001521805819649  1.000000000000000  0.000000000000000  0.097125908598006  0.903126510151822  0.039719740290802  0.500000000000000  0.468785548228555 
52.0    I  0.000000000000000  0.006810611246383  0.000000000000000  0.000000000000000  0.006232384686008  0.004038401313469  0.000000000000000  0.863938187400277  0.004862789981962  0.015964376292411  0.010019817209080  0.000000000000000  0.010401965728409  0.008021012075937  0.000000000000000  0.007350203964951  0.009394291007017  0.052738487258126  0.000000000000000  0.000000000000000  0.998614666101029  0.001419895036446  0.000000000000000  0.333324669272800  0.666649338545599  0.089871033302935  0.910038824080899  0.039664715188119  0.500000000000000  0.469761374607006 
53.0    R  0.011017952816284  0.040023745666555  0.000000000000000  0.007085080694790  0.000000000000000  0.006982696580912  0.061426287409078  0.003718663705068  0.058964890680960  0.020674553748564  0.007355300504228  0.011792390379067  0.013820944302055  0.018529914053296  0.681129017320244  0.022127741222102  0.009739071830274  0.014936645587402  0.003682752093431  0.006886563733650  1.000000000000000  0.000000000000000  0.000000000000000  0.000000000000000  0.000000000000000  0.000000000000000  1.000000000000000  0.039940605100095  1.000000000000000  0.472701058375372 
54.0    R  0.023438109207591  0.015463385256488  0.001438718443180  0.010117523428550  0.059705183523902  0.000000000000000  0.082812938565325  0.001889211581277  0.264254510140345  0.030543305200338  0.005104551773020  0.024981432198515  0.021388809579560  0.055552667572911  0.308640651723385  0.029956232452906  0.014669871051804  0.004910208494226  0.001350772098644  0.043737058299850  0.985549336939371  0.000000000000000  0.014348065035952  0.000000000000000  0.000000000000000  0.117684808067651  0.882091365197176  0.039996012932635  1.000000000000000  0.472701058375372 
55.0    Y  0.006434304822403  0.008121714337307  0.007457976672967  0.019303416205108  0.107097744346071  0.000000000000000  0.020861692238999  0.008478354467827  0.003284751622085  0.159651719899424  0.006452169257310  0.002131374759873  0.000000000000000  0.025683755852964  0.000000000000000  0.002911543724217  0.000000000000000  0.000000000000000  0.000000000000000  0.622005826649234  0.976708528962227  0.009252121967607  0.014179986801831  0.521232880420561  0.478967609111348  0.000000000000000  1.000000000000000  0.040442051702589  0.490729531926740  0.463936738235641 
56.0    Q  0.006528648116577  0.000000000000000  0.000000000000000  0.024231037698344  0.000000000000000  0.000000000000000  0.007375722024611  0.000000000000000  0.031120304784202  0.000000000000000  0.008373230176065  0.013193763865997  0.014338123161115  0.843815796130018  0.025137761591935  0.006328152137750  0.007747786958893  0.011833330592789  0.000000000000000  0.000000000000000  1.000000000000000  0.000000000000000  0.000000000000000  0.000000000000000  0.000000000000000  0.281654807124320  0.718470088272032  0.041263213781719  1.000000000000000  0.445037866626248 
57.0    K  0.031730190652170  0.000000000000000  0.003833824468178  0.019064070473003  0.000000000000000  0.006707542472170  0.018879966302968  0.000000000000000  0.575544745663881  0.006688970973019  0.018110874248507  0.025207554975691  0.006939271842519  0.035109371969739  0.148033951481704  0.085436715746363  0.018684684324627  0.000000000000000  0.000000000000000  0.000000000000000  0.984866442895551  0.007254037908646  0.007763914791582  0.499653546495226  0.500346693731290  0.000000000000000  1.000000000000000  0.040134869030920  0.493116352246680  0.460732093099352 
58.0    S  0.023683071351725  0.002135811440400  0.005945442893904  0.006820059305733  0.018594245254792  0.041868237575870  0.025790794016021  0.004331252514074  0.010554485035435  0.007114608074937  0.003611965930132  0.031686233743438  0.014101573866600  0.010716666317114  0.022297101651842  0.657927262514504  0.109727724701190  0.002960383918966  0.000000000000000  0.000000000000000  0.995849753094458  0.004259795830724  0.000000000000000  0.125000000000000  0.874784764905822  0.312515575646302  0.687770909069872  0.040246300922182  0.498270131413934  0.450000964896756 
59.0    T  0.017627845897758  0.002174651598103  0.017861536490844  0.049652150006007  0.004785880202753  0.020489093972119  0.009772883438385  0.015733680469636  0.000000000000000  0.000000000000000  0.006920058742987  0.008425628372613  0.042955896736626  0.009433442120988  0.006968191557969  0.056759276107594  0.668037039195050  0.049652150006007  0.009074286968170  0.003547454756725  0.982820598545251  0.000000000000000  0.017337023001060  0.000000000000000  0.000000000000000  0.000000000000000  1.000000000000000  0.039940605100095  1.000000000000000  0.465547409915115 
60.0    E  0.017193415771346  0.015854102290326  0.160762185428825  0.368311921454120  0.003462428512480  0.060875266783953  0.042130241616783  0.000000000000000  0.083388948104861  0.003952551566511  0.005916665296394  0.099995016041594  0.006768256690626  0.047267749915124  0.030227385300435  0.025488671666844  0.012499377005199  0.011125392153102  0.000000000000000  0.004832548744872  0.990342871933025  0.000000000000000  0.009532035236502  0.000000000000000  0.000000000000000  0.131305568001344  0.868742185150623  0.040666932982560  1.000000000000000  0.448755025333631 
61.0    L  0.021990130864459  0.007183984735560  0.006125316047467  0.004443770421377  0.090245574720156  0.006108356586942  0.006867496569623  0.018840747307668  0.006323767316777  0.721464343430814  0.021021362633154  0.011048543456040  0.017062821027276  0.000000000000000  0.014179986801831  0.016153605253874  0.023067412588794  0.007593601468604  0.000000000000000  0.000000000000000  0.999307092990453  0.000000000000000  0.000842520844280  0.142892291926755  0.857376036634172  0.347720492927497  0.652477473844479  0.040107059298841  0.490049707670935  0.446273485736488 
62.0    L  0.018110874248507  0.011678509754960  0.000000000000000  0.006345721846533  0.037996227599472  0.000000000000000  0.010301512613222  0.123621364547616  0.000000000000000  0.723969086189780  0.022860487823505  0.000000000000000  0.005154327776457  0.000000000000000  0.001583134999776  0.013415084944340  0.000000000000000  0.024981432198515  0.000000000000000  0.000000000000000  0.998614666101029  0.000000000000000  0.001131929640532  0.000000000000000  0.000000000000000  0.327598350964591  0.672217497076313  0.039118639332937  1.000000000000000  0.463615273217731 
63.0    I  0.000000000000000  0.009485897534336  0.000000000000000  0.001984511998035  0.071149626817180  0.000000000000000  0.009854511006494  0.673616788432845  0.000000000000000  0.138696184008481  0.019791160214425  0.011509747545441  0.004799167892366  0.002638621258859  0.014508075817293  0.000000000000000  0.007993261482300  0.027337023903307  0.000000000000000  0.006606033495137  0.985549336939371  0.014508075817293  0.000000000000000  0.146706022285169  0.853226098112067  0.000000000000000  1.000000000000000  0.037943590137345  0.485317234884773  0.474671060475260 
64.0    R  0.030416542942445  0.022749836703111  0.006987538295177  0.009638337264137  0.006688970973019  0.001894456856136  0.028144561870248  0.000000000000000  0.019024469041609  0.085852264589351  0.000000000000000  0.003695537682522  0.316439148492570  0.032622247731929  0.386891248385597  0.037629293163482  0.011327709631866  0.000000000000000  0.000000000000000  0.000000000000000  0.996540262827868  0.000000000000000  0.003786288347403  0.000000000000000  0.000000000000000  0.159320078414908  0.840896415253715  0.038234001285371  1.000000000000000  0.462331639056850 
65.0    K  0.028517671516983  0.005332397335489  0.005132936043552  0.009793226722193  0.019846109102169  0.000000000000000  0.013313188985545  0.006146581604325  0.660211420507500  0.004224510794858  0.000000000000000  0.002673601197445  0.015690117863109  0.043194756454018  0.138216331665034  0.009978232493714  0.010216182410443  0.027450952132449  0.000000000000000  0.000000000000000  1.000000000000000  0.000000000000000  0.000000000000000  0.000000000000000  0.000000000000000  0.000000000000000  1.000000000000000  0.038154578520910  1.000000000000000  0.464258426153364 
66.0    L  0.208916739730463  0.000000000000000  0.001898400367151  0.033866436463899  0.010452559021767  0.017409275794052  0.000000000000000  0.058720171825876  0.014608987464866  0.519789717587639  0.018607138271328  0.006104124063846  0.005132936043552  0.010216182410443  0.024569290379385  0.036372704200067  0.025225033578274  0.006284440397984  0.000000000000000  0.001664148623193  0.996540262827868  0.003419497381618  0.000000000000000  0.500000000000000  0.500000000000000  0.000000000000000  1.000000000000000  0.038101721689884  0.498270131413934  0.464258426153364 
67.0    P  0.032262454233851  0.014437852694482  0.010459806695144  0.006083005398919  0.000000000000000  0.005459558483793  0.003781043073804  0.052265399994629  0.000000000000000  0.029137077701151  0.000000000000000  0.002436456195145  0.690637224071928  0.008396477912934  0.038875364165577  0.068678388598555  0.019290040732712  0.014121136355486  0.000000000000000  0.003844468836070  0.991029563264079  0.008668511500530  0.000000000000000  1.000000000000000  0.000000000000000  0.000000000000000  1.000000000000000  0.038181034427297  0.495514781632040  0.464258426153364 
68.0    F  0.009658400475945  0.000000000000000  0.000000000000000  0.000000000000000  0.926588061890371  0.000000000000000  0.000000000000000  0.003781043073804  0.000000000000000  0.036752851571593  0.005859527301898  0.000000000000000  0.000000000000000  0.000000000000000  0.000000000000000  0.005999258866024  0.003081823597080  0.004739662344721  0.000000000000000  0.003844468836070  1.000000000000000  0.000000000000000  0.000000000000000  0.000000000000000  0.000000000000000  0.441351498145327  0.558643569036110  0.038181034427297  1.000000000000000  0.464258426153364 
69.0    Q  0.138600080450384  0.025612643988672  0.009978232493714  0.023260082111977  0.012421644546078  0.024030325488598  0.018491422214884  0.037838533873455  0.017241152188156  0.002161127642758  0.014751444049223  0.006601456128223  0.023019495090883  0.398596238270268  0.046262915562502  0.119741902277837  0.041263213781719  0.033889919026346  0.006297522121039  0.000000000000000  0.997231251352069  0.002596888883167  0.000000000000000  0.333324669272800  0.666649338545599  0.068015152604425  0.931740429304773  0.037812315288103  0.498961359499525  0.480963727332387 
70.0    R  0.028144561870248  0.019383864026803  0.027603595358796  0.003351447384487  0.000000000000000  0.022250784306204  0.053846634982001  0.000000000000000  0.027814866664141  0.006721504926652  0.005616939581433  0.000000000000000  0.000000000000000  0.024416496255385  0.697855382061083  0.040582456335309  0.018023212579063  0.006721504926652  0.001977646108106  0.015646675870490  0.980779003988551  0.000000000000000  0.019545766876770  0.000000000000000  0.000000000000000  0.000000000000000  1.000000000000000  0.037629293163482  1.000000000000000  0.482299092292069 
71.0    L  0.007593601468604  0.012208248127692  0.002625849597954  0.007683609953330  0.028996046139728  0.010180837104401  0.003188293149027  0.022452190258501  0.000000000000000  0.763129604480280  0.010054603494541  0.000000000000000  0.000000000000000  0.017015578364627  0.000000000000000  0.014802657353114  0.001721640933412  0.092654188112677  0.000000000000000  0.005835208816845  0.985549336939371  0.008384845987449  0.006219438271709  0.604577837916681  0.395294558301972  0.511214265304961  0.489031736723670  0.037499105699163  0.477310507069858  0.462652214018926 
72.0    V  0.062283766426742  0.015271652600169  0.000000000000000  0.000000000000000  0.000000000000000  0.016527358806538  0.000000000000000  0.071051060827251  0.000000000000000  0.025102937398657  0.007006938747359  0.000000000000000  0.017062821027276  0.010664794670978  0.008992886650998  0.025190088484155  0.000000000000000  0.734584316639154  0.006385432253815  0.000000000000000  0.984866442895551  0.010373165299863  0.004726539411013  0.205612517178116  0.794434400096105  0.000000000000000  1.000000000000000  0.037759932605936  0.491751037013124  0.473356815618357 
73.0    R  0.033609199701793  0.038260512262506  0.016367751985934  0.000000000000000  0.000000000000000  0.008379036068890  0.020446532366485  0.000000000000000  0.119493164699218  0.011454037165541  0.000000000000000  0.000000000000000  0.002887426623582  0.068821349881123  0.630251695791493  0.014874654820274  0.001451741195733  0.011359160291565  0.015865095326085  0.006315006787543  0.981459063853479  0.014397877909355  0.004224510794858  0.287572973337651  0.712518807074392  0.360232437209480  0.639936206922154  0.037655384843587  0.491751037013124  0.469761374607006 
74.0    E  0.010896434893363  0.002777494942553  0.028915763376183  0.782954296256543  0.000000000000000  0.011071542160220  0.004508927412175  0.000000000000000  0.043828101582575  0.000000000000000  0.002411255091589  0.006615197752832  0.006867496569623  0.016746460352130  0.024826075003003  0.042836962655616  0.009290680585959  0.003039395220920  0.000000000000000  0.002248221662750  0.968618189226628  0.000000000000000  0.031358492140922  0.000000000000000  0.000000000000000  0.276241121199978  0.723969086189780  0.037629293163482  1.000000000000000  0.475329550614909 
75.0    I  0.002107867649423  0.004927255503247  0.004742948767168  0.000000000000000  0.018827692421794  0.000000000000000  0.000000000000000  0.742261785314525  0.000000000000000  0.061725053840336  0.006456643110580  0.000000000000000  0.000000000000000  0.000000000000000  0.000000000000000  0.024654588776640  0.019437682082789  0.114943755768957  0.000000000000000  0.000000000000000  0.992404374685819  0.004259795830724  0.003370083377120  0.242154547306657  0.757858283255199  0.326238736922239  0.673616788432845  0.040246300922182  0.497924876547229  0.454074208860755 
76.0    A  0.376311686852767  0.062370169937441  0.034650020112596  0.014199658069508  0.000000000000000  0.013303964183577  0.001366783071870  0.036397924577139  0.000000000000000  0.058598193528569  0.044409126349417  0.021418481327808  0.026497498894786  0.010467059393968  0.004982204654994  0.070170088879601  0.138696184008481  0.073658712988230  0.006796463693036  0.005628631831398  0.978063473447339  0.003335225446841  0.018568486016515  1.000000000000000  0.000000000000000  0.044071811265137  0.955945317593742  0.038687196588670  0.497924876547229  0.465870214652387 
77.0    Q  0.032307210507749  0.009618315729257  0.031012636708932  0.097733705391074  0.005558841645448  0.026886019706607  0.039609766313576  0.020446532366485  0.027969533466499  0.073812041339346  0.033984012214215  0.038983299122314  0.014052786127309  0.400257405328151  0.039554893561571  0.033749267494778  0.023260082111977  0.038983299122314  0.002103489016002  0.010230354867840  0.942131273904809  0.005656008485858  0.052012420919470  0.264254510140345  0.735603372927869  0.127892183716804  0.872362705770759  0.039637231228933  0.495858365369147  0.449689156073876 
78.0    D  0.038875364165577  0.000000000000000  0.310141824428847  0.173258735706302  0.019901210551977  0.020193012978711  0.007432174033842  0.016030908520893  0.099580012035698  0.012665079998208  0.010510681316577  0.048630323534714  0.004726539411013  0.054447137008891  0.039637231228933  0.079549683454746  0.042101049277053  0.011833330592789  0.004684140288247  0.005766853147199  0.930449657703015  0.020347565462016  0.049309177553279  0.457232544749951  0.542990928161147  0.235696133979560  0.764188260382583  0.041492661199451  0.481630947010074  0.407536166201313 
79.0    F  0.011249463425896  0.055706905993561  0.000000000000000  0.040582456335309  0.386355274823994  0.004775938584735  0.026700304402804  0.092911436526938  0.009024107691825  0.104675810938553  0.030311309698179  0.033632503899494  0.000000000000000  0.011800567074710  0.005354620331952  0.020645912588410  0.005671712030875  0.044409126349417  0.016198454703433  0.099925728794059  0.802181166352486  0.181369025979272  0.016619260513956  0.470413053756894  0.529609167341938  0.055591187096119  0.944092419150250  0.048495678392179  0.326691313473293  0.400257405328151 
80.0    K  0.036347501298370  0.007094909513449  0.027242444985533  0.053586002289636  0.018710604759671  0.081108672933699  0.017133931071686  0.023633874957562  0.343885454534936  0.030437633391976  0.010394758133443  0.049790006017849  0.003642134712644  0.025330159996416  0.067311648512066  0.109727724701190  0.066523136403335  0.007625248131064  0.004799167892366  0.015788303851356  0.817902058557781  0.176531800548094  0.005609158244623  0.470413053756894  0.529609167341938  0.540737381741809  0.459456441739525  0.047202268298838  0.329191730514811  0.388234437500520 
81.0    T  0.066430979647410  0.002147687791630  0.036021448337465  0.080884103405178  0.001863202247163  0.064838746035351  0.062803988776487  0.019600034445641  0.022624033943431  0.022081775685668  0.003142220198992  0.024929538744032  0.073454770526236  0.026205255763779  0.063636574985289  0.089871033302935  0.279709275258928  0.048900736358532  0.005827125104264  0.004886441719192  0.950000382874886  0.036600318163088  0.013139006488339  0.356012548899268  0.643940814754913  0.327598350964591  0.672217497076313  0.039527485698561  0.444113397921202  0.426908857195622 
82.0    D  0.029116888415774  0.000000000000000  0.390122740086852  0.101813445383777  0.000000000000000  0.044347604881262  0.033123524481165  0.018161157929971  0.032509383328812  0.007055675860561  0.010075533208249  0.121834953861444  0.056641371141708  0.022971677131079  0.013696964395563  0.039010329653175  0.042423280621250  0.034078366645789  0.000000000000000  0.002980975017501  0.927873476471283  0.059128602920350  0.012895397008010  0.377356492130140  0.622437117691085  0.346757742282846  0.653382626946587  0.040554336466849  0.385285554179204  0.436483795566881 
83.0    L  0.000000000000000  0.022250784306204  0.003879267560301  0.005421846558655  0.142200653484063  0.003410029652866  0.059457392270737  0.058924033494890  0.000000000000000  0.444729496768949  0.045091521464426  0.017193415771346  0.015744590006414  0.000000000000000  0.009806812431896  0.009074286968170  0.011719054603795  0.052048485680034  0.002925704950047  0.096054698830501  0.969961910341735  0.027988927190339  0.002161127642758  0.537374586427751  0.462331639056850  0.422786143688758  0.577142708758419  0.039912929974856  0.443498152576075  0.442576882289773 
84.0    R  0.004756117260402  0.027930786323650  0.002754488204071  0.003611965930132  0.016723260912916  0.010209103546040  0.033008925792246  0.003557304037469  0.048832992510770  0.004622855553721  0.004030012419146  0.013443009853304  0.004530858025412  0.069830446129514  0.671751712860648  0.030670595745421  0.000000000000000  0.017985773301996  0.020617311105826  0.011296346051139  0.993092495437036  0.007080171392714  0.000000000000000  0.330563651285644  0.669427628489221  0.232451235653290  0.767373048000443  0.040051497630006  0.492092011016900  0.464902471306581 
85.0    F  0.000000000000000  0.004968410182592  0.000000000000000  0.000000000000000  0.504875648798343  0.000000000000000  0.000000000000000  0.128069602879100  0.000000000000000  0.016176014435022  0.016243428674614  0.000000000000000  0.000000000000000  0.000000000000000  0.002857560977938  0.016435965300061  0.006555856539895  0.040695130924032  0.235859562723840  0.027355979052946  1.000000000000000  0.000000000000000  0.000000000000000  0.000000000000000  0.000000000000000  0.334713814244611  0.665264520540343  0.040330077826618  1.000000000000000  0.473356815618357 
86.0    Q  0.021182255106250  0.000000000000000  0.006651982091789  0.027167017502813  0.000000000000000  0.003510762213324  0.015250496262129  0.000000000000000  0.019263317585372  0.002317845307923  0.000000000000000  0.012430257558671  0.000000000000000  0.580754365962861  0.101320639985664  0.044594203303684  0.156366135014158  0.002041718945713  0.003865846314122  0.003448058579260  0.991716730738293  0.000000000000000  0.008155561932982  0.000000000000000  0.000000000000000  0.000000000000000  1.000000000000000  0.039554893561571  1.000000000000000  0.482968164462423 
87.0    S  0.168170901065228  0.018287478773040  0.010481579881893  0.038340155539181  0.003045722041450  0.031380235726218  0.050380176968310  0.008949358577967  0.047464740306704  0.011654250208527  0.008355836624103  0.008054439990584  0.055092509869198  0.015176679617838  0.035723072981689  0.381300413314071  0.047927583114784  0.040723348417603  0.000000000000000  0.019505164826588  0.996540262827868  0.000000000000000  0.003547454756725  0.000000000000000  0.000000000000000  0.131396613635963  0.868742185150623  0.039390730986968  1.000000000000000  0.473028823362798 
88.0    S  0.141610485661975  0.000000000000000  0.060203868376259  0.115103212150630  0.010731533073669  0.063372467486877  0.022671128247409  0.007525483547032  0.015603354157829  0.012717862266726  0.016435965300061  0.019024469041609  0.038660389958974  0.088756709908964  0.029137077701151  0.276816146121071  0.066985841408518  0.009604991150426  0.000000000000000  0.005150756306611  1.000000000000000  0.000000000000000  0.000000000000000  0.000000000000000  0.000000000000000  0.000000000000000  1.000000000000000  0.041781265481410  1.000000000000000  0.472373520498603 
89.0    A  0.761016690419679  0.021959667190730  0.005916665296394  0.003513196531827  0.000000000000000  0.016921485086343  0.005888026990462  0.005966083976409  0.000000000000000  0.000000000000000  0.003445669395301  0.000000000000000  0.002843729587889  0.000000000000000  0.026886019706607  0.051403129294529  0.026589491547079  0.059912464905811  0.000000000000000  0.007785470803343  0.996540262827868  0.003794169904460  0.000000000000000  0.075519865211871  0.924663278113700  0.417254640577705  0.582770599067280  0.041897268486885  0.485317234884773  0.472373520498603 
90.0    V  0.000000000000000  0.000000000000000  0.012115518849172  0.000000000000000  0.015061403245948  0.000000000000000  0.005843303743603  0.320856474390726  0.000000000000000  0.419284092220466  0.036246864203295  0.006336930902946  0.000000000000000  0.000000000000000  0.000000000000000  0.015134659206666  0.018300159081544  0.144185700632503  0.000000000000000  0.006810611246383  0.982820598545251  0.006810611246383  0.010202029586632  1.000000000000000  0.000000000000000  0.154534407615119  0.845572287377516  0.041521431690516  0.497235084336607  0.484644908467533 
91.0    L  0.052921582022658  0.006862738033112  0.090558884659680  0.134250558952516  0.024399577893981  0.105476974516252  0.013350152201402  0.041291825176821  0.016909760070714  0.175799149989140  0.115903818304433  0.026979361205450  0.010365977660915  0.032128557083002  0.007006938747359  0.044842172956459  0.023486898094774  0.052012420919470  0.023454360898662  0.001992782537595  1.000000000000000  0.000345027745089  0.000000000000000  1.000000000000000  0.000000000000000  0.260977981855430  0.739181215636921  0.042101049277053  0.500000000000000  0.479299719246488 
92.0    A  0.664803554090857  0.029687511964840  0.003974530047276  0.000000000000000  0.000000000000000  0.005875795903862  0.017960857000542  0.021522656974737  0.000000000000000  0.049721030234682  0.023650262390150  0.007609408347994  0.023930593704600  0.000000000000000  0.020832791829550  0.054598305994793  0.022939853688033  0.052994997789572  0.000000000000000  0.000000000000000  1.000000000000000  0.000000000000000  0.000000000000000  0.000000000000000  0.000000000000000  0.000000000000000  1.000000000000000  0.041492661199451  1.000000000000000  0.485317234884773 
93.0    L  0.019209982300853  0.014498023069864  0.000000000000000  0.000000000000000  0.014588749139302  0.000000000000000  0.007609408347994  0.108217070689957  0.000000000000000  0.761544369851631  0.032106294980593  0.000000000000000  0.013696964395563  0.000000000000000  0.007254037908646  0.009335868787944  0.000000000000000  0.011743449047387  0.000000000000000  0.000000000000000  1.000000000000000  0.000000000000000  0.000000000000000  0.000000000000000  0.000000000000000  0.000000000000000  1.000000000000000  0.041492661199451  1.000000000000000  0.485317234884773 
94.0    Q  0.000000000000000  0.012149156810665  0.000000000000000  0.013396500572409  0.000000000000000  0.006820059305733  0.045185384204555  0.000000000000000  0.014288517023436  0.007041019239147  0.000000000000000  0.000000000000000  0.001779885313744  0.827596816078205  0.038287041622021  0.010987446874321  0.019915009801863  0.000000000000000  0.002391282016407  0.000000000000000  1.000000000000000  0.000000000000000  0.000000000000000  0.000000000000000  0.000000000000000  0.000000000000000  1.000000000000000  0.041550222130679  1.000000000000000  0.485317234884773 
95.0    E  0.019559319666469  0.009150079540772  0.014258835758491  0.615999036722878  0.017385158134138  0.018710604759671  0.022189177477241  0.000000000000000  0.044966674375338  0.014812921330135  0.002404578932314  0.000000000000000  0.000000000000000  0.012040173568100  0.026350972195316  0.034482304376311  0.053697547184199  0.081052472165688  0.000000000000000  0.013075410041928  0.996540262827868  0.003721242179859  0.000000000000000  1.000000000000000  0.000000000000000  0.143388378028271  0.856781954768570  0.041550222130679  0.499653546495226  0.485317234884773 
96.0    A  0.643494623650635  0.006900898839699  0.000000000000000  0.010724097119179  0.000000000000000  0.004431466738031  0.007070362991273  0.051868411599374  0.000000000000000  0.022514527325593  0.013230395505664  0.000000000000000  0.020861692238999  0.012499377005199  0.009840859218339  0.074480160910878  0.073607674349686  0.048394939240826  0.000000000000000  0.000000000000000  0.996540262827868  0.000000000000000  0.003601965304346  0.000000000000000  0.000000000000000  0.000000000000000  1.000000000000000  0.041984482053791  1.000000000000000  0.487677730763821 
97.0    S  0.375269774378593  0.020963159763785  0.000000000000000  0.000000000000000  0.016898043179432  0.004143311489720  0.012242143546083  0.004077780966491  0.005679580145782  0.011638105180646  0.000000000000000  0.006036801169125  0.011565728890625  0.006987538295177  0.013564691056266  0.310356872881528  0.123792858991628  0.076893209046947  0.000000000000000  0.000000000000000  1.000000000000000  0.000000000000000  0.000000000000000  0.000000000000000  0.000000000000000  0.000000000000000  1.000000000000000  0.042130241616783  1.000000000000000  0.482968164462423 
98.0    E  0.012107123921237  0.000000000000000  0.000000000000000  0.880259013563151  0.000000000000000  0.003030979899511  0.000000000000000  0.000000000000000  0.020109206989082  0.000000000000000  0.002679166579279  0.013878543685038  0.008795613954193  0.008223680896167  0.045594385757505  0.005493723437161  0.000000000000000  0.000000000000000  0.000000000000000  0.000000000000000  0.991716730738293  0.000000000000000  0.008263679403269  0.000000000000000  0.000000000000000  0.075154328056136  0.924663278113700  0.042013593567270  1.000000000000000  0.482968164462423 
99.0    A  0.492774668469685  0.018338252785646  0.083794536973771  0.019887420863687  0.036121459579837  0.008419790195654  0.010919116967586  0.014140725982545  0.012267626854275  0.033192474577980  0.053996136712517  0.007850498597061  0.042777619159120  0.009137403625406  0.000000000000000  0.075050214217826  0.029956232452906  0.031796240378209  0.000000000000000  0.019640833976904  0.976031760776225  0.015356571852270  0.008680536942618  1.000000000000000  0.000000000000000  0.115342811581725  0.884540435331541  0.042777619159120  0.490389501994276  0.478304079045937 
100.0    Y  0.000000000000000  0.015155654849090  0.001094130091986  0.012638771068152  0.184795303909230  0.000000000000000  0.040414029121484  0.046359216682535  0.000000000000000  0.022797192878753  0.039637231228933  0.012568880795967  0.025988190574216  0.005679580145782  0.012327294388320  0.000000000000000  0.064034801439550  0.020948634243443  0.004149059322248  0.491410299272626  1.000000000000000  0.000000000000000  0.000000000000000  0.000000000000000  0.000000000000000  0.476318999021969  0.523768063549899  0.042896388476716  1.000000000000000  0.470739232270603 
101.0    L  0.007845058931554  0.000000000000000  0.000000000000000  0.000000000000000  0.001893144173701  0.000000000000000  0.000000000000000  0.077966598244628  0.005562696076551  0.722966147272874  0.053586002289636  0.000000000000000  0.010888884677246  0.000000000000000  0.016447361792335  0.006389859832483  0.017050998078983  0.044439919080852  0.034963659407366  0.000000000000000  0.993092495437036  0.000000000000000  0.006829520471956  0.000000000000000  0.000000000000000  0.000000000000000  1.000000000000000  0.042188687035086  1.000000000000000  0.485653747770817 
102.0    V  0.034794425569646  0.029605314706227  0.000000000000000  0.000000000000000  0.009964409309989  0.007715631730042  0.003501041795193  0.078074757853336  0.000000000000000  0.019209982300853  0.003498615898792  0.003479269142995  0.003705798106017  0.003823209571865  0.011662331119507  0.020347565462016  0.138792354203580  0.618995145418723  0.008531410513638  0.004189518034445  0.986916545885842  0.008974205898414  0.003783664801667  1.000000000000000  0.000000000000000  0.404440674180870  0.595428424682484  0.042688758023575  0.495514781632040  0.476649272644080 
103.0    G  0.034939432842683  0.022671128247409  0.043465061615937  0.049036506118547  0.000000000000000  0.259714775824416  0.078400137782562  0.022530138616566  0.036146505747040  0.013602352551502  0.003266587499664  0.030969673852002  0.000000000000000  0.110261420649647  0.054033576956742  0.127626515713399  0.085023178275372  0.014033318326311  0.014298424501999  0.000000000000000  0.994470168673214  0.000000000000000  0.005679580145782  0.500000000000000  0.500000000000000  0.349654020684615  0.650220073274240  0.042335155546418  0.496202187342909  0.484309094613314 
104.0    L  0.000000000000000  0.008561029425373  0.000000000000000  0.025826572442319  0.048866852695537  0.000000000000000  0.011117683290895  0.036271997324491  0.000000000000000  0.676424115525137  0.055283777208221  0.000000000000000  0.002192815277488  0.007817917089551  0.052012420919470  0.006232384686008  0.009957504900932  0.043919334381460  0.008820034412548  0.006555856539895  0.983502074026248  0.000000000000000  0.016504462896123  0.000000000000000  0.000000000000000  0.439215234119181  0.560971740265242  0.042305821220389  1.000000000000000  0.486327473706143 
105.0    F  0.000000000000000  0.000000000000000  0.000000000000000  0.000000000000000  0.708578698254108  0.000000000000000  0.000000000000000  0.000000000000000  0.013668511951653  0.158878961163208  0.063504383937106  0.000000000000000  0.012048522073500  0.000000000000000  0.012490716099257  0.018632951130166  0.000000000000000  0.000000000000000  0.000000000000000  0.012140738574751  0.993092495437036  0.004869535915137  0.001926235750964  0.500000000000000  0.500000000000000  0.000000000000000  1.000000000000000  0.043434944370073  0.496202187342909  0.481297221550876 
106.0    E  0.039418044025977  0.010776257201774  0.008525499039492  0.637722195839272  0.000000000000000  0.046552420722584  0.001413022349483  0.000000000000000  0.107172004579271  0.000000000000000  0.002536403520957  0.003035184643688  0.001547333615088  0.049206748535575  0.017923547253534  0.047761766273911  0.018363692631559  0.003952551566511  0.003991094073103  0.000000000000000  0.997231251352069  0.001408133663535  0.001203957349086  0.250000000000000  0.750019494642909  0.808320868805567  0.191843262000111  0.043585739573450  0.500000000000000  0.478304079045937 
107.0    D  0.021990130864459  0.038393343138927  0.582770599067280  0.026867390195094  0.000000000000000  0.014936645587402  0.039445376003504  0.018645870984871  0.036931610841699  0.043555538708983  0.019709022012988  0.025347723611783  0.000000000000000  0.010430846119499  0.018427446754082  0.011899130778932  0.012931200251222  0.012958117903351  0.000000000000000  0.064928693956104  0.995159721820083  0.000000000000000  0.004999501616579  0.000000000000000  0.000000000000000  0.000000000000000  1.000000000000000  0.044071811265137  1.000000000000000  0.494485458190466 
108.0    T  0.300617312224544  0.033842970172685  0.031445556984306  0.000000000000000  0.003303016747568  0.025844480263852  0.000000000000000  0.012744335833422  0.027661055143111  0.011517728260087  0.002090407614115  0.019223302261737  0.008656502717695  0.012157580883678  0.003520509619574  0.170873431492726  0.325561047392257  0.010926688146394  0.000000000000000  0.000000000000000  1.000000000000000  0.000000000000000  0.000000000000000  0.000000000000000  0.000000000000000  0.000000000000000  1.000000000000000  0.044255482444204  1.000000000000000  0.490049707670935 
109.0    N  0.012994095287108  0.000000000000000  0.006492545793700  0.001940978697896  0.003716087016921  0.028557232819669  0.008298118644495  0.027584468634083  0.006661210091937  0.033889919026346  0.032061817041786  0.462973011263662  0.029400815859806  0.056956330039821  0.006867496569623  0.057551606075315  0.026387527731993  0.073556671076173  0.000000000000000  0.124222636665319  0.989656656415207  0.001995547036551  0.008662505028149  0.142892291926755  0.857376036634172  0.000000000000000  1.000000000000000  0.044255482444204  0.498961359499525  0.490049707670935 
110.0    L  0.037838533873455  0.008759109984598  0.000000000000000  0.015271652600169  0.003199362101015  0.000000000000000  0.010941846256931  0.042688758023575  0.065425642623411  0.615999036722878  0.046198825977308  0.007817917089551  0.025400487562010  0.011280696840020  0.034866853822655  0.017701310707747  0.031973045929201  0.010664794670978  0.002642281701270  0.011493802701998  0.949342120950519  0.045091521464426  0.005347202394890  0.148033951481704  0.852044095074866  0.483638164806966  0.516557193842066  0.044409126349417  0.460412848602520  0.483973513446869 
111.0    C  0.061426287409078  0.526315577354719  0.003103259375375  0.000000000000000  0.014588749139302  0.027546254934599  0.000000000000000  0.036021448337465  0.000000000000000  0.149996422796652  0.022718320583130  0.003161883658388  0.000000000000000  0.000000000000000  0.022390025787080  0.017301009132567  0.051083458030518  0.047530586038782  0.000000000000000  0.016874633747389  0.994470168673214  0.000000000000000  0.005730989625654  0.000000000000000  0.000000000000000  0.374749900438887  0.625031151292605  0.044132950137024  1.000000000000000  0.486664687079119 
112.0    A  0.571173123424273  0.029360085912938  0.000000000000000  0.000000000000000  0.003698100122018  0.001585331212846  0.012259126529637  0.040498155169792  0.009368280576493  0.000000000000000  0.060037178997092  0.000000000000000  0.012868609644806  0.000000000000000  0.000000000000000  0.105112051906714  0.127096834161495  0.026774436086518  0.000000000000000  0.000000000000000  0.966606097064973  0.033516144275561  0.000000000000000  0.270556161131429  0.729510172120088  0.103163176064082  0.896888159662015  0.044010757091003  0.470739232270603  0.488354264481114 
113.0    I  0.048832992510770  0.002933827982307  0.011033237534256  0.002915582779877  0.010337276874282  0.000000000000000  0.015506318354466  0.406689599066063  0.030437633391976  0.171585553906864  0.023486898094774  0.024180703024100  0.023781771575615  0.027204705103004  0.032622247731929  0.024382671255428  0.069252021741558  0.039968299414920  0.000000000000000  0.034770316268276  1.000000000000000  0.000000000000000  0.000000000000000  0.000000000000000  0.000000000000000  0.000000000000000  1.000000000000000  0.045122787360078  1.000000000000000  0.489710148793463 
114.0    H  0.013443009853304  0.000000000000000  0.001912930268724  0.008555097428075  0.016064278541501  0.011792390379067  0.786762445353566  0.000000000000000  0.003914381269842  0.007385954037115  0.006968191557969  0.009036626436760  0.008229383093397  0.012430257558671  0.035624164771671  0.022608357591727  0.009779659833234  0.007494250932229  0.000000000000000  0.038101721689884  1.000000000000000  0.000000000000000  0.000000000000000  0.000000000000000  0.000000000000000  0.000000000000000  1.000000000000000  0.045091521464426  1.000000000000000  0.489710148793463 
115.0    A  0.599985691186608  0.039145763707004  0.007494250932229  0.011792390379067  0.000000000000000  0.077160162930846  0.039940605100095  0.003120515298629  0.000000000000000  0.008195229121679  0.003927971017182  0.002948097594767  0.017445515030978  0.016019800592009  0.071100326742032  0.045373696246997  0.032622247731929  0.010012874407502  0.000000000000000  0.013706461698950  1.000000000000000  0.000000000000000  0.000000000000000  0.000000000000000  0.000000000000000  0.000000000000000  1.000000000000000  0.045091521464426  1.000000000000000  0.489710148793463 
116.0    K  0.016288527513143  0.000000000000000  0.023438109207591  0.003535181495636  0.000000000000000  0.086210057614191  0.024964122389036  0.004077780966491  0.563309614248640  0.000000000000000  0.000000000000000  0.058072542140682  0.010216182410443  0.025772923394065  0.096121301954392  0.078400137782562  0.009598335784732  0.000000000000000  0.000000000000000  0.000000000000000  0.994470168673214  0.000000000000000  0.005774853247163  0.000000000000000  0.000000000000000  0.000000000000000  1.000000000000000  0.046134825177589  1.000000000000000  0.489710148793463 
117.0    R  0.021687386234619  0.060203868376259  0.000000000000000  0.016933218231950  0.000000000000000  0.006146581604325  0.036982844429768  0.020165038913309  0.008943157504677  0.005831165559754  0.000000000000000  0.000000000000000  0.006185045827119  0.005482311429840  0.782411781736511  0.019491649561157  0.000000000000000  0.000000000000000  0.000000000000000  0.009394291007017  0.982139595263391  0.017861536490844  0.000000000000000  0.457866843209063  0.542238704421532  0.258278596921033  0.741747466920561  0.045879707376066  0.483638164806966  0.485317234884773 
118.0    V  0.045911519789947  0.004397806977097  0.014508075817293  0.038580081465423  0.000000000000000  0.000000000000000  0.013499034178129  0.083446768955994  0.027489033622576  0.028340322779161  0.006099894473495  0.000000000000000  0.000000000000000  0.007468322793701  0.000000000000000  0.016734856612366  0.015345931175990  0.698339266233699  0.000000000000000  0.000000000000000  0.997922718999051  0.000000000000000  0.002086065250093  0.000000000000000  0.000000000000000  0.337977708257031  0.662044455197699  0.045154074935110  1.000000000000000  0.489710148793463 
119.0    T  0.000000000000000  0.000000000000000  0.010202029586632  0.005810991259510  0.000000000000000  0.000000000000000  0.018555619782397  0.037838533873455  0.016131227116926  0.012560171730362  0.018060729789919  0.015474107373954  0.021403640311962  0.000000000000000  0.034078366645789  0.003159692767038  0.804408370941916  0.002211130668185  0.000000000000000  0.000000000000000  0.990342871933025  0.009381276777228  0.000000000000000  1.000000000000000  0.000000000000000  0.186468003336433  0.813379198132126  0.045943354262158  0.497235084336607  0.492092011016900 
120.0    I  0.000000000000000  0.000000000000000  0.000000000000000  0.000000000000000  0.005547294369310  0.000000000000000  0.018555619782397  0.426908857195622  0.010202029586632  0.377618146390706  0.005258984645612  0.008967987608242  0.000000000000000  0.000000000000000  0.000000000000000  0.018581361171918  0.005924873224119  0.122597375498569  0.000000000000000  0.000000000000000  1.000000000000000  0.000000000000000  0.000000000000000  0.000000000000000  0.000000000000000  0.000000000000000  1.000000000000000  0.046070913040347  1.000000000000000  0.494142825750366 
121.0    M  0.017003788151106  0.022127741222102  0.012824087637664  0.050765774772265  0.052048485680034  0.000000000000000  0.007551610133320  0.023699492896476  0.043224707156593  0.021035938582450  0.437089310205187  0.042659178683911  0.000000000000000  0.073556671076173  0.023914012028479  0.010964622859680  0.137356777197110  0.005104551773020  0.000000000000000  0.019064070473003  1.000000000000000  0.000000000000000  0.000000000000000  0.000000000000000  0.000000000000000  0.749499800877774  0.250520401269908  0.046070913040347  1.000000000000000  0.494142825750366 
122.0    P  0.076468002570742  0.000000000000000  0.020574483157176  0.017325010056298  0.000000000000000  0.012788580962356  0.001215697495490  0.018211581220852  0.051189793616239  0.044904380517002  0.000000000000000  0.002431394990981  0.403320879611063  0.076468002570742  0.037059828106592  0.050136322897030  0.042159454198116  0.145692649766820  0.000000000000000  0.000000000000000  0.993092495437036  0.006963363249195  0.000000000000000  0.069637103176208  0.930449657703015  1.000000000000000  0.000000000000000  0.046198825977308  0.494828328207603  0.500000000000000 
123.0    K  0.006125316047467  0.000000000000000  0.027950153180706  0.027185854772145  0.000000000000000  0.024860515117341  0.001587530472626  0.000000000000000  0.558643569036110  0.000000000000000  0.000000000000000  0.024791682599723  0.011241668593835  0.016596237288990  0.234230361718106  0.019077289260455  0.035133716368082  0.012859692894980  0.000000000000000  0.000000000000000  1.000000000000000  0.000000000000000  0.000000000000000  0.000000000000000  0.000000000000000  0.000000000000000  0.000000000000000  0.046038990181765  1.000000000000000  1.000000000000000 
124.0    D  0.000000000000000  0.000000000000000  0.863938187400277  0.008361630456458  0.000000000000000  0.002182201441547  0.024998754010399  0.000000000000000  0.008578850107711  0.000000000000000  0.000000000000000  0.031576607702711  0.000000000000000  0.000000000000000  0.005154327776457  0.019290040732712  0.033192474577980  0.002865494812827  0.000000000000000  0.000000000000000  0.985549336939371  0.000000000000000  0.014268722656437  0.000000000000000  0.000000000000000  0.000000000000000  0.000000000000000  0.046038990181765  1.000000000000000  1.000000000000000 
125.0    I  0.004726539411013  0.000000000000000  0.000000000000000  0.000000000000000  0.053363607149453  0.000000000000000  0.006610614035940  0.402762145524375  0.012534080724258  0.082297932628703  0.279709275258928  0.000000000000000  0.000000000000000  0.000000000000000  0.000000000000000  0.025347723611783  0.054258764225065  0.075467536967906  0.002839790072891  0.000000000000000  0.992404374685819  0.007651721074898  0.000000000000000  0.121329308721193  0.878430468238362  0.837406487508427  0.162667731930242  0.046973796189549  0.477972658796871  0.492774668469685 
126.0    Q  0.083158065067543  0.006920058742987  0.015367219906660  0.061341191490842  0.005835208816845  0.000000000000000  0.032690154368517  0.015050967094065  0.124826833262629  0.035624164771671  0.005179397501167  0.020025748815003  0.007866840234818  0.493116352246680  0.048934643516034  0.023227859131735  0.000000000000000  0.010047636589302  0.003400588137875  0.007432174033842  0.997231251352069  0.002531134698112  0.000000000000000  0.193445624192799  0.806641759222126  1.000000000000000  0.000000000000000  0.046007089442756  0.499307333050514  0.500000000000000 
127.0    L  0.044439919080852  0.000000000000000  0.008384845987449  0.006028438183824  0.033100572958871  0.000000000000000  0.000000000000000  0.013480333508479  0.000000000000000  0.839149637106542  0.005147187311461  0.000000000000000  0.000000000000000  0.000000000000000  0.000000000000000  0.015399208389678  0.014033318326311  0.008722757515489  0.012090351512050  0.000000000000000  0.996540262827868  0.003783664801667  0.000000000000000  0.446273485736488  0.553632292242143  0.000000000000000  0.000000000000000  0.046423528770651  0.497579860910041  1.000000000000000 
128.0    A  0.547526235396787  0.006740166754239  0.006032618227280  0.005632534654142  0.000000000000000  0.000000000000000  0.009585038884795  0.052556025953357  0.000000000000000  0.030039404012149  0.078345813777543  0.000000000000000  0.005384395128811  0.000000000000000  0.000000000000000  0.008060024838292  0.029258507732328  0.185951720304313  0.015986522964601  0.018788582014034  0.997922718999051  0.001922234418035  0.000000000000000  0.199990032083188  0.799960128332753  0.000000000000000  1.000000000000000  0.046327094056339  0.500000000000000  0.500000000000000 
129.0    R  0.091062444618626  0.014669871051804  0.007949060094552  0.008425628372613  0.021929245719361  0.009847682746742  0.022702578899553  0.018581361171918  0.047234997759882  0.118750047859361  0.069492447344819  0.003577084712571  0.009881871424640  0.042926132294676  0.436483795566881  0.027584468634083  0.025347723611783  0.014629253866164  0.000000000000000  0.008912216530222  0.997922718999051  0.001994164308022  0.000000000000000  1.000000000000000  0.000000000000000  0.000000000000000  1.000000000000000  0.046811279200756  0.500000000000000  0.500000000000000 
130.0    R  0.008924580053504  0.022297101651842  0.004978752450466  0.011319860582460  0.042423280621250  0.044409126349417  0.042276507220321  0.007715631730042  0.059870951138919  0.026552656223083  0.013574096642978  0.062630100317477  0.001924901048710  0.012387252134536  0.555554364327547  0.015218816695988  0.019117000642685  0.002019200656734  0.000000000000000  0.046617000834108  0.992404374685819  0.000000000000000  0.007910584432426  0.000000000000000  0.000000000000000  1.000000000000000  0.000000000000000  0.048462075396688  1.000000000000000  0.500000000000000 
131.0    I  0.006920058742987  0.009394291007017  0.000000000000000  0.000000000000000  0.028438713252528  0.004964967536350  0.000000000000000  0.584388624280623  0.013574096642978  0.285586561712136  0.027091798859834  0.000000000000000  0.000000000000000  0.000000000000000  0.000000000000000  0.004524581274198  0.004616451355212  0.014229216149875  0.000000000000000  0.016333751565706  1.000000000000000  0.000000000000000  0.000000000000000  0.000000000000000  0.000000000000000  0.791685865871272  0.208338301789805  0.050555084272609  1.000000000000000  0.495514781632040 
132.0    R  0.015843116871719  0.019791160214425  0.011454037165541  0.000000000000000  0.008656502717695  0.092397651954615  0.039802421103953  0.000000000000000  0.056328153913177  0.035060733766578  0.007006938747359  0.011662331119507  0.000000000000000  0.011743449047387  0.643940814754913  0.026571067502006  0.000000000000000  0.014487977288054  0.005079844322455  0.000000000000000  0.990342871933025  0.002962436612059  0.006488047063210  0.323088207659373  0.676893139526230  0.000000000000000  1.000000000000000  0.064123634083571  0.498961359499525  0.500000000000000 
133.0    G  0.021373989123476  0.000000000000000  0.025934205799687  0.025155191800660  0.000000000000000  0.738157202841417  0.007238969233519  0.000000000000000  0.029646384848139  0.009387781636929  0.000000000000000  0.022860487823505  0.000000000000000  0.023814762974059  0.056445406884489  0.021823102069803  0.003431369016556  0.003614470422023  0.000000000000000  0.011179504062679  0.985549336939371  0.006992383366625  0.007401328676557  0.420156876116641  0.579949827252717  0.763658748980350  0.236350529187686  0.077535456107212  0.496890546661277  0.496202187342909 
134.0    E  0.041839226780576  0.006555856539895  0.086990399489444  0.375790369516391  0.007463147940488  0.007011797270838  0.008999122205854  0.102592701101312  0.032803646363221  0.041492661199451  0.007203930608692  0.031928752584822  0.017824433060444  0.038181034427297  0.126832818322610  0.001706197062337  0.010724097119179  0.039145763707004  0.002084619800859  0.012753172596108  0.993781093322555  0.006443230848516  0.000000000000000  0.608783009331493  0.391205890868256  0.570777353563387  0.429282718218877  0.081672828368323  0.495514781632040  0.494485458190466 
135.0    R  0.000000000000000  0.000000000000000  0.049138580758771  0.034818551588104  0.010806176789148  0.052084575447451  0.092654188112677  0.017799740269096  0.054296386571914  0.046941247716904  0.023003544721378  0.035012162943568  0.020674553748564  0.059333882559407  0.379981214100379  0.035255691795516  0.008838394240984  0.029956232452906  0.040023745666555  0.009479324689443  0.992404374685819  0.007699604194839  0.000000000000000  0.576343173399432  0.423666217473059  1.000000000000000  0.000000000000000  0.097598311575924  0.496546247718518  0.499307333050514 
136.0    A  0.392836258333790  0.000000000000000  0.045911519789947  0.035673584597712  0.050765774772265  0.086629367853151  0.027911432886024  0.060959716345478  0.000000000000000  0.031012636708932  0.018958649378886  0.023519480428298  0.035353576963934  0.027872766231878  0.012344395497865  0.039802421103953  0.055745532463756  0.031098741306878  0.000000000000000  0.023601134149419  1.000000000000000  0.000000000000000  0.000000000000000  1.000000000000000  0.000000000000000  0.000000000000000  0.000000000000000  0.099856489556144  1.000000000000000  1.000000000000000 
