No:  residues  hmm_col_1  hmm_col_2  hmm_col_3  hmm_col_4  hmm_col_5  hmm_col_6  hmm_col_7  hmm_col_8  hmm_col_9  hmm_col_10  hmm_col_11  hmm_col_12  hmm_col_13  hmm_col_14  hmm_col_15  hmm_col_16  hmm_col_17  hmm_col_18  hmm_col_19  hmm_col_20  hmm_col_21   hmm_col_22   hmm_col_23   hmm_col_24   hmm_col_25   hmm_col_26   hmm_col_27   hmm_col_28   hmm_col_29   hmm_col_30   
1.0    M  0.000000000000000  0.000000000000000  0.000000000000000  0.004910208494226  0.024671683959392  0.000000000000000  0.002989251503560  0.022530138616566  0.000000000000000  0.014062530153024  0.901250462610830  0.000000000000000  0.000000000000000  0.000000000000000  0.000000000000000  0.010866265403984  0.014447863720527  0.004108991325015  0.000000000000000  0.000000000000000  1.000000000000000  0.000000000000000  0.000000000000000  0.000000000000000  0.000000000000000  0.000000000000000  0.000000000000000  0.063636574985289  1.000000000000000  1.000000000000000 
2.0    A  0.715984370600572  0.000000000000000  0.000000000000000  0.002905495629755  0.000000000000000  0.024113752735296  0.000000000000000  0.000000000000000  0.011382805577328  0.004789198672083  0.001942324548190  0.000000000000000  0.031774208540374  0.000000000000000  0.007982188146205  0.088510964888409  0.065335006262823  0.045185384204555  0.000000000000000  0.000000000000000  0.974679630891549  0.020333466491280  0.004749528449934  0.396392068305142  0.603740295743248  0.000000000000000  0.000000000000000  0.063813257856700  0.490729531926740  1.000000000000000 
3.0    R  0.000000000000000  0.016435965300061  0.008632535037499  0.014052786127309  0.001912930268724  0.025665959398502  0.032017400719775  0.000000000000000  0.020418207092081  0.019330194979487  0.007380836257791  0.002001087544986  0.021717472185037  0.000000000000000  0.771105412703970  0.044255482444204  0.000000000000000  0.000000000000000  0.004024429506328  0.011140825916907  0.974679630891549  0.006112592044816  0.019518689463334  0.383686524000222  0.615999036722878  0.000000000000000  1.000000000000000  0.063592480756418  0.496202187342909  0.500000000000000 
4.0    T  0.004726539411013  0.014328188175073  0.012259126529637  0.036423162441705  0.000000000000000  0.022923958502614  0.000000000000000  0.047464740306704  0.010724097119179  0.030458738465361  0.050450067156548  0.003820560443154  0.038340155539181  0.000000000000000  0.014467906601989  0.059292769696278  0.652477473844479  0.000000000000000  0.000000000000000  0.001803481075643  0.986232704493359  0.000000000000000  0.013677989526473  0.000000000000000  0.000000000000000  0.000000000000000  1.000000000000000  0.058476468614463  1.000000000000000  0.491069797631696 
5.0    K  0.023470623858452  0.000000000000000  0.011915637916065  0.011890885787807  0.000000000000000  0.000000000000000  0.000000000000000  0.000000000000000  0.747942879181195  0.005790886757042  0.011265069308283  0.014947002470186  0.003510762213324  0.024998754010399  0.061939347704005  0.010019817209080  0.035402621415494  0.026168952734638  0.000000000000000  0.010627897284422  0.935623497831400  0.017948411796829  0.046391361582158  0.374230746698173  0.625898229326997  0.505926600513464  0.494142825750366  0.058435949859466  0.493800430722686  0.483973513446869 
6.0    Q  0.025347723611783  0.005679580145782  0.000000000000000  0.057871626407958  0.000000000000000  0.005786874211017  0.107992273425035  0.014884968719437  0.056838015737546  0.022718320583130  0.051367511705928  0.003624505767466  0.066430979647410  0.469761374607006  0.034267862143372  0.020832791829550  0.021226348196077  0.025453361345944  0.001874861837967  0.008060024838292  0.984184022033800  0.016120049676584  0.000000000000000  0.600401713742604  0.399425958224574  0.585605090609405  0.414659772907221  0.058842404033825  0.492092011016900  0.468785548228555 
7.0    T  0.058557590429527  0.000000000000000  0.008632535037499  0.038902319855693  0.016909760070714  0.022328033433455  0.000000000000000  0.021762679385454  0.010761328487368  0.018620040227719  0.016898043179432  0.014477938467037  0.038366740122346  0.015367219906660  0.050625217102003  0.070952631384129  0.559806444327120  0.032195436050627  0.004719991575742  0.000000000000000  0.910669833591978  0.031141883213371  0.058153103606438  0.260255399421028  0.739693754624419  0.716977624007914  0.283024725527668  0.056602123938614  0.484309094613314  0.488354264481114 
8.0    A  0.647072827241427  0.000000000000000  0.010657404959995  0.017313005435389  0.000000000000000  0.005750886180344  0.000000000000000  0.006108356586942  0.038393343138927  0.000000000000000  0.007021524426649  0.007588339808919  0.039200068891281  0.013696964395563  0.012447501504462  0.075782051191359  0.059169601952295  0.048260945818237  0.000000000000000  0.011517728260087  0.990342871933025  0.009453078822026  0.000000000000000  0.425726853874473  0.574349177498517  0.706616821941365  0.293412044570338  0.055283777208221  0.496890546661277  0.457866843209063 
9.0    R  0.035525530413625  0.030969673852002  0.011816937478781  0.017664540111322  0.000000000000000  0.023003544721378  0.042926132294676  0.010244546986060  0.057751410777926  0.008396477912934  0.006693609021629  0.031163476604752  0.039037378926668  0.027393928791126  0.503128911748891  0.059333882559407  0.016723260912916  0.062500000000000  0.010474317121721  0.005328702479997  0.960594863953477  0.018287478773040  0.021314809919990  1.000000000000000  0.000000000000000  0.140827403562160  0.859160754947185  0.056406295466402  0.491410299272626  0.489031736723670 
10.0    K  0.033516144275561  0.000000000000000  0.000000000000000  0.003101109105202  0.007233953300995  0.016458766186794  0.008144263756571  0.009611651130868  0.591315500122071  0.000000000000000  0.027872766231878  0.009433442120988  0.006624374723696  0.029400815859806  0.158878961163208  0.028320685570854  0.052301640167712  0.017640068825096  0.000000000000000  0.000000000000000  0.972654947412286  0.027318081887824  0.000000000000000  0.349896466398799  0.650220073274240  0.322417062663971  0.677832163400000  0.057471877884479  0.489031736723670  0.468136123717246 
11.0    S  0.096254646779509  0.008644510571033  0.000000000000000  0.031642337729703  0.014792400488074  0.044501568612408  0.000000000000000  0.035304600455316  0.044194173824159  0.000000000000000  0.000000000000000  0.004759415092481  0.031293351740979  0.011079219028746  0.077804639711386  0.482968164462423  0.074119656213184  0.037473122305972  0.000000000000000  0.005343497280869  0.973329374158238  0.000000000000000  0.026830169888680  0.000000000000000  0.000000000000000  0.000000000000000  1.000000000000000  0.059333882559407  1.000000000000000  0.478967609111348 
12.0    T  0.045060277233132  0.003574606125500  0.000000000000000  0.014659706195323  0.004277548714037  0.015788303851356  0.013715965587649  0.026607928367155  0.083910781423766  0.011048543456040  0.009329399899020  0.032986053676186  0.010145614083827  0.027565355162412  0.105257869201052  0.048596627242660  0.510506062853597  0.037059828106592  0.000000000000000  0.000000000000000  0.997231251352069  0.002458510104502  0.000000000000000  1.000000000000000  0.000000000000000  0.000000000000000  1.000000000000000  0.060203868376259  0.500000000000000  0.462652214018926 
13.0    G  0.048529304687565  0.011195012893540  0.014548356559847  0.020179021098474  0.000000000000000  0.541487522762962  0.007960087473568  0.018581361171918  0.062240609568404  0.017325010056298  0.000000000000000  0.007954571873161  0.030649343874642  0.033469713224733  0.028340322779161  0.088756709908964  0.042159454198116  0.014328188175073  0.000000000000000  0.012250632094933  0.959264119325264  0.008924580053504  0.032106294980593  0.657471380102535  0.342695701244926  0.171704529178703  0.828170661334546  0.060329189054485  0.493800430722686  0.462652214018926 
14.0    G  0.050871449066902  0.009820416988452  0.014467906601989  0.026259804757290  0.002248221662750  0.509092599882310  0.006707542472170  0.010701820155981  0.041492661199451  0.005924873224119  0.000000000000000  0.027016788478371  0.053105312446166  0.013715965587649  0.047431851655439  0.070658160445287  0.046778843337272  0.025898278265250  0.030734439813320  0.006924857024960  0.971307495541633  0.018671737575887  0.009820416988452  0.326012683814640  0.674083865868528  0.308426792452374  0.691595314505482  0.060917476930722  0.491069797631696  0.452189688780544 
15.0    K  0.060664654360597  0.000000000000000  0.012994095287108  0.080158537672641  0.000000000000000  0.010430846119499  0.021167577773209  0.006707542472170  0.559030925482931  0.010474317121721  0.000000000000000  0.028261855548784  0.036347501298370  0.040162698045918  0.064704057740086  0.029441602309525  0.025330159996416  0.014130927774392  0.000000000000000  0.000000000000000  0.936921446872426  0.018249490540830  0.044656066866909  0.167472950303480  0.832198734711525  0.395020655931689  0.604997044609646  0.058112808913323  0.487002134271620  0.460732093099352 
16.0    A  0.512989072668570  0.008076802626937  0.002725997586176  0.006425391161816  0.000000000000000  0.041723384477997  0.012568880795967  0.006610614035940  0.022173802440631  0.021463066147338  0.011541703621739  0.013677989526473  0.073914437515259  0.028996046139728  0.033261568201667  0.086749544938474  0.069685388670481  0.047563543151230  0.000000000000000  0.000000000000000  1.000000000000000  0.000000000000000  0.000000000000000  0.062500000000000  0.937571096457110  0.576343173399432  0.423666217473059  0.059333882559407  0.500000000000000  0.451563255075911 
17.0    P  0.051653144884638  0.000000000000000  0.019024469041609  0.003120515298629  0.010230354867840  0.014487977288054  0.009631658792686  0.010423618513108  0.047006367230897  0.014179986801831  0.005129379396188  0.027223568504446  0.598324481615357  0.042836962655616  0.019451159927846  0.085792776953432  0.028458432299749  0.010452559021767  0.000000000000000  0.002482483768175  0.974004268543241  0.010620533139896  0.015314053364717  0.118339203904589  0.881480157907170  0.000000000000000  1.000000000000000  0.056956330039821  0.487002134271620  0.480297431976738 
18.0    R  0.030819772015417  0.012098734810207  0.004766017618251  0.025120343460723  0.002487651318997  0.028242272710971  0.014558444207887  0.004021640950914  0.111259466656562  0.019276674528273  0.005855467194358  0.003849802097419  0.032061817041786  0.032758202359904  0.575943821174679  0.038313589376661  0.040779842115280  0.012115518849172  0.000000000000000  0.005790886757042  0.975355461527642  0.013602352551502  0.011226095129250  0.215984546850069  0.784040454075739  0.153466960489383  0.846745312362527  0.056877426505056  0.489710148793463  0.469435873657726 
19.0    K  0.012904338514621  0.000000000000000  0.000000000000000  0.015581738302376  0.003616976650497  0.022765611154656  0.011171757705951  0.026460791011329  0.613867841957530  0.023617498879941  0.006665828891501  0.028497911422493  0.026078415036107  0.000000000000000  0.102166916061035  0.051331918797004  0.015810206266046  0.025665959398502  0.007699604194839  0.006267040362129  0.913198250011992  0.073709787016326  0.013184621814532  0.200962747685788  0.798851916449148  0.000000000000000  1.000000000000000  0.056367211148891  0.446273485736488  0.465547409915115 
20.0    Q  0.058517015464656  0.000000000000000  0.000000000000000  0.041868237575870  0.000000000000000  0.009847682746742  0.018110874248507  0.018085784640471  0.101884041550328  0.012413037501502  0.010365977660915  0.014033318326311  0.048697786228781  0.375009747321455  0.078563335907614  0.070267432736164  0.101884041550328  0.015733680469636  0.015690117863109  0.008924580053504  0.974679630891549  0.002541683311410  0.022923958502614  0.250000000000000  0.750019494642909  0.000000000000000  1.000000000000000  0.056484545421943  0.499307333050514  0.454074208860755 
21.0    L  0.033585911651734  0.003287029227677  0.000000000000000  0.004869535915137  0.005711161907813  0.013994463595170  0.007299432397525  0.087111077417967  0.025524030972188  0.508739846051343  0.034866853822655  0.001995547036551  0.068345966092790  0.027527167941468  0.022545760732213  0.069156084568267  0.024013674707625  0.027412923397901  0.022297101651842  0.011800567074710  0.943438250895360  0.037996227599472  0.018389167769043  0.101461197622160  0.898755126611030  0.474342157570227  0.525586454543853  0.058274155402302  0.464258426153364  0.441351498145327 
22.0    A  0.525586454543853  0.003083960494924  0.008566965535843  0.011923900070004  0.000000000000000  0.050590138534213  0.002510168627870  0.028203147733201  0.027718634536005  0.017676788481967  0.015388538170243  0.005391864661706  0.111645731544095  0.017110194856150  0.027185854772145  0.063813257856700  0.026024242840017  0.029914733068603  0.012387252134536  0.015324671937321  0.916368644675351  0.075624630576206  0.008206598000084  0.277200160900767  0.722966147272874  0.573553512113083  0.426317445883978  0.054863862350595  0.431071772508798  0.451250363731215 
23.0    T  0.112033337446176  0.011398596439376  0.000000000000000  0.008240799352094  0.011907381487029  0.042807280623924  0.011272880366106  0.016538818669924  0.076362068854594  0.022797192878753  0.014947002470186  0.013946046429265  0.068583246098703  0.022297101651842  0.035772630018709  0.171704529178703  0.337977708257031  0.009861344000876  0.000000000000000  0.011493802701998  0.980099415341871  0.004982204654994  0.014967737784730  0.103091693576260  0.896888159662015  0.118339203904589  0.881480157907170  0.056406295466402  0.499307333050514  0.468785548228555 
24.0    K  0.033169475279681  0.000000000000000  0.014967737784730  0.020603025226443  0.009348820025240  0.013677989526473  0.006782345528133  0.017433426911328  0.551334581534456  0.018376425785796  0.013443009853304  0.019196671569463  0.055054335882936  0.012568880795967  0.115502821555853  0.027911432886024  0.038499939795180  0.022343515411901  0.009861344000876  0.000000000000000  0.945402116750744  0.044997853703584  0.009355302379835  0.147011406286371  0.853226098112067  0.155933196489256  0.843815796130018  0.056956330039821  0.465547409915115  0.460732093099352 
25.0    A  0.478967609111348  0.009861344000876  0.000000000000000  0.027950153180706  0.000000000000000  0.038875364165577  0.000000000000000  0.007796271242180  0.064704057740086  0.016758072137780  0.006206518750751  0.007319698803691  0.041120453907157  0.010358795002333  0.033842970172685  0.123450107680672  0.060580613558442  0.067358321565229  0.000000000000000  0.004869535915137  0.903126510151822  0.064168096607500  0.032712821311705  0.147317425976460  0.852634891767957  0.291183396617114  0.709070017839729  0.057831526752366  0.458819941155683  0.456282744271726 
26.0    A  0.441963765531836  0.004502681042183  0.013012121420009  0.018736561152986  0.012344395497865  0.032195436050627  0.011187255790634  0.025016087833009  0.062197482613755  0.059046690062325  0.002575378153305  0.012259126529637  0.074222479129588  0.010783729323411  0.047006367230897  0.063416409161305  0.067592172717726  0.041926319527571  0.000000000000000  0.000000000000000  0.911933165519769  0.021344379011787  0.066707833627497  0.085555238318240  0.914465089499901  0.098005056759467  0.901875378382250  0.060748811748835  0.479632059662632  0.451563255075911 
27.0    R  0.027110583973502  0.015832139064986  0.006099894473495  0.016933218231950  0.000000000000000  0.117603263439223  0.041723384477997  0.000000000000000  0.087171479146900  0.032667503131411  0.000000000000000  0.009118422670457  0.041006601705999  0.030585676574920  0.463615273217731  0.054636163775648  0.032307210507749  0.018594245254792  0.000000000000000  0.005062269396224  0.933032991536807  0.015303442149796  0.051653144884638  0.147828875030518  0.852044095074866  0.034458411345904  0.965267024871757  0.064435519924674  0.489370825198718  0.407253781535108 
28.0    K  0.033377044001495  0.000000000000000  0.011727180449331  0.012940166583352  0.005414335490822  0.033169475279681  0.016630784100834  0.016232173489026  0.560194607097088  0.007672965587995  0.008172538592129  0.025988190574216  0.052592467642836  0.034915223064757  0.073556671076173  0.030606884299591  0.064168096607500  0.009800017222820  0.000000000000000  0.002997550968752  0.942784535918240  0.051545846788130  0.005395603313062  0.231807636608866  0.768437590644006  0.279709275258928  0.719965659257343  0.066017851584491  0.458819941155683  0.380508345209840 
29.0    S  0.104096971360069  0.004425327676937  0.000000000000000  0.005671712030875  0.008350046806336  0.068916822691807  0.034125642054552  0.006412043818832  0.038313589376661  0.011541703621739  0.021898866391887  0.040498155169792  0.038794609110191  0.028066636652623  0.083215725827273  0.417254640577705  0.061128967090459  0.024569290379385  0.000000000000000  0.002783276590134  0.991029563264079  0.008668511500530  0.000000000000000  0.333324669272800  0.666649338545599  0.000000000000000  1.000000000000000  0.068109507013333  0.497579860910041  0.405563577788521 
30.0    A  0.457866843209063  0.000000000000000  0.040949793870574  0.025033433674676  0.006796463693036  0.031271668358206  0.015155654849090  0.017098339082199  0.019383864026803  0.040414029121484  0.012709049970814  0.003374758544532  0.106284270008024  0.011767894270577  0.048462075396688  0.063680699788545  0.024080347136200  0.075677067746910  0.000000000000000  0.000000000000000  0.895025070927972  0.078454499455165  0.026811579075897  0.593779833036705  0.406126198178118  0.363241262392842  0.636838737663250  0.068109507013333  0.450937689191125  0.405563577788521 
31.0    P  0.012525395771866  0.000000000000000  0.014988501864457  0.005774853247163  0.000000000000000  0.078508898821470  0.005086891365504  0.005790886757042  0.072795849154279  0.035996488823417  0.000000000000000  0.018123432101647  0.540362701019676  0.033632503899494  0.029238234307231  0.077320779917948  0.052519609514580  0.012595044242078  0.000000000000000  0.004809157864629  0.915099168127928  0.002960383918966  0.081842838942723  0.199990032083188  0.799960128332753  0.027546254934599  0.972654947412286  0.069252021741558  0.499653546495226  0.422493192206257 
32.0    A  0.249307812838017  0.015560152392101  0.023683071351725  0.029157280985525  0.000000000000000  0.041492661199451  0.009551877169469  0.020179021098474  0.027546254934599  0.050695447223565  0.000000000000000  0.017935975216484  0.052265399994629  0.023051429016919  0.043224707156593  0.240315232097190  0.109423916211783  0.044010757091003  0.000000000000000  0.002503218601875  0.843231110250112  0.102308647698850  0.054296386571914  0.235696133979560  0.764188260382583  0.202781788894261  0.797192476540536  0.071594868623735  0.438302860658018  0.376572616658453 
33.0    T  0.079384436408674  0.000000000000000  0.006249688502600  0.015261070765035  0.018110874248507  0.012940166583352  0.012665079998208  0.021944451183406  0.037577164028068  0.024791682599723  0.004487102949207  0.013175486097658  0.083852639055141  0.031708204580653  0.013583508751407  0.123193667117421  0.455334916795989  0.040190546357206  0.000000000000000  0.005433132701992  0.944092419150250  0.023831275832129  0.032217759962337  0.300825756499876  0.699308041369231  0.278741554681924  0.721464343430814  0.069685388670481  0.485653747770817  0.366275218652834 
34.0    G  0.046359216682535  0.008566965535843  0.028815722434770  0.008484233252518  0.000000000000000  0.562919293068381  0.003525393466650  0.022987605403996  0.032894723584670  0.013527133836245  0.007149212250999  0.013075410041928  0.039664715188119  0.045499673406221  0.041406469282663  0.078726873746712  0.019559319666469  0.026904662135591  0.000000000000000  0.000000000000000  0.928516852306729  0.018161157929971  0.053105312446166  0.163799175482295  0.836246399914063  0.107320679554719  0.892546971472977  0.070072879876782  0.488692883205403  0.381036207584942 
35.0    G  0.059954007457829  0.000000000000000  0.012824087637664  0.018723578458428  0.000000000000000  0.594603557501361  0.014508075817293  0.006254021958252  0.051510130309578  0.003637089139962  0.000000000000000  0.010987446874321  0.049206748535575  0.027622735345740  0.038048938083218  0.053178983094159  0.036021448337465  0.008183875992967  0.002587904330166  0.012318752719629  0.938871747315452  0.036096430767300  0.024826075003003  0.102450575954690  0.897510050667261  0.150830489965095  0.849096246446840  0.073353011142585  0.473356815618357  0.365261094636419 
36.0    V  0.036071419297401  0.000000000000000  0.013611784252223  0.022328033433455  0.017169597149639  0.017960857000542  0.002112255397429  0.079219532627152  0.086629367853151  0.050625217102003  0.026960667016958  0.002808469790717  0.055706905993561  0.055016188347697  0.011164016716727  0.049790006017849  0.076521024525013  0.396117405462485  0.000000000000000  0.000000000000000  0.920825697205040  0.060162152693859  0.018853811245637  0.195331970043079  0.804966137621122  0.357992185300286  0.642157904494713  0.074480160910878  0.460412848602520  0.363493129330078 
37.0    K  0.036423162441705  0.000000000000000  0.004120399676047  0.023357019509921  0.009042892320235  0.011981895778696  0.018198962288570  0.022987605403996  0.524131237758464  0.006805892126111  0.011597840395539  0.013148116910709  0.046520164223954  0.022498926851792  0.160205990520024  0.045216715183454  0.028596849003998  0.015314053364717  0.000000000000000  0.000000000000000  0.946057646725596  0.034007576302213  0.019901210551977  0.538866572521835  0.461051558956316  0.470087101254563  0.529976391698641  0.068440779424598  0.457549584063964  0.395842932935636 
38.0    K  0.033238521027912  0.000000000000000  0.000000000000000  0.017518219969195  0.005165057051338  0.008644510571033  0.027337023903307  0.003734161396851  0.549427108788440  0.008650504566283  0.014792400488074  0.020861692238999  0.023035456520173  0.048664043191354  0.140145759753564  0.017133931071686  0.035182455816774  0.042629619839980  0.000000000000000  0.003781043073804  0.984184022033800  0.005233529696984  0.010330114102676  0.102806258589058  0.897510050667261  0.469110598250336  0.530711604474897  0.064123634083571  0.478304079045937  0.427501088945986 
39.0    P  0.029646384848139  0.002342070144123  0.000000000000000  0.027834153143959  0.010280113476789  0.009732323559137  0.016481598704188  0.020503300852999  0.139467415290621  0.014508075817293  0.007284269425288  0.016232173489026  0.470413053756894  0.033446521825832  0.086509357253217  0.046746429948825  0.043646204139606  0.021211640310625  0.000000000000000  0.003675101982476  0.942131273904809  0.005058761714275  0.052556025953357  0.195331970043079  0.804408370941916  0.437392382452911  0.562529242344405  0.059663813383732  0.498615625676035  0.448444079831007 
40.0    H  0.002322670146490  0.000000000000000  0.000000000000000  0.015399208389678  0.015250496262129  0.005691402788664  0.465224828851508  0.005879870107074  0.086329653008991  0.013820944302055  0.005222658185176  0.012638771068152  0.006848482197782  0.024013674707625  0.215685336135664  0.022892201165802  0.028517671516983  0.006155108484761  0.000000000000000  0.068015152604425  0.976031760776225  0.019984149707460  0.003914381269842  0.414372452243996  0.585605090609405  0.635075491269395  0.364755086060044  0.061468879626641  0.487677730763821  0.431969093700139 
41.0    R  0.014864348067684  0.019130256131253  0.000000000000000  0.031752191968553  0.006138066536465  0.010209103546040  0.026442456143759  0.000000000000000  0.058314561971050  0.005433132701992  0.000000000000000  0.016792955825867  0.012490716099257  0.006506060710004  0.748980467212091  0.023732370153352  0.016944959513173  0.000000000000000  0.000000000000000  0.002260723080059  0.963929807740643  0.030060232958274  0.005707204603694  0.130127699710514  0.869947352708651  0.101390894447130  0.898755126611030  0.057392260143808  0.466516495768404  0.471392267959120 
42.0    F  0.027603595358796  0.009565128065627  0.000000000000000  0.002818220091527  0.202781788894261  0.008104843254419  0.035109371969739  0.016265962463814  0.022081775685668  0.011359160291565  0.005794902085317  0.022143084320441  0.009645020366356  0.000000000000000  0.049583365199446  0.013696964395563  0.013443009853304  0.025612643988672  0.088021514182005  0.436181352885379  0.982820598545251  0.002429710260349  0.015009294749273  0.500000000000000  0.500000000000000  0.226094844390272  0.773782496771195  0.058598193528569  0.500000000000000  0.468460723436213 
43.0    R  0.012040173568100  0.011382805577328  0.009558500321343  0.000000000000000  0.000000000000000  0.007360400577381  0.020165038913309  0.014397877909355  0.184028357771022  0.005172222306232  0.000000000000000  0.006958538285990  0.026424133980547  0.000000000000000  0.652477473844479  0.013012121420009  0.023003544721378  0.014170161389580  0.000000000000000  0.000000000000000  0.986916545885842  0.001439716032511  0.011694710834318  0.212863426937236  0.787307976569203  0.196826994142301  0.803293996757034  0.059663813383732  0.496890546661277  0.464258426153364 
44.0    P  0.047828024056958  0.000000000000000  0.002129897915362  0.000000000000000  0.005041259728327  0.000000000000000  0.002748766358057  0.005982648426150  0.031554728049896  0.009739071830274  0.000000000000000  0.014258835758491  0.724973416439426  0.014498023069864  0.058557590429527  0.044255482444204  0.017253106986923  0.005933092538338  0.014988501864457  0.000000000000000  0.967947026893737  0.020617311105826  0.011638105180646  0.623732785957023  0.376050937847172  0.146604368653985  0.853226098112067  0.054447137008891  0.473356815618357  0.462652214018926 
45.0    G  0.018775563273857  0.000000000000000  0.007855942034363  0.006133813427137  0.004697145503509  0.743806881217253  0.012361520331023  0.000000000000000  0.031950891581560  0.025612643988672  0.006651982091789  0.000000000000000  0.000000000000000  0.019600034445641  0.058112808913323  0.041349107497129  0.005069292058356  0.013139006488339  0.001876161843659  0.003071161297423  0.961927454664775  0.024671683959392  0.013499034178129  0.380508345209840  0.619424348891954  0.038260512262506  0.961927454664775  0.054749894691695  0.480630464194381  0.459456441739525 
46.0    T  0.045626000332954  0.000000000000000  0.023880883136956  0.027622735345740  0.020890632740705  0.004521446160118  0.019130256131253  0.026150820083856  0.027393928791126  0.024586326417299  0.012638771068152  0.016447361792335  0.036196650193583  0.049002528379734  0.005051753640185  0.069540632536552  0.580754365962861  0.010387555532670  0.000000000000000  0.000000000000000  0.991029563264079  0.002465336000219  0.006288797950165  0.084846561242500  0.915099168127928  0.358240412593275  0.641712948781452  0.054560474445860  0.494142825750366  0.442270217665770 
47.0    V  0.024399577893981  0.017824433060444  0.000000000000000  0.019383864026803  0.017566858184041  0.018919266936727  0.007411596212035  0.011454037165541  0.125173406963917  0.109196611989587  0.023147496844068  0.031708204580653  0.013888166893228  0.017873921456309  0.070952631384129  0.000000000000000  0.023454360898662  0.455966582759885  0.007085080694790  0.004556052225736  0.991029563264079  0.002159630182266  0.007134361328219  0.608361179317034  0.391477148128271  0.292396916012987  0.707597080163328  0.049240867878084  0.493458272942921  0.457866843209063 
48.0    A  0.681601303641254  0.003190503871524  0.000000000000000  0.007593601468604  0.010532560404196  0.004403907859943  0.007894151925678  0.019901210551977  0.000000000000000  0.027204705103004  0.002822129683444  0.019196671569463  0.000000000000000  0.000000000000000  0.006958538285990  0.069300040225192  0.032039601184019  0.090873282332519  0.016688522000748  0.000000000000000  0.972654947412286  0.010223266183242  0.016792955825867  0.269807059126107  0.730016005327261  0.072192861534599  0.927873476471283  0.043404847992660  0.486327473706143  0.462652214018926 
49.0    L  0.006219438271709  0.001674562571551  0.013754047086924  0.022020636799094  0.013452331067795  0.000000000000000  0.024637505439259  0.052665426843947  0.003881957395791  0.750539548757186  0.012797448404060  0.015441963304699  0.008478354467827  0.010216182410443  0.012647534633553  0.008326927625531  0.000000000000000  0.024740183308477  0.007530701622974  0.010701820155981  1.000000000000000  0.000000000000000  0.000000000000000  0.027776333786455  0.971980987981352  0.211539649150072  0.788400174056278  0.041926319527571  0.497579860910041  0.449377563305515 
50.0    R  0.008367428306183  0.053660339777360  0.010187896369208  0.007817917089551  0.001168602503155  0.008986655416802  0.047464740306704  0.006215128779335  0.157890907730725  0.020123150461091  0.015345931175990  0.015799251263302  0.023947186878247  0.061810682273808  0.520150133260993  0.018173750649185  0.001912930268724  0.002409584316034  0.006973023214633  0.011541703621739  0.995159721820083  0.004927255503247  0.000000000000000  0.333324669272800  0.666649338545599  0.274904037328638  0.724973416439426  0.040893064732969  0.497924876547229  0.460093825312437 
51.0    E  0.014864348067684  0.000000000000000  0.029177498278604  0.846158596600290  0.000000000000000  0.004154815128489  0.000000000000000  0.000000000000000  0.037655384843587  0.000000000000000  0.003417127987913  0.000000000000000  0.013129902378645  0.014209503934386  0.007391075365044  0.022561393680039  0.000000000000000  0.007391075365044  0.000000000000000  0.000000000000000  0.990342871933025  0.001566760090532  0.007971130150379  1.000000000000000  0.000000000000000  0.172300644121954  0.827596816078205  0.040330077826618  0.499653546495226  0.471392267959120 
52.0    I  0.003584530790279  0.007198938954677  0.000000000000000  0.000000000000000  0.006066163085946  0.004175023403168  0.000000000000000  0.846745312362527  0.004549740572142  0.016723260912916  0.015799251263302  0.000000000000000  0.007026393063654  0.007259067767585  0.000000000000000  0.018684684324627  0.008899870134548  0.053511767784154  0.000000000000000  0.000000000000000  0.986916545885842  0.001966710058705  0.011296346051139  0.333324669272800  0.666649338545599  0.186856156079367  0.813379198132126  0.040695130924032  0.500000000000000  0.466516495768404 
53.0    R  0.011265069308283  0.037240080455439  0.000000000000000  0.007021524426649  0.000000000000000  0.007345110957103  0.061639544030835  0.003799433388329  0.064569649230258  0.021507743774855  0.007218926347241  0.015061403245948  0.017110194856150  0.019859870145401  0.675018992561373  0.015964376292411  0.009800017222820  0.014690221914205  0.004403907859943  0.006310631075075  0.993092495437036  0.000000000000000  0.007119541254978  0.000000000000000  0.000000000000000  0.245194750997138  0.754712984260280  0.041435180009333  1.000000000000000  0.463615273217731 
54.0    K  0.022312562182579  0.015614173327976  0.000000000000000  0.010664794670978  0.060078808024298  0.000000000000000  0.076999879590360  0.001849050061009  0.263340258988709  0.023980407750014  0.005051753640185  0.023732370153352  0.020489093972119  0.055322110286222  0.317317721504951  0.028996046139728  0.024467321758017  0.005325010184697  0.001387785198419  0.042955896736626  0.985549336939371  0.000000000000000  0.014649548382142  0.000000000000000  0.000000000000000  0.221441879775590  0.778624691061662  0.041349107497129  1.000000000000000  0.465547409915115 
55.0    Y  0.005937206470318  0.007473501235093  0.006867496569623  0.018198962288570  0.101320639985664  0.000000000000000  0.020347565462016  0.008425628372613  0.003235041645838  0.156583054828016  0.006684336138145  0.001865786985122  0.000000000000000  0.025225033578274  0.003765350811487  0.017433426911328  0.003775805066660  0.000000000000000  0.000000000000000  0.613017430026578  0.970634469769547  0.009413846210897  0.020249077584896  0.537002235810062  0.462973011263662  0.000000000000000  1.000000000000000  0.041349107497129  0.491069797631696  0.462331639056850 
56.0    Q  0.006083005398919  0.000000000000000  0.000000000000000  0.022765611154656  0.000000000000000  0.000000000000000  0.006679704514781  0.000000000000000  0.029873291174804  0.000000000000000  0.008384845987449  0.019572881853502  0.014004167180772  0.835087919428369  0.025242524300300  0.019103754338939  0.007720981652349  0.005321320447814  0.000000000000000  0.000000000000000  0.995849753094458  0.000000000000000  0.004049613675858  0.000000000000000  0.000000000000000  0.241651524266243  0.758383772687221  0.042896388476716  1.000000000000000  0.440129506781575 
57.0    K  0.034915223064757  0.000000000000000  0.003852471501927  0.018775563273857  0.000000000000000  0.007254037908646  0.019613624863791  0.000000000000000  0.571965486601904  0.007888682012474  0.017985773301996  0.022483337187669  0.000000000000000  0.032690154368517  0.141218401821265  0.104458369865232  0.017110194856150  0.000000000000000  0.000000000000000  0.000000000000000  0.984866442895551  0.007259067767585  0.007758535120602  0.495858365369147  0.504176227447298  0.158000387306601  0.842062953608416  0.041636713284126  0.493458272942921  0.450625231305415 
58.0    S  0.023243965038039  0.001928907932510  0.013303964183577  0.006758880395195  0.018775563273857  0.042071877164899  0.026241609154504  0.004114691546699  0.009834040418007  0.010488847677971  0.003503469373680  0.028735938942239  0.012735505193791  0.010583788886604  0.020919613390288  0.664342907048256  0.099718154976129  0.002887426623582  0.000000000000000  0.000000000000000  0.988285651500733  0.004792519442398  0.006838994763236  0.125000000000000  0.874784764905822  0.286181040149671  0.714001989842532  0.041234622211653  0.497924876547229  0.448133349784702 
59.0    T  0.018010724168732  0.002165626257037  0.011597840395539  0.049686578184311  0.006249688502600  0.016198454703433  0.009712106788312  0.013193763865997  0.000000000000000  0.000000000000000  0.006647372886770  0.007694269085121  0.056172195413189  0.009049162548396  0.006796463693036  0.048968574184334  0.676893139526230  0.047794883683837  0.010026764824710  0.003133520181064  0.991029563264079  0.000000000000000  0.008899870134548  0.000000000000000  0.000000000000000  0.146198458006493  0.853817714391245  0.040836414184162  1.000000000000000  0.456915725114700 
60.0    E  0.023243965038039  0.015766431778823  0.157126671815229  0.362989569975974  0.003467231786209  0.058435949859466  0.042511589137686  0.000000000000000  0.078020659306351  0.003847134542561  0.006447698504005  0.108592773143828  0.006824788249349  0.048327896090957  0.031034140482407  0.024981432198515  0.012647534633553  0.010858736092518  0.000000000000000  0.004975302637994  0.990342871933025  0.000000000000000  0.009950605275988  0.000000000000000  0.000000000000000  0.071644511608024  0.928516852306729  0.040051497630006  1.000000000000000  0.451250363731215 
61.0    L  0.020319377289820  0.007309558576808  0.006146581604325  0.004120399676047  0.088204740213043  0.009578397344165  0.007861389246076  0.016980232226970  0.006862738033112  0.697855382061083  0.021747599872361  0.014741222670240  0.018023212579063  0.000000000000000  0.020503300852999  0.016232173489026  0.024450368179266  0.019276674528273  0.000000000000000  0.000000000000000  0.995849753094458  0.003914381269842  0.000000000000000  0.182504001331815  0.817335328488283  0.341036958719839  0.658839975867070  0.040134869030920  0.486664687079119  0.444729496768949 
62.0    L  0.017265070074999  0.009638337264137  0.000000000000000  0.005999258866024  0.037369368649254  0.000000000000000  0.009335868787944  0.119658932274412  0.000000000000000  0.711038705293637  0.022343515411901  0.000000000000000  0.004766017618251  0.011148550825921  0.001414002121464  0.023211764385325  0.003817913150042  0.023227859131735  0.000000000000000  0.000000000000000  0.984866442895551  0.003817913150042  0.011148550825921  0.125000000000000  0.874784764905822  0.236514411681399  0.763658748980350  0.039010329653175  0.498615625676035  0.463615273217731 
63.0    I  0.000000000000000  0.009181846315779  0.000000000000000  0.001926235750964  0.069540632536552  0.000000000000000  0.009854511006494  0.675487042267819  0.000000000000000  0.138600080450384  0.017948411796829  0.014437852694482  0.011210543239115  0.002624030128362  0.015527829583165  0.000000000000000  0.006872258405644  0.019984149707460  0.000000000000000  0.006665828891501  0.980779003988551  0.015560152392101  0.003969023996069  0.145995924326640  0.853817714391245  0.242322454233766  0.757858283255199  0.039308905369876  0.486327473706143  0.463294030945185 
64.0    R  0.030122806491895  0.024163948045479  0.007223931860263  0.009194583884522  0.006569503244170  0.001827389644202  0.027508094173848  0.000000000000000  0.018085784640471  0.094143154164613  0.000000000000000  0.003624505767466  0.320634150690562  0.032599643547808  0.374490233606046  0.033936933010072  0.008596707885673  0.007218926347241  0.000000000000000  0.000000000000000  1.000000000000000  0.000000000000000  0.000000000000000  0.000000000000000  0.000000000000000  0.130942015887475  0.869344560090022  0.039996012932635  1.000000000000000  0.456915725114700 
65.0    K  0.028577034046872  0.005006437203751  0.004862789981962  0.009665097489744  0.021537580515244  0.000000000000000  0.013640118611465  0.006510571930931  0.666187412546011  0.004265705256819  0.000000000000000  0.007218926347241  0.015657525079369  0.041063488348418  0.134810053961806  0.009888723390393  0.010337276874282  0.020919613390288  0.000000000000000  0.000000000000000  0.996540262827868  0.003407666819417  0.000000000000000  0.500000000000000  0.500000000000000  0.000000000000000  1.000000000000000  0.039747281460737  0.498270131413934  0.462652214018926 
66.0    L  0.203626890767554  0.000000000000000  0.001646935762207  0.043919334381460  0.015030116479137  0.016909760070714  0.000000000000000  0.058760887656820  0.013075410041928  0.512278411516401  0.019613624863791  0.008252231448061  0.004866161779568  0.010047636589302  0.024030325488598  0.034987902770445  0.024147204676500  0.006245358049629  0.000000000000000  0.002479044699257  1.000000000000000  0.000000000000000  0.000000000000000  0.000000000000000  0.000000000000000  0.000000000000000  1.000000000000000  0.039664715188119  1.000000000000000  0.462652214018926 
67.0    P  0.033772668813730  0.019090517213648  0.010365977660915  0.005675644724888  0.000000000000000  0.005339794734148  0.003621994322014  0.052012420919470  0.011589804170634  0.026424133980547  0.000000000000000  0.002881428627115  0.675955416514063  0.007355300504228  0.039308905369876  0.068298608693810  0.020503300852999  0.014258835758491  0.000000000000000  0.003672555478551  0.993092495437036  0.006944083446614  0.000000000000000  1.000000000000000  0.000000000000000  0.000000000000000  1.000000000000000  0.039747281460737  0.496546247718518  0.462652214018926 
68.0    F  0.009374776424791  0.000000000000000  0.000000000000000  0.000000000000000  0.925946022527324  0.011589804170634  0.000000000000000  0.003621994322014  0.000000000000000  0.028320685570854  0.005129379396188  0.000000000000000  0.000000000000000  0.000000000000000  0.000000000000000  0.004982204654994  0.002958332648197  0.004496443325499  0.000000000000000  0.003672555478551  1.000000000000000  0.000000000000000  0.000000000000000  0.000000000000000  0.000000000000000  0.399149193178325  0.600818024763425  0.039747281460737  1.000000000000000  0.462652214018926 
69.0    Q  0.145188591490715  0.026479138592066  0.010194960528820  0.023003544721378  0.011233879162867  0.023584780758134  0.018853811245637  0.037162722343835  0.016470178488918  0.002140257356343  0.016734856612366  0.006596881932998  0.018035709648701  0.398596238270268  0.048194088293998  0.116064606538341  0.041063488348418  0.033516144275561  0.006820059305733  0.000000000000000  0.997231251352069  0.002494558123428  0.000000000000000  0.333324669272800  0.666649338545599  0.000000000000000  1.000000000000000  0.039091533753540  0.498961359499525  0.478304079045937 
70.0    R  0.028242272710971  0.017923547253534  0.027280237222930  0.003268852510482  0.000000000000000  0.021702423996330  0.053437636118248  0.000000000000000  0.029646384848139  0.006116830439504  0.005266280202098  0.000000000000000  0.000000000000000  0.020847237026215  0.706616821941365  0.035648866120888  0.019491649561157  0.007149212250999  0.002019200656734  0.015474107373954  0.979420297586927  0.000000000000000  0.020545980628204  0.000000000000000  0.000000000000000  0.000000000000000  1.000000000000000  0.038929294236546  1.000000000000000  0.478304079045937 
71.0    L  0.007657026682358  0.012284645189693  0.002522377637309  0.007075265492327  0.025435724533451  0.010301512613222  0.003825860537449  0.022250784306204  0.000000000000000  0.764718138941384  0.010258758792376  0.000000000000000  0.000000000000000  0.017960857000542  0.000000000000000  0.014731008373722  0.001695586382033  0.093557686674543  0.000000000000000  0.005831165559754  0.984184022033800  0.008722757515489  0.006848482197782  0.607097442197523  0.392836258333790  0.461691155364697  0.538120062391899  0.038875364165577  0.477641468191219  0.459138081150462 
72.0    V  0.061001985048514  0.015197733553317  0.000000000000000  0.000000000000000  0.000000000000000  0.022749836703111  0.000000000000000  0.070952631384129  0.000000000000000  0.025225033578274  0.005908468739390  0.000000000000000  0.017337023001060  0.005883947135288  0.009604991150426  0.016980232226970  0.000000000000000  0.742776460330414  0.006376586298054  0.000000000000000  0.988285651500733  0.010481579881893  0.000911165030798  0.202641279971327  0.797192476540536  0.277969789379277  0.721964597761248  0.039037378926668  0.492092011016900  0.468785548228555 
73.0    R  0.021552514403548  0.038101721689884  0.016413196000168  0.000000000000000  0.000000000000000  0.015145153389610  0.022112408755104  0.000000000000000  0.122342706299679  0.012073602338250  0.000000000000000  0.000000000000000  0.002991324213075  0.072695002596741  0.628506687260914  0.013754047086924  0.000000000000000  0.011965296852300  0.015103220266640  0.007208925723858  0.987600861445373  0.008875228631146  0.003436129202822  0.252262908461170  0.747424624317469  0.153573372555706  0.846158596600290  0.039200068891281  0.496890546661277  0.476649272644080 
74.0    E  0.004829200237972  0.002573593655731  0.030164594527242  0.793883930931653  0.000000000000000  0.010124538792448  0.004453020596459  0.000000000000000  0.046102858033839  0.000000000000000  0.002391282016407  0.006633564425366  0.008402299925448  0.016862941195382  0.025665959398502  0.031620412532092  0.010194960528820  0.003614470422023  0.000000000000000  0.002265429012706  0.979420297586927  0.000000000000000  0.020603025226443  0.000000000000000  0.000000000000000  0.379454813243513  0.620283648857694  0.039472726932681  1.000000000000000  0.475988954248766 
75.0    I  0.002124000763388  0.006900898839699  0.004603669561764  0.000000000000000  0.017775081685508  0.000000000000000  0.000000000000000  0.740719899010160  0.000000000000000  0.059498619281096  0.006992383366625  0.000000000000000  0.000000000000000  0.000000000000000  0.000000000000000  0.024826075003003  0.023292349793733  0.113204247877228  0.000000000000000  0.000000000000000  1.000000000000000  0.000000000000000  0.000000000000000  0.000000000000000  0.000000000000000  0.129228842030996  0.870550563296124  0.040386025957422  1.000000000000000  0.467811748915700 
76.0    A  0.389852421305662  0.044811101500495  0.038340155539181  0.013725476066224  0.004134704667481  0.013003105229868  0.002022001804378  0.039254449410735  0.000000000000000  0.060120465916548  0.048294409352999  0.019998006466317  0.025988190574216  0.009786440926751  0.003652246866217  0.067779838052691  0.135936048856860  0.077267203807559  0.005896195189533  0.000000000000000  0.959264119325264  0.012904338514621  0.028125060306047  0.377095019171645  0.622868707784737  0.051581588032041  0.948684315140454  0.040554336466849  0.488692883205403  0.472046209575125 
77.0    Q  0.030819772015417  0.009820416988452  0.037812315288103  0.096388176587996  0.005384395128811  0.024740183308477  0.018249490540830  0.014338123161115  0.029137077701151  0.070658160445287  0.037812315288103  0.040978187944239  0.013868927144836  0.419865746472070  0.042718357873182  0.034674046002120  0.022844647631251  0.034650020112596  0.002065919850817  0.013066349998657  0.944092419150250  0.000000000000000  0.055900306361413  0.333324669272800  0.666649338545599  0.072343138561883  0.927873476471283  0.041984482053791  0.500000000000000  0.447512535463986 
78.0    D  0.042247213532129  0.002073092204980  0.327144517863753  0.180116218604740  0.023067412588794  0.021006796783635  0.007541148631811  0.015314053364717  0.090308149870220  0.012370091654239  0.008650504566283  0.048731552663208  0.004917020209003  0.054071043161562  0.034125642054552  0.061767853218796  0.044563303667629  0.011541703621739  0.004822510183178  0.005742919282770  0.943438250895360  0.030691862351981  0.025862400502444  0.333324669272800  0.666649338545599  0.220828762870366  0.779164579660500  0.044780051574159  0.469435873657726  0.401925495371576 
79.0    F  0.014690221914205  0.049928244778072  0.000000000000000  0.038740865623093  0.386623168727659  0.004802495575213  0.025033433674676  0.092205716067677  0.002931795112333  0.103163176064082  0.032758202359904  0.031620412532092  0.000000000000000  0.012673861805891  0.005388128600887  0.021314809919990  0.003820560443154  0.051367511705928  0.015909143746322  0.107097744346071  0.835087919428369  0.150725978461345  0.014338123161115  0.501040802539816  0.498961359499525  0.150308656112272  0.849684999138650  0.046876218415182  0.358488812003957  0.406407800992160 
80.0    K  0.040638754579640  0.006872258405644  0.025207554975691  0.052084575447451  0.019736363466341  0.080492601844364  0.016734856612366  0.023357019509921  0.338681244371342  0.027469986278493  0.010941846256931  0.040330077826618  0.005093948184604  0.025808677029241  0.066985841408518  0.113597264556065  0.076680311078363  0.007432174033842  0.008390659934532  0.013499034178129  0.874178620410373  0.125695072549809  0.000000000000000  0.474342157570227  0.525950889601936  0.557869661162482  0.442270217665770  0.046327094056339  0.370873733460280  0.404721108273704 
81.0    T  0.064704057740086  0.002176159474257  0.038956287321097  0.059622471909222  0.001829924700923  0.059498619281096  0.059539874877746  0.018173750649185  0.029421202016913  0.019791160214425  0.004376520367946  0.025295069267107  0.100342173589494  0.014328188175073  0.070170088879601  0.078726873746712  0.298954949194031  0.045405157799105  0.005132936043552  0.003677650252114  0.919550046151658  0.063416409161305  0.016886334406865  0.378141999320990  0.621574834451970  0.326917837134190  0.673150034638391  0.041984482053791  0.417543959714185  0.443805668634749 
82.0    D  0.030311309698179  0.000000000000000  0.411225034356232  0.101672399766516  0.000000000000000  0.047662551664259  0.033008925792246  0.005782864445313  0.033562639738129  0.006684336138145  0.009971318506476  0.125956720051313  0.057114465639338  0.021672358892678  0.015931213796847  0.039830019603727  0.044873265956982  0.011646174896867  0.000000000000000  0.002993398359781  0.886381699194867  0.102877543159839  0.010694404789780  0.413511684221633  0.586417474615939  0.494828328207603  0.505225723243382  0.042452696392155  0.343409058357406  0.445655247948486 
83.0    L  0.000000000000000  0.021477948368313  0.004242116626259  0.005601387687562  0.139757731370733  0.003277928269947  0.058314561971050  0.056094378166704  0.000000000000000  0.447822835045425  0.045310838527464  0.017701310707747  0.015592542484360  0.000000000000000  0.008924580053504  0.010330114102676  0.011767894270577  0.058557590429527  0.001901033933903  0.093363341069521  0.972654947412286  0.025347723611783  0.002002475074001  0.477972658796871  0.521955963710860  0.463936738235641  0.535886731268147  0.044224817510208  0.456915725114700  0.454074208860755 
84.0    R  0.004642121504129  0.027374947345848  0.002883426573599  0.005048253244678  0.003175060945251  0.009459633468364  0.035036439938391  0.003705798106017  0.055629733328281  0.004590923157890  0.003930694623038  0.013715965587649  0.004819168632068  0.068964608752622  0.682546858942583  0.030374405874417  0.000000000000000  0.015176679617838  0.019970302550048  0.009175484150107  0.991029563264079  0.009207339123529  0.000000000000000  0.388234437500520  0.611744020565933  0.074531804520664  0.925304428037852  0.044316876114983  0.484980955170867  0.474013482564323 
85.0    F  0.000000000000000  0.005508976408142  0.000000000000000  0.000000000000000  0.520150133260993  0.000000000000000  0.000000000000000  0.132861959294819  0.000000000000000  0.016746460352130  0.017627845897758  0.000000000000000  0.000000000000000  0.000000000000000  0.003170662425692  0.016164805961233  0.001824858099381  0.025970183174801  0.230366046549676  0.029811235954611  1.000000000000000  0.000000000000000  0.000000000000000  0.000000000000000  0.000000000000000  0.285784583853509  0.714001989842532  0.044409126349417  1.000000000000000  0.475988954248766 
86.0    Q  0.020703234641331  0.000000000000000  0.006492545793700  0.026405824512891  0.000000000000000  0.003760134543366  0.014782150730087  0.000000000000000  0.014082038478294  0.002180689378872  0.000000000000000  0.007259067767585  0.000000000000000  0.592135805926816  0.094666644742311  0.043676467870346  0.157781504014014  0.001833733881475  0.010828670981644  0.003398231846518  0.991716730738293  0.000000000000000  0.008088007217511  0.000000000000000  0.000000000000000  0.000000000000000  1.000000000000000  0.043525358770907  1.000000000000000  0.483638164806966 
87.0    S  0.169458040850000  0.017530366883289  0.010525262319263  0.039996012932635  0.002727887758725  0.030841142058933  0.050660319992832  0.009387781636929  0.047202268298838  0.011751591807724  0.008015454260446  0.007319698803691  0.054560474445860  0.015187202937209  0.035085044439800  0.388234437500520  0.042188687035086  0.039857637239955  0.000000000000000  0.019600034445641  0.999307092990453  0.000000000000000  0.000672116992964  0.000000000000000  0.000000000000000  0.125869443757090  0.874178620410373  0.043284670878466  1.000000000000000  0.473685035299634 
88.0    S  0.153679858406823  0.000000000000000  0.063416409161305  0.115103212150630  0.010082519456655  0.065652784000672  0.025260027150174  0.005200982864205  0.015527829583165  0.007845058931554  0.015208271471222  0.020460709735681  0.024080347136200  0.086629367853151  0.030206440533280  0.283810525536516  0.062934721878545  0.009772883438385  0.000000000000000  0.005115177433920  0.997922718999051  0.000000000000000  0.002205008603137  0.000000000000000  0.000000000000000  0.000000000000000  1.000000000000000  0.043374772469237  1.000000000000000  0.476318999021969 
89.0    A  0.779164579660500  0.021612353578296  0.006372167916711  0.004172130500187  0.000000000000000  0.016862941195382  0.000000000000000  0.006180760165511  0.000000000000000  0.000000000000000  0.003564708939623  0.000000000000000  0.002927733597179  0.000000000000000  0.012673861805891  0.052921582022658  0.026755883892077  0.059251685320540  0.000000000000000  0.007391075365044  0.995849753094458  0.004227440017679  0.000000000000000  0.074946244611945  0.925304428037852  0.410086455598363  0.590087171668101  0.043495199744722  0.485653747770817  0.473685035299634 
90.0    V  0.000000000000000  0.000000000000000  0.012456132445946  0.000000000000000  0.017003788151106  0.000000000000000  0.006215128779335  0.323760749713606  0.000000000000000  0.418993567333974  0.035648866120888  0.006319385534076  0.000000000000000  0.000000000000000  0.000000000000000  0.015314053364717  0.013849714049920  0.143388378028271  0.000000000000000  0.007080171392714  0.982820598545251  0.007080171392714  0.010251650426500  1.000000000000000  0.000000000000000  0.000000000000000  1.000000000000000  0.043015487549709  0.497235084336607  0.485317234884773 
91.0    S  0.052229184932616  0.007134361328219  0.096924150793376  0.132769898311922  0.024484287092167  0.111413811987121  0.007888682012474  0.041377778449856  0.015953314464175  0.188547509585822  0.114070686067931  0.028105572254617  0.009665097489744  0.031206708315657  0.007159130036526  0.029238234307231  0.024113752735296  0.051260806949795  0.024467321758017  0.002005253018984  0.999307092990453  0.000347909573767  0.000000000000000  1.000000000000000  0.000000000000000  0.341746862985452  0.658383461029622  0.043646204139606  0.500000000000000  0.477310507069858 
92.0    A  0.681601303641254  0.028125060306047  0.004301334367570  0.000000000000000  0.000000000000000  0.005823087448433  0.018671737575887  0.021582413252248  0.000000000000000  0.049036506118547  0.024013674707625  0.006810611246383  0.023292349793733  0.000000000000000  0.007208925723858  0.052374195916747  0.022359008125358  0.054863862350595  0.000000000000000  0.000000000000000  1.000000000000000  0.000000000000000  0.000000000000000  0.000000000000000  0.000000000000000  0.000000000000000  1.000000000000000  0.043015487549709  1.000000000000000  0.485990493990676 
93.0    L  0.020603025226443  0.014967737784730  0.000000000000000  0.002950141768677  0.014731008373722  0.000000000000000  0.006810611246383  0.107172004579271  0.000000000000000  0.756808396484790  0.033960464453939  0.000000000000000  0.013555291986751  0.000000000000000  0.007208925723858  0.009718841041394  0.000000000000000  0.011557714916007  0.000000000000000  0.000000000000000  1.000000000000000  0.000000000000000  0.000000000000000  0.000000000000000  0.000000000000000  0.000000000000000  1.000000000000000  0.043015487549709  1.000000000000000  0.485990493990676 
94.0    Q  0.000000000000000  0.012499377005199  0.000000000000000  0.012868609644806  0.000000000000000  0.007085080694790  0.046778843337272  0.000000000000000  0.014199658069508  0.007179006902180  0.000000000000000  0.000000000000000  0.001798487689854  0.833931043824964  0.040302132832996  0.012132326171891  0.008967987608242  0.000000000000000  0.002411255091589  0.000000000000000  1.000000000000000  0.000000000000000  0.000000000000000  0.000000000000000  0.000000000000000  0.000000000000000  1.000000000000000  0.043105028807096  1.000000000000000  0.485990493990676 
95.0    E  0.020179021098474  0.008949358577967  0.016573245958878  0.623732785957023  0.010103507280371  0.018173750649185  0.021537580515244  0.000000000000000  0.043676467870346  0.016746460352130  0.002426344300360  0.000000000000000  0.000000000000000  0.012191335627714  0.026644840367749  0.031098741306878  0.051976381148432  0.082755556899712  0.000000000000000  0.013111713079790  0.997231251352069  0.002758309383564  0.000000000000000  1.000000000000000  0.000000000000000  0.207761465398412  0.792234810924969  0.043105028807096  0.500000000000000  0.485990493990676 
96.0    A  0.642603168734686  0.006501552614934  0.000000000000000  0.010547171758771  0.000000000000000  0.006032618227280  0.006801176275751  0.053215856734309  0.000000000000000  0.023163547028169  0.013111713079790  0.000000000000000  0.025772923394065  0.011573748422034  0.009992074853730  0.074635199192162  0.070121467533155  0.045943354262158  0.000000000000000  0.000000000000000  1.000000000000000  0.000000000000000  0.000000000000000  0.000000000000000  0.000000000000000  0.000000000000000  1.000000000000000  0.043194756454018  1.000000000000000  0.489370825198718 
97.0    A  0.382624192455667  0.020235046857100  0.000000000000000  0.000000000000000  0.016153605253874  0.004103299000042  0.012430257558671  0.003377098559796  0.005839254877480  0.012665079998208  0.000000000000000  0.006284440397984  0.012378668920703  0.006805892126111  0.021021362633154  0.296478624852737  0.124394965227510  0.075310769687174  0.000000000000000  0.000000000000000  1.000000000000000  0.000000000000000  0.000000000000000  0.000000000000000  0.000000000000000  0.000000000000000  1.000000000000000  0.043134917293645  1.000000000000000  0.489370825198718 
98.0    E  0.012250632094933  0.000000000000000  0.000000000000000  0.885767519102361  0.000000000000000  0.003131348942966  0.000000000000000  0.000000000000000  0.021065120808392  0.000000000000000  0.002820174210005  0.000000000000000  0.009745824780578  0.012700243781005  0.046649324478030  0.005620834296917  0.000000000000000  0.000000000000000  0.000000000000000  0.000000000000000  0.967947026893737  0.014417851447716  0.017542522219900  1.000000000000000  0.000000000000000  0.000000000000000  1.000000000000000  0.042985681816867  0.491410299272626  0.489370825198718 
99.0    A  0.502431910211893  0.021990130864459  0.085377516047150  0.018998113799736  0.038048938083218  0.008361630456458  0.011040887842834  0.017039183322895  0.012482061194518  0.024147204676500  0.057154068093744  0.019316800951890  0.014926295880976  0.008943157504677  0.000000000000000  0.078945453865362  0.028458432299749  0.031995215638389  0.000000000000000  0.020347565462016  1.000000000000000  0.000000000000000  0.000000000000000  0.000000000000000  0.000000000000000  0.120658378108970  0.879039560911787  0.044102370106522  1.000000000000000  0.472701058375372 
100.0    Y  0.000000000000000  0.015898120189104  0.001040865953191  0.012438876543418  0.196826994142301  0.000000000000000  0.042600081477578  0.044102370106522  0.000000000000000  0.022892201165802  0.038687196588670  0.012447501504462  0.012709049970814  0.004982204654994  0.012482061194518  0.003235041645838  0.062068280964815  0.021552514403548  0.003086098874466  0.493116352246680  1.000000000000000  0.000000000000000  0.000000000000000  0.000000000000000  0.000000000000000  0.391748593474670  0.608361179317034  0.043888902366812  1.000000000000000  0.476318999021969 
101.0    L  0.007921558435860  0.000000000000000  0.000000000000000  0.000000000000000  0.001912930268724  0.000000000000000  0.000000000000000  0.079054971397121  0.005687459175778  0.722465198961763  0.055552667572911  0.000000000000000  0.006610614035940  0.000000000000000  0.017229205672952  0.005384395128811  0.017086491523197  0.046552420722584  0.034363004666080  0.000000000000000  0.992404374685819  0.000000000000000  0.007355300504228  0.000000000000000  0.000000000000000  0.669891801213920  0.330105710253750  0.043254678626609  1.000000000000000  0.486664687079119 
102.0    V  0.032531924927628  0.026006210459735  0.000000000000000  0.000000000000000  0.010934264574962  0.013965393161825  0.003460029371494  0.084670311092835  0.000000000000000  0.018958649378886  0.003723822442532  0.003436129202822  0.009252121967607  0.003876579588616  0.012293163208649  0.006083005398919  0.139177702278586  0.619424348891954  0.008155561932982  0.004195329967266  0.986232704493359  0.009999003233159  0.003716087016921  1.000000000000000  0.000000000000000  0.000000000000000  1.000000000000000  0.043615961378818  0.495171435966512  0.487677730763821 
103.0    G  0.032871930600121  0.022781396544009  0.042688758023575  0.050942020775164  0.000000000000000  0.256850359844741  0.079604842207906  0.022844647631251  0.042042725266307  0.013677989526473  0.003363082766949  0.030628106729433  0.000000000000000  0.113597264556065  0.053734780390188  0.137356777197110  0.083794536973771  0.013248749447393  0.000000000000000  0.000000000000000  0.994470168673214  0.000000000000000  0.005819052590323  0.500000000000000  0.500000000000000  0.331251754261302  0.668500247702567  0.043555538708983  0.496890546661277  0.484980955170867 
104.0    L  0.000000000000000  0.008246513419047  0.000000000000000  0.029278795214763  0.052738487258126  0.000000000000000  0.011094588738621  0.036498981081660  0.000000000000000  0.668037039195050  0.056719947207323  0.000000000000000  0.002179178363916  0.007478683267151  0.053363607149453  0.006483551449922  0.009950605275988  0.042807280623924  0.009472756398920  0.005758864130043  0.984184022033800  0.000000000000000  0.015964376292411  0.000000000000000  0.000000000000000  0.268129154204486  0.732042847972813  0.043525358770907  1.000000000000000  0.486327473706143 
105.0    F  0.000000000000000  0.000000000000000  0.000000000000000  0.000000000000000  0.707106781186547  0.000000000000000  0.000000000000000  0.000000000000000  0.013276328111541  0.160650792183672  0.063416409161305  0.000000000000000  0.012199788946990  0.000000000000000  0.013331657783001  0.019586453444386  0.000000000000000  0.000000000000000  0.000000000000000  0.010244546986060  0.995159721820083  0.004540289482493  0.000000000000000  0.500000000000000  0.500000000000000  0.158329281715402  0.841479482285381  0.044656066866909  0.496890546661277  0.479632059662632 
106.0    E  0.041492661199451  0.010731533073669  0.008490116113485  0.647970482716667  0.000000000000000  0.046746429948825  0.001457791389938  0.000000000000000  0.093817443594648  0.002771725305079  0.002624030128362  0.003131348942966  0.000000000000000  0.051403129294529  0.017998244411709  0.049172652834598  0.018312848182414  0.003977285936581  0.000000000000000  0.000000000000000  0.998614666101029  0.001446718552754  0.000000000000000  0.250000000000000  0.750019494642909  0.793333843191143  0.206469416233930  0.045216715183454  0.500000000000000  0.483303048532487 
107.0    D  0.021687386234619  0.033842970172685  0.581963267201068  0.026150820083856  0.000000000000000  0.023035456520173  0.039281667953807  0.018338252785646  0.034987902770445  0.042896388476716  0.025506345192216  0.024740183308477  0.000000000000000  0.009512234520805  0.017676788481967  0.008820034412548  0.013763583970734  0.013840117485974  0.000000000000000  0.064034801439550  0.995159721820083  0.000000000000000  0.004866161779568  0.000000000000000  0.000000000000000  0.000000000000000  1.000000000000000  0.044255482444204  1.000000000000000  0.496546247718518 
108.0    T  0.302918165107561  0.033353916813749  0.032061817041786  0.000000000000000  0.003166269999552  0.025506345192216  0.000000000000000  0.012806321994336  0.024030325488598  0.011915637916065  0.002078848012604  0.019183370061173  0.009766111738947  0.012352954946937  0.003421868418231  0.175677337525840  0.321078952247356  0.010620533139896  0.000000000000000  0.000000000000000  1.000000000000000  0.000000000000000  0.000000000000000  0.000000000000000  0.000000000000000  0.000000000000000  1.000000000000000  0.044316876114983  1.000000000000000  0.492433221447775 
109.0    N  0.012895397008010  0.000000000000000  0.006407600868724  0.002638621258859  0.003596975379707  0.027757087370075  0.008060024838292  0.027355979052946  0.006867496569623  0.034530140149997  0.031098741306878  0.468460723436213  0.028222703442244  0.053809324271181  0.006479058951675  0.052921582022658  0.027110583973502  0.075467536967906  0.000000000000000  0.126394010106413  0.989656656415207  0.001957190634921  0.008620576094078  0.142892291926755  0.857376036634172  0.000000000000000  1.000000000000000  0.044316876114983  0.498961359499525  0.492433221447775 
110.0    L  0.036246864203295  0.008402299925448  0.000000000000000  0.014558444207887  0.003168465451473  0.000000000000000  0.010791206626124  0.041377778449856  0.066615421004246  0.624598062826688  0.046941247716904  0.006977858221506  0.022266212721075  0.011359160291565  0.033913417871306  0.017713584574663  0.030649343874642  0.010738974184156  0.002622211919493  0.011148550825921  0.969289816935065  0.024895003008924  0.005562696076551  0.477641468191219  0.522317881432116  0.554400321801535  0.445655247948486  0.044501568612408  0.479632059662632  0.486327473706143 
111.0    C  0.061639544030835  0.529976391698641  0.000000000000000  0.000000000000000  0.014170161389580  0.011485838565539  0.000000000000000  0.038526635170744  0.000000000000000  0.165625877130651  0.022421086478230  0.003186083958356  0.000000000000000  0.000000000000000  0.020992241026895  0.020446532366485  0.050942020775164  0.044749023162536  0.000000000000000  0.015657525079369  0.978063473447339  0.016447361792335  0.005794902085317  0.062500000000000  0.937571096457110  0.370616752450709  0.629378586752429  0.044625124365158  0.485990493990676  0.488692883205403 
112.0    A  0.566049451055337  0.032667503131411  0.000000000000000  0.000000000000000  0.000000000000000  0.001690891729531  0.012438876543418  0.040162698045918  0.009322935492435  0.000000000000000  0.076680311078363  0.000000000000000  0.018919266936727  0.000000000000000  0.000000000000000  0.086269834587289  0.129587637627465  0.026314467300263  0.000000000000000  0.000000000000000  0.986232704493359  0.013489680602725  0.000000000000000  0.313600551130249  0.686342215627455  0.000000000000000  1.000000000000000  0.044102370106522  0.490049707670935  0.489710148793463 
113.0    I  0.044935516651467  0.002980975017501  0.010783729323411  0.002901470548166  0.009909307807233  0.000000000000000  0.015388538170243  0.405001736816023  0.030883926609398  0.177759676323409  0.024180703024100  0.024281477149502  0.024247839196089  0.026187097958373  0.032173127607312  0.023115429832013  0.071051060827251  0.041148966314351  0.000000000000000  0.033169475279681  1.000000000000000  0.000000000000000  0.000000000000000  0.000000000000000  0.000000000000000  0.000000000000000  1.000000000000000  0.044041273598188  1.000000000000000  0.489710148793463 
114.0    H  0.013820944302055  0.000000000000000  0.001935604615750  0.008632535037499  0.004443770421377  0.012006837353813  0.799405830352472  0.000000000000000  0.003831167984330  0.007350203964951  0.006389859832483  0.008999122205854  0.009459633468364  0.013508394239185  0.035896823593657  0.019077289260455  0.009598335784732  0.007442484359718  0.000000000000000  0.038048938083218  1.000000000000000  0.000000000000000  0.000000000000000  0.000000000000000  0.000000000000000  0.000000000000000  1.000000000000000  0.046038990181765  1.000000000000000  0.489710148793463 
115.0    A  0.606256409530869  0.038473262917029  0.007442484359718  0.012006837353813  0.000000000000000  0.076999879590360  0.039747281460737  0.003217152411201  0.000000000000000  0.008460742543171  0.000000000000000  0.002983041988204  0.018376425785796  0.017241152188156  0.071495685825238  0.046038990181765  0.020165038913309  0.017122058850745  0.000000000000000  0.014111351721122  1.000000000000000  0.000000000000000  0.000000000000000  0.000000000000000  0.000000000000000  0.000000000000000  1.000000000000000  0.046007089442756  1.000000000000000  0.489710148793463 
116.0    K  0.017265070074999  0.000000000000000  0.024063661694877  0.003559770627489  0.000000000000000  0.085259239679960  0.028517671516983  0.004301334367570  0.557096825409666  0.000000000000000  0.000000000000000  0.058435949859466  0.010258758792376  0.025418099941629  0.099166730398893  0.077267203807559  0.009499056899868  0.000000000000000  0.000000000000000  0.000000000000000  0.994470168673214  0.000000000000000  0.005786874211017  0.000000000000000  0.000000000000000  0.000000000000000  1.000000000000000  0.046007089442756  1.000000000000000  0.489710148793463 
117.0    R  0.021642335439233  0.059705183523902  0.000000000000000  0.016630784100834  0.000000000000000  0.006180760165511  0.036600318163088  0.020418207092081  0.008789519411631  0.004169239601719  0.000000000000000  0.000000000000000  0.006091444082901  0.004603669561764  0.785128118673572  0.020919613390288  0.000000000000000  0.000000000000000  0.000000000000000  0.009355302379835  0.982139595263391  0.017861536490844  0.000000000000000  0.451250363731215  0.548665968789621  0.246216610723888  0.753667454779191  0.045594385757505  0.482968164462423  0.485317234884773 
118.0    V  0.046584699587466  0.004759415092481  0.014498023069864  0.036906020669673  0.000000000000000  0.000000000000000  0.013415084944340  0.082013203411998  0.028222703442244  0.027757087370075  0.005683518295448  0.000000000000000  0.000000000000000  0.007494250932229  0.000000000000000  0.016898043179432  0.014477938467037  0.701249625321201  0.000000000000000  0.000000000000000  0.997922718999051  0.000000000000000  0.002030428584327  0.000000000000000  0.000000000000000  0.333324669272800  0.666649338545599  0.045122787360078  1.000000000000000  0.489710148793463 
119.0    T  0.000000000000000  0.000000000000000  0.011343424061749  0.005711161907813  0.000000000000000  0.000000000000000  0.018389167769043  0.037188490509584  0.015239929086369  0.012132326171891  0.017169597149639  0.015208271471222  0.023163547028169  0.000000000000000  0.033562639738129  0.003088238736734  0.805524291048750  0.002183714552668  0.000000000000000  0.000000000000000  0.991029563264079  0.009264957026648  0.000000000000000  1.000000000000000  0.000000000000000  0.170873431492726  0.829319545814442  0.045911519789947  0.497235084336607  0.492092011016900 
120.0    I  0.000000000000000  0.000000000000000  0.000000000000000  0.000000000000000  0.005193777766335  0.000000000000000  0.018389167769043  0.428094142273228  0.011343424061749  0.376311686852767  0.005175808660333  0.008838394240984  0.000000000000000  0.000000000000000  0.000000000000000  0.020039634418160  0.005843303743603  0.120825762133122  0.000000000000000  0.000000000000000  1.000000000000000  0.000000000000000  0.000000000000000  0.000000000000000  0.000000000000000  0.000000000000000  1.000000000000000  0.046038990181765  1.000000000000000  0.493800430722686 
121.0    M  0.017960857000542  0.023584780758134  0.014598864795050  0.051832471613403  0.050942020775164  0.000000000000000  0.007541148631811  0.029076551803219  0.042013593567270  0.020717590004667  0.427501088945986  0.038848427153248  0.000000000000000  0.078345813777543  0.025382887386132  0.010272990314102  0.136691932185579  0.004940935712320  0.000000000000000  0.019901210551977  1.000000000000000  0.000000000000000  0.000000000000000  0.000000000000000  0.000000000000000  0.756808396484790  0.243163736853071  0.046038990181765  1.000000000000000  0.493800430722686 
122.0    P  0.075992455198944  0.000000000000000  0.020053529649420  0.017385158134138  0.000000000000000  0.012250632094933  0.001182454183545  0.018840747307668  0.049617745683228  0.045943354262158  0.000000000000000  0.002364908367091  0.400534938794811  0.083446768955994  0.039968299414920  0.050101583087462  0.036701936600427  0.145692649766820  0.000000000000000  0.000000000000000  0.993092495437036  0.006910472151028  0.000000000000000  0.069782060123911  0.930449657703015  1.000000000000000  0.000000000000000  0.046038990181765  0.494828328207603  0.500000000000000 
123.0    K  0.005233529696984  0.000000000000000  0.026515871928309  0.026534257701464  0.000000000000000  0.024843289092155  0.001572199487541  0.000000000000000  0.556710809114343  0.000000000000000  0.000000000000000  0.024180703024100  0.011102281587354  0.015876095984277  0.239317864548824  0.018274807250812  0.036146505747040  0.013602352551502  0.000000000000000  0.000000000000000  1.000000000000000  0.000000000000000  0.000000000000000  0.000000000000000  0.000000000000000  0.000000000000000  0.000000000000000  0.046423528770651  1.000000000000000  1.000000000000000 
124.0    D  0.000000000000000  0.000000000000000  0.862143545017596  0.007662335968661  0.000000000000000  0.002146199643705  0.025559439329931  0.000000000000000  0.008466609115975  0.000000000000000  0.000000000000000  0.030862526920168  0.000000000000000  0.000000000000000  0.005125825213250  0.018879966302968  0.035476315692065  0.003767961658532  0.000000000000000  0.000000000000000  0.985549336939371  0.000000000000000  0.014338123161115  0.000000000000000  0.000000000000000  0.000000000000000  0.000000000000000  0.046423528770651  1.000000000000000  1.000000000000000 
125.0    I  0.004559211335228  0.000000000000000  0.000000000000000  0.000000000000000  0.053400608805608  0.000000000000000  0.006542238183660  0.407536166201313  0.012621262150150  0.081052472165688  0.276624338273068  0.000000000000000  0.000000000000000  0.000000000000000  0.000000000000000  0.024860515117341  0.054221167947004  0.075834597515543  0.002791004179182  0.000000000000000  0.992404374685819  0.007688937672139  0.000000000000000  0.119493164699218  0.880259013563151  0.849096246446840  0.150621539374348  0.046681670534761  0.477641468191219  0.492433221447775 
126.0    Q  0.082698214994258  0.007050786933300  0.014947002470186  0.068678388598555  0.005900283537355  0.000000000000000  0.032849153408991  0.015657525079369  0.121666171769780  0.033984012214215  0.005240789940946  0.018684684324627  0.008384845987449  0.490729531926740  0.049104532291724  0.023373214974412  0.000000000000000  0.010138584116712  0.003349125143102  0.007442484359718  0.997231251352069  0.002545209276100  0.000000000000000  0.192242603908784  0.807760777609608  1.000000000000000  0.000000000000000  0.045405157799105  0.499307333050514  0.500000000000000 
127.0    L  0.043828101582575  0.000000000000000  0.008161216897377  0.006099894473495  0.032284824615129  0.000000000000000  0.000000000000000  0.013066349998657  0.000000000000000  0.840313752233282  0.005111633091621  0.000000000000000  0.000000000000000  0.000000000000000  0.000000000000000  0.015964376292411  0.013840117485974  0.009137403625406  0.012199788946990  0.000000000000000  0.997922718999051  0.002419626362859  0.000000000000000  0.500000000000000  0.500000000000000  0.000000000000000  0.000000000000000  0.045847917005229  0.498961359499525  1.000000000000000 
128.0    A  0.540737381741809  0.006332539999104  0.006099894473495  0.012031830847439  0.000000000000000  0.000000000000000  0.009571760405505  0.051653144884638  0.000000000000000  0.029977003728915  0.080102995260012  0.000000000000000  0.005429368046259  0.000000000000000  0.000000000000000  0.007910584432426  0.029197729590099  0.185051662250006  0.015942260300757  0.019998006466317  0.997922718999051  0.001924901048710  0.000000000000000  0.199990032083188  0.799960128332753  0.000000000000000  0.000000000000000  0.045847917005229  0.500000000000000  1.000000000000000 
129.0    R  0.090999346812443  0.014884968719437  0.012233660879008  0.008223680896167  0.021388809579560  0.009806812431896  0.022452190258501  0.019654452684938  0.046359216682535  0.120324305387719  0.071001829049168  0.003547454756725  0.010430846119499  0.042188687035086  0.431370672271328  0.033169475279681  0.024063661694877  0.008974205898414  0.000000000000000  0.009067999331123  0.997922718999051  0.002015006209573  0.000000000000000  1.000000000000000  0.000000000000000  0.000000000000000  0.000000000000000  0.046778843337272  0.500000000000000  1.000000000000000 
130.0    R  0.009698652277548  0.021255794568843  0.004940935712320  0.005924873224119  0.040610595701733  0.057911753868148  0.040470093714201  0.008275143239718  0.057432055217441  0.028301061969307  0.013221228071880  0.061810682273808  0.001985888033773  0.011890885787807  0.554784736033923  0.015377875344278  0.019586453444386  0.001931583821057  0.000000000000000  0.044532425442150  0.991716730738293  0.000000000000000  0.008275143239718  0.000000000000000  0.000000000000000  0.000000000000000  0.000000000000000  0.047267749915124  1.000000000000000  1.000000000000000 
131.0    I  0.006638164055771  0.009162773040874  0.000000000000000  0.000000000000000  0.026700304402804  0.004829200237972  0.000000000000000  0.579949827252717  0.013377941946038  0.292802545304702  0.026848773592100  0.000000000000000  0.000000000000000  0.000000000000000  0.000000000000000  0.005190178961314  0.004313276746731  0.013461658745500  0.000000000000000  0.016711673248207  1.000000000000000  0.000000000000000  0.000000000000000  0.000000000000000  0.000000000000000  0.779704842611323  0.220522841299294  0.048765342510856  1.000000000000000  0.495171435966512 
132.0    R  0.028379638053797  0.086329653008991  0.010934264574962  0.000000000000000  0.007094909513449  0.088510964888409  0.047662551664259  0.000000000000000  0.053068515402927  0.039281667953807  0.006385432253815  0.009752582413294  0.000000000000000  0.014033318326311  0.566049451055337  0.025155191800660  0.007006938747359  0.005219039368711  0.005129379396188  0.000000000000000  0.988285651500733  0.005343497280869  0.006319385534076  0.298127218082658  0.701735863019538  0.000000000000000  1.000000000000000  0.056211144509235  0.497579860910041  0.500000000000000 
133.0    G  0.021433332634228  0.000000000000000  0.018035709648701  0.024981432198515  0.000000000000000  0.739181215636921  0.007154169425142  0.000000000000000  0.027950153180706  0.008746975692611  0.000000000000000  0.020404059173264  0.000000000000000  0.023814762974059  0.060622619396358  0.030416542942445  0.003282475594661  0.003201580498584  0.000000000000000  0.010987446874321  0.993092495437036  0.003484095778985  0.003161883658388  0.333324669272800  0.666649338545599  0.755236292781413  0.244855074396732  0.074635199192162  0.500000000000000  0.496202187342909 
134.0    E  0.043555538708983  0.006297522121039  0.076946525834057  0.372936006672866  0.007134361328219  0.007785470803343  0.008980428500271  0.101601950248040  0.045185384204555  0.041035035169505  0.007264101114165  0.026168952734638  0.016944959513173  0.049790006017849  0.126744934973754  0.000000000000000  0.010103507280371  0.036676505571292  0.002161127642758  0.012638771068152  0.995159721820083  0.004619652344704  0.000000000000000  0.692074858025740  0.307999518361439  1.000000000000000  0.000000000000000  0.077804639711386  0.491751037013124  0.498270131413934 
135.0    R  0.000000000000000  0.000000000000000  0.051940366349603  0.063109456099793  0.010344444612464  0.083620472174132  0.107917444821801  0.015668381810954  0.043888902366812  0.043344717785356  0.021329589341956  0.038473262917029  0.020123150461091  0.049343367918785  0.331941289595609  0.042541066140609  0.007457976672967  0.025826572442319  0.034915223064757  0.008338479203437  1.000000000000000  0.000000000000000  0.000000000000000  1.000000000000000  0.000000000000000  0.000000000000000  0.000000000000000  0.084027187134539  0.497924876547229  1.000000000000000 
136.0    A  0.401090583176243  0.000000000000000  0.021929245719361  0.036549614501623  0.045405157799105  0.056995822844986  0.025365299405540  0.063197005053207  0.000000000000000  0.035231262879544  0.023930593704600  0.029625842660270  0.049275010878517  0.035971546603993  0.015050967094065  0.036297147872679  0.053958722410901  0.036046425158126  0.000000000000000  0.034054753506667  1.000000000000000  0.000000000000000  0.000000000000000  1.000000000000000  0.000000000000000  0.000000000000000  0.000000000000000  0.118585539392557  1.000000000000000  1.000000000000000 
