No:  residues  hmm_col_1  hmm_col_2  hmm_col_3  hmm_col_4  hmm_col_5  hmm_col_6  hmm_col_7  hmm_col_8  hmm_col_9  hmm_col_10  hmm_col_11  hmm_col_12  hmm_col_13  hmm_col_14  hmm_col_15  hmm_col_16  hmm_col_17  hmm_col_18  hmm_col_19  hmm_col_20  hmm_col_21   hmm_col_22   hmm_col_23   hmm_col_24   hmm_col_25   hmm_col_26   hmm_col_27   hmm_col_28   hmm_col_29   hmm_col_30   
1.0    M  0.000000000000000  0.017289021142067  0.000000000000000  0.000000000000000  0.031401994388243  0.000000000000000  0.000000000000000  0.000000000000000  0.014140725982545  0.016862941195382  0.863339558574412  0.021944451183406  0.000000000000000  0.000000000000000  0.000000000000000  0.012638771068152  0.022158438057492  0.000000000000000  0.000000000000000  0.000000000000000  0.971980987981352  0.019627224705368  0.008121714337307  1.000000000000000  0.000000000000000  0.000000000000000  0.000000000000000  0.040638754579640  0.493800430722686  1.000000000000000 
2.0    S  0.172659306017982  0.000000000000000  0.009387781636929  0.000000000000000  0.000000000000000  0.037369368649254  0.000000000000000  0.011272880366106  0.000000000000000  0.000000000000000  0.019942637012952  0.000000000000000  0.036854893508163  0.000000000000000  0.021687386234619  0.634195699662934  0.020789516266886  0.024130472909118  0.000000000000000  0.011841535675862  0.905006462882905  0.079936598829839  0.015050967094065  0.544121220835402  0.455966582759885  0.312082637225403  0.687770909069872  0.037759932605936  0.428688018317086  0.488692883205403 
3.0    G  0.053474689105163  0.000000000000000  0.000000000000000  0.010510681316577  0.000000000000000  0.556710809114343  0.022390025787080  0.032894723584670  0.102592701101312  0.000000000000000  0.016493026838093  0.020221025851295  0.015527829583165  0.019451159927846  0.026006210459735  0.084260483233566  0.039336161672027  0.000000000000000  0.000000000000000  0.000000000000000  0.951977908497532  0.000000000000000  0.047695600280017  0.000000000000000  0.000000000000000  0.000000000000000  1.000000000000000  0.030437633391976  1.000000000000000  0.481964903870322 
4.0    R  0.037317599596081  0.039445376003504  0.000000000000000  0.010650020369395  0.000000000000000  0.129857387912208  0.000000000000000  0.000000000000000  0.189333289484622  0.047104215923699  0.000000000000000  0.000000000000000  0.000000000000000  0.017277041458129  0.403880388804804  0.087595465567547  0.023340835267380  0.014189819026899  0.000000000000000  0.000000000000000  0.944092419150250  0.020151066416498  0.035451733904249  1.000000000000000  0.000000000000000  0.922742492653798  0.077053270341488  0.025988190574216  0.487677730763821  0.434371092575312 
5.0    G  0.028320685570854  0.011438169499575  0.008166875782853  0.006245358049629  0.000000000000000  0.767373048000443  0.000000000000000  0.000000000000000  0.017050998078983  0.000000000000000  0.008930768245422  0.025772923394065  0.014338123161115  0.015345931175990  0.000000000000000  0.046294993688135  0.023486898094774  0.027469986278493  0.000000000000000  0.000000000000000  0.959929261038908  0.018048215383650  0.021777769354492  0.284795844305529  0.714992493180845  0.000000000000000  1.000000000000000  0.024723040662045  0.482968164462423  0.473028823362798 
6.0    K  0.008076802626937  0.000000000000000  0.000000000000000  0.020832791829550  0.000000000000000  0.010068551800664  0.048294409352999  0.000000000000000  0.639492790638714  0.000000000000000  0.000000000000000  0.016277241078253  0.021552514403548  0.067545337627459  0.068535724286743  0.020517517584752  0.054978067245152  0.023732370153352  0.000000000000000  0.000000000000000  0.931094819830229  0.012490716099257  0.056523711097568  0.635075491269395  0.364755086060044  0.774319027853220  0.225781627537956  0.022828818414776  0.468136123717246  0.443190849597434 
7.0    G  0.081786129465938  0.000000000000000  0.023683071351725  0.014467906601989  0.000000000000000  0.555939578758553  0.000000000000000  0.000000000000000  0.120074357994185  0.000000000000000  0.008235089244459  0.000000000000000  0.020305297850866  0.032963197408377  0.010223266183242  0.111723145294598  0.010202029586632  0.000000000000000  0.000000000000000  0.010481579881893  0.917004043204671  0.040666932982560  0.042364510212500  0.240982451935161  0.758909626487027  0.181872585454345  0.817902058557781  0.020404059173264  0.450625231305415  0.425431864753270 
8.0    G  0.047530586038782  0.000000000000000  0.020347565462016  0.000000000000000  0.000000000000000  0.524131237758464  0.000000000000000  0.046038990181765  0.109045338221345  0.000000000000000  0.000000000000000  0.015239929086369  0.000000000000000  0.047662551664259  0.010387555532670  0.124913386623807  0.031120304784202  0.023683071351725  0.000000000000000  0.000000000000000  0.936921446872426  0.055591187096119  0.007823337935245  0.412652704256329  0.587230985606827  0.815072332402625  0.185051662250006  0.021182255106250  0.447202450891303  0.396392068305142 
9.0    K  0.044842172956459  0.000000000000000  0.006519603759027  0.015953314464175  0.000000000000000  0.067078767899591  0.031995215638389  0.007249011534932  0.538493188096524  0.035624164771671  0.000000000000000  0.017973310833603  0.000000000000000  0.007520269086732  0.133693385985656  0.042836962655616  0.032084048303750  0.018135998662246  0.000000000000000  0.000000000000000  0.888842681166570  0.032712821311705  0.078617810739751  0.124567532853483  0.875391329694264  0.216734390878672  0.782954296256543  0.019249969897590  0.454704125900367  0.463615273217731 
10.0    G  0.145390005193481  0.000000000000000  0.073353011142585  0.013555291986751  0.000000000000000  0.370873733460280  0.000000000000000  0.027699428099840  0.032396909406866  0.007036140467562  0.000000000000000  0.012413037501502  0.000000000000000  0.000000000000000  0.059128602920350  0.080381092714413  0.041263213781719  0.136407984631867  0.000000000000000  0.000000000000000  0.886996305152150  0.020977695355942  0.092205716067677  0.188286308329227  0.811689580977279  0.191710332459137  0.808320868805567  0.019330194979487  0.469761374607006  0.404440674180870 
11.0    L  0.022908074331081  0.013139006488339  0.000000000000000  0.007489058113226  0.000000000000000  0.107842668067832  0.011390698272005  0.000000000000000  0.210224103813429  0.217939559884266  0.050345268190547  0.055822865772048  0.044409126349417  0.052665426843947  0.076574083244042  0.090999346812443  0.011312016971715  0.026960667016958  0.000000000000000  0.000000000000000  0.936272247434492  0.018827692421794  0.045185384204555  0.288171586699716  0.712025097798536  0.349169633116849  0.651122094784514  0.019478143660548  0.491410299272626  0.344840230456765 
12.0    G  0.147215348699373  0.000000000000000  0.022797192878753  0.046811279200756  0.000000000000000  0.455650640318571  0.010613174098039  0.019998006466317  0.054033576956742  0.015345931175990  0.008286622979439  0.000000000000000  0.022359008125358  0.024180703024100  0.034770316268276  0.068156733291579  0.061939347704005  0.008037708655419  0.000000000000000  0.000000000000000  0.883927531063671  0.000000000000000  0.116064606538341  0.000000000000000  0.000000000000000  0.367037659008526  0.632878296985140  0.017824433060444  1.000000000000000  0.350867931509769 
13.0    K  0.029543816148461  0.000000000000000  0.000000000000000  0.060833085884890  0.000000000000000  0.108969779942133  0.041665583659100  0.013907433332070  0.504875648798343  0.028975954576108  0.009011606289531  0.000000000000000  0.032061817041786  0.023486898094774  0.048765342510856  0.055475708579344  0.030691862351981  0.011841535675862  0.000000000000000  0.000000000000000  0.651122094784514  0.093882495433808  0.254722799154181  0.429878243121503  0.569986636346731  0.284007316196672  0.715984370600572  0.018338252785646  0.424548123223420  0.310787417225985 
14.0    G  0.088021514182005  0.000000000000000  0.021732530807969  0.000000000000000  0.015345931175990  0.451250363731215  0.000000000000000  0.016781319869064  0.090873282332519  0.033772668813730  0.000000000000000  0.000000000000000  0.009131072254385  0.000000000000000  0.020193012978711  0.156149515706672  0.043949787497285  0.041120453907157  0.000000000000000  0.011694710834318  0.882702996290655  0.047596523115727  0.070024325887136  0.594191552528466  0.405844790488639  0.046778843337272  0.953298545288159  0.019410754402882  0.472046209575125  0.217637640824031 
15.0    G  0.049652150006007  0.000000000000000  0.000000000000000  0.000000000000000  0.010746420454217  0.618566239343586  0.020703234641331  0.013611784252223  0.038848427153248  0.010358795002333  0.000000000000000  0.000000000000000  0.093687475109722  0.019791160214425  0.030458738465361  0.048428495684948  0.015187202937209  0.010813669656652  0.000000000000000  0.018998113799736  0.986232704493359  0.000000000000000  0.013840117485974  0.000000000000000  0.000000000000000  0.061426287409078  0.938871747315452  0.013820944302055  1.000000000000000  0.209206560670848 
16.0    A  0.262065618879232  0.000000000000000  0.021642335439233  0.019196671569463  0.000000000000000  0.043404847992660  0.021050524638526  0.018788582014034  0.175312406330300  0.064973714698455  0.038393343138927  0.055552667572911  0.084318908396231  0.018632951130166  0.019209982300853  0.089064850884299  0.047464740306704  0.021050524638526  0.000000000000000  0.000000000000000  0.947370070599268  0.037291741969741  0.015570941606685  0.406407800992160  0.593368398828266  0.300825756499876  0.699308041369231  0.012762015486094  0.454074208860755  0.210661707375788 
17.0    K  0.085733330536912  0.008980428500271  0.016630784100834  0.000000000000000  0.000000000000000  0.020731955321831  0.008121714337307  0.007839623035230  0.477310507069858  0.023276210361292  0.000000000000000  0.000000000000000  0.027776333786455  0.055745532463756  0.154106540682976  0.082412100905773  0.031401994388243  0.000000000000000  0.000000000000000  0.000000000000000  0.984866442895551  0.005566553180269  0.009895580107213  1.000000000000000  0.000000000000000  0.245534898815848  0.754712984260280  0.007274178279924  0.492433221447775  0.264437740904607 
18.0    R  0.081729459283547  0.000000000000000  0.020095273178603  0.217035056900261  0.000000000000000  0.034578042284134  0.015898120189104  0.010124538792448  0.151249261152412  0.007304493732433  0.000000000000000  0.010223266183242  0.023880883136956  0.019750048413325  0.337509496280686  0.042747978246953  0.018919266936727  0.008992886650998  0.000000000000000  0.000000000000000  0.984184022033800  0.000000000000000  0.015810206266046  0.500000000000000  0.500000000000000  0.239483804555674  0.760489376620505  0.006280085865181  0.483303048532487  0.301870147871624 
19.0    H  0.022923958502614  0.000000000000000  0.006606033495137  0.032940356977836  0.011784219349114  0.035624164771671  0.194656172765415  0.266092545613340  0.115502821555853  0.031445556984306  0.006647372886770  0.012413037501502  0.009827226342469  0.069830446129514  0.065244495463857  0.046070913040347  0.041839226780576  0.016424576704495  0.000000000000000  0.014199658069508  0.935623497831400  0.024998754010399  0.039664715188119  0.520510798842056  0.479299719246488  0.805524291048750  0.194521294138855  0.006210822273039  0.436786447958347  0.323088207659373 
20.0    R  0.017397212784823  0.027584468634083  0.016504462896123  0.011678509754960  0.000000000000000  0.018517074545962  0.036524289017539  0.012276133072931  0.185951720304313  0.035427169149326  0.017836792298856  0.026350972195316  0.019478143660548  0.034506213973847  0.418413121341696  0.060120465916548  0.047366142703450  0.007494250932229  0.000000000000000  0.006537705020964  0.988970916380931  0.008026573745148  0.003014219091912  0.588045625145482  0.411795508633787  0.454074208860755  0.546010272872826  0.006693609021629  0.470413053756894  0.384485207817567 
21.0    K  0.064480198706335  0.008246513419047  0.008549169541100  0.021138253610161  0.014895289770127  0.014978116226453  0.034746223672410  0.006944083446614  0.330792859977030  0.027603595358796  0.009200959293711  0.027450952132449  0.042247213532129  0.032217759962337  0.214641359109438  0.083388948104861  0.024147204676500  0.021868529149925  0.000000000000000  0.012473412286823  0.995159721820083  0.001782354469811  0.003175060945251  0.035723072981689  0.964598184584138  0.309712174445977  0.690158676698315  0.005819052590323  0.500000000000000  0.428688018317086 
22.0    I  0.011776053980925  0.011406500083238  0.011017952816284  0.016108879981169  0.036021448337465  0.020081349022959  0.015810206266046  0.108292107050011  0.079660039207454  0.117358968414432  0.032917532373589  0.007365504186861  0.029790579540255  0.038499939795180  0.033562639738129  0.063592480756418  0.039010329653175  0.101180277068426  0.000000000000000  0.226565484566834  0.979420297586927  0.004900008611410  0.015744590006414  0.401090583176243  0.598739352309464  0.859756486243006  0.140340177759201  0.005358333158557  0.475659138165900  0.442576882289773 
23.0    L  0.016401823181610  0.000000000000000  0.000000000000000  0.029749309640548  0.010761328487368  0.010591127553125  0.008367428306183  0.041206050452886  0.024518253059273  0.113912660079643  0.011390698272005  0.020432364820887  0.018853811245637  0.339621571137236  0.022051185053261  0.219912268980609  0.058314561971050  0.048428495684948  0.000000000000000  0.005436899968090  0.993781093322555  0.002993398359781  0.003400588137875  1.000000000000000  0.000000000000000  0.365008002663630  0.635075491269395  0.005086891365504  0.499653546495226  0.456599125005996 
24.0    R  0.038181034427297  0.006939271842519  0.022734073181793  0.050730598811080  0.000000000000000  0.003687861012306  0.017003788151106  0.014082038478294  0.359733395002705  0.017277041458129  0.008332701412748  0.010438078737423  0.015145153389610  0.027299152997397  0.326464946772229  0.058679484207216  0.007921558435860  0.005624731712948  0.003884649096380  0.005835208816845  0.967947026893737  0.012824087637664  0.019303416205108  0.150621539374348  0.849096246446840  0.000000000000000  1.000000000000000  0.004835899573584  0.466839972457657  0.468460723436213 
25.0    D  0.059375023929680  0.000000000000000  0.166662334636400  0.084905392784309  0.009909307807233  0.042659178683911  0.026848773592100  0.007416735319926  0.013202912256446  0.015030116479137  0.008826150113829  0.028242272710971  0.008132981231907  0.009578397344165  0.011509747545441  0.407253781535108  0.083794536973771  0.006176477473468  0.003632050557083  0.006651982091789  0.983502074026248  0.011825131195075  0.004515182447480  0.416676603579609  0.583174684894234  0.632001549226403  0.367801686463934  0.004428396143666  0.474342157570227  0.424548123223420 
26.0    N  0.076999879590360  0.008043281901828  0.062803988776487  0.056680645558321  0.004157696025208  0.075415244982548  0.005974360460480  0.015303442149796  0.042305821220389  0.005118724233822  0.003438511771731  0.081052472165688  0.017849160107009  0.071396640428034  0.028066636652623  0.110797712399358  0.281850103036355  0.040836414184162  0.000000000000000  0.011990203875007  0.965936328924846  0.017039183322895  0.017169597149639  0.113125807860363  0.886996305152150  0.361984543094890  0.637722195839272  0.004063672916102  0.467163673441590  0.454389058224260 
27.0    I  0.015700997194122  0.005229903347572  0.203063099089059  0.219303387183206  0.002001087544986  0.033984012214215  0.011094588738621  0.093298648956060  0.076256281892014  0.042247213532129  0.018198962288570  0.063022028430912  0.009093176050017  0.025453361345944  0.092654188112677  0.036701936600427  0.016769691974898  0.030374405874417  0.000000000000000  0.005474716597972  0.958599438492977  0.033077637339848  0.008155561932982  0.404440674180870  0.595841287287023  0.456915725114700  0.542990928161147  0.003657313466541  0.395568650592725  0.414372452243996 
28.0    Q  0.097395572457562  0.007468322793701  0.018945512797840  0.032017400719775  0.049446081324091  0.010416395914775  0.032307210507749  0.028557232819669  0.017241152188156  0.360982298880624  0.030018589498546  0.021642335439233  0.030628106729433  0.066017851584491  0.070756181381917  0.041406469282663  0.039363436873356  0.034410674940561  0.000000000000000  0.010866265403984  0.945402116750744  0.049377581991461  0.005076324462717  0.462652214018926  0.537374586427751  0.753667454779191  0.246387334234843  0.003356096699012  0.333787075823977  0.409518348929914 
29.0    G  0.041435180009333  0.004896613361096  0.033353916813749  0.075782051191359  0.027718634536005  0.136597217387619  0.014690221914205  0.064883704408941  0.023035456520173  0.246558176123340  0.010613174098039  0.036397924577139  0.006772949714958  0.089498046325071  0.017615631439772  0.059457392270737  0.034291623049351  0.037707622491274  0.004055231525559  0.034650020112596  0.925946022527324  0.074016975740852  0.000000000000000  0.456915725114700  0.543367431263029  0.796640096285583  0.203203900496080  0.003398231846518  0.200545291588122  0.456599125005996 
30.0    I  0.012216713173884  0.002290693260219  0.000000000000000  0.000000000000000  0.211246596103128  0.000000000000000  0.005009908604540  0.311434353892368  0.000000000000000  0.352330188785505  0.018350968300213  0.003026780980309  0.009067999331123  0.004822510183178  0.000000000000000  0.007598866776658  0.009665097489744  0.041320456410705  0.001748095841656  0.010012874407502  0.994470168673214  0.000000000000000  0.005343497280869  0.021270533070304  0.978741650397436  0.583983697306559  0.415811049187453  0.003221615424258  0.499653546495226  0.494485458190466 
31.0    T  0.029217974929733  0.006323767316777  0.002063057862015  0.002282768063596  0.003472041723307  0.015527829583165  0.005601387687562  0.004635690615846  0.011382805577328  0.021672358892678  0.000000000000000  0.015092755139451  0.616426162731903  0.008986655416802  0.096121301954392  0.084085450532614  0.073863221683398  0.000000000000000  0.000000000000000  0.003360752463326  0.991029563264079  0.007421877991210  0.001707380117989  0.317317721504951  0.682546858942583  0.807201074504765  0.192776353175993  0.003037289202666  0.462652214018926  0.482968164462423 
32.0    K  0.022749836703111  0.002048807280420  0.004230371271586  0.004815829396343  0.004337261068862  0.003884649096380  0.011517728260087  0.068964608752622  0.340800651820627  0.089003137224817  0.011605882192663  0.022266212721075  0.018338252785646  0.035871950432969  0.134436798807172  0.018389167769043  0.031884520601514  0.165970644797805  0.003179465566681  0.005810991259510  0.993781093322555  0.001217383978784  0.005317633267576  1.000000000000000  0.000000000000000  0.000000000000000  1.000000000000000  0.002956282798769  0.499307333050514  0.489370825198718 
33.0    P  0.284598507268719  0.003266587499664  0.076733480244691  0.039445376003504  0.003363082766949  0.118750047859361  0.004533999665561  0.022781396544009  0.021732530807969  0.122767449407924  0.012595044242078  0.006805892126111  0.053623158151793  0.011751591807724  0.026515871928309  0.133415667254995  0.041810236087066  0.009420373653834  0.002620394970473  0.003391172764067  0.999307092990453  0.000841353671594  0.000000000000000  0.324434691734796  0.675487042267819  0.000000000000000  1.000000000000000  0.002978909479016  0.487002134271620  0.453445164466571 
34.0    A  0.142200653484063  0.019303416205108  0.013592927386073  0.005978503007120  0.008060024838292  0.008561029425373  0.012595044242078  0.038287041622021  0.018504243935213  0.017960857000542  0.008303872455926  0.046552420722584  0.189464570813800  0.007401328676557  0.211393071844379  0.092782723164316  0.097193254485320  0.052519609514580  0.000000000000000  0.009368280576493  0.950000382874886  0.047596523115727  0.002629492322806  0.421323414751576  0.578344091952644  0.079164640857701  0.920825697205040  0.002950141768677  0.361232599480881  0.453445164466571 
35.0    I  0.008795613954193  0.001934263421744  0.000000000000000  0.000000000000000  0.209206560670848  0.002180689378872  0.000000000000000  0.337275633584925  0.000000000000000  0.077750728331154  0.043555538708983  0.000000000000000  0.000000000000000  0.000000000000000  0.001474048797383  0.003739341633575  0.020703234641331  0.289974913626359  0.003291589177747  0.000000000000000  0.994470168673214  0.000000000000000  0.005547294369310  0.000000000000000  0.000000000000000  0.000000000000000  1.000000000000000  0.002522377637309  1.000000000000000  0.452503231441453 
36.0    R  0.084494427064258  0.012886461697033  0.028656376350146  0.047695600280017  0.004518313218380  0.040949793870574  0.089933348750676  0.010330114102676  0.181494784987987  0.015166163590149  0.017591227908387  0.034007576302213  0.010995065432230  0.145390005193481  0.123878695408010  0.067685940345370  0.044041273598188  0.018048215383650  0.002128422094167  0.020109206989082  0.995159721820083  0.002881428627115  0.002060199838024  0.105257869201052  0.895025070927972  0.205755086319677  0.794434400096105  0.002378058630201  0.461691155364697  0.439824537961218 
37.0    R  0.052229184932616  0.009011606289531  0.054749894691695  0.045436641166260  0.000000000000000  0.007530701622974  0.025524030972188  0.004613252583709  0.138888591081887  0.017799740269096  0.006155108484761  0.019011286853657  0.000000000000000  0.044594203303684  0.475329550614909  0.048394939240826  0.019464647118273  0.027261334555336  0.000000000000000  0.003844468836070  0.988285651500733  0.001632162029144  0.009752582413294  0.250000000000000  0.750019494642909  0.663422570298581  0.336575017319196  0.001081313070785  0.498270131413934  0.442576882289773 
38.0    L  0.012404436420807  0.004137571619859  0.000000000000000  0.005350910077990  0.110337874536332  0.002524126622339  0.014792400488074  0.245194750997138  0.008566965535843  0.381829374490175  0.045657636829552  0.003974530047276  0.000000000000000  0.006693609021629  0.003257543139941  0.008710673583810  0.013592927386073  0.102096123888753  0.006606033495137  0.024433426347769  0.994470168673214  0.005182988830458  0.000416325630746  0.280485870132621  0.719466790005410  0.802737388715953  0.197100043514070  0.001120998451030  0.441045682598588  0.450937689191125 
39.0    A  0.222518933313124  0.040246300922182  0.000000000000000  0.003577084712571  0.019791160214425  0.010547171758771  0.008408125974873  0.111878133865997  0.004690638388614  0.217035056900261  0.107172004579271  0.000000000000000  0.007872295003207  0.006341324851385  0.004337261068862  0.015635834179103  0.008384845987449  0.207617506022724  0.000000000000000  0.004002175089972  0.998614666101029  0.001031528931008  0.000181341909260  0.109727724701190  0.890075733252496  0.743291492215508  0.256494536334285  0.001095647930206  0.497924876547229  0.489710148793463 
40.0    R  0.067779838052691  0.009685216405773  0.011509747545441  0.070658160445287  0.003841804976665  0.015898120189104  0.023486898094774  0.000000000000000  0.329876977693224  0.022374511581268  0.008704637897026  0.024130472909118  0.004343277959051  0.054863862350595  0.291991848653279  0.027110583973502  0.014619117153616  0.014199658069508  0.004992575637512  0.000000000000000  0.984866442895551  0.011257263662796  0.003606962151287  0.215685336135664  0.784040454075739  0.000000000000000  1.000000000000000  0.001084315267215  0.455966582759885  0.497235084336607 
41.0    R  0.043404847992660  0.008021012075937  0.054749894691695  0.302079460847486  0.004680894614607  0.020011872833278  0.016390458243359  0.005778857458003  0.099442060469365  0.034149304346905  0.012015162744299  0.030206440533280  0.002638621258859  0.063153215405423  0.113282742283417  0.145692649766820  0.032329611922466  0.010145614083827  0.000000000000000  0.001864494168242  0.997922718999051  0.001340512139897  0.000607848747745  0.369846877312209  0.630251695791493  0.293819082104943  0.706127202192377  0.001082062839712  0.483973513446869  0.474342157570227 
42.0    G  0.101601950248040  0.017652300227658  0.064883704408941  0.016886334406865  0.011735311929226  0.178996092650143  0.045154074935110  0.176654205485341  0.027110583973502  0.049480366616954  0.041291825176821  0.029339742103608  0.002917604408423  0.014288517023436  0.020517517584752  0.052628934600526  0.020703234641331  0.120658378108970  0.002212663838468  0.005200982864205  0.900001929793512  0.095325103328518  0.004453020596459  0.220217343531745  0.779704842611323  0.254017535748425  0.745872013345733  0.001080563821379  0.242826873885408  0.480963727332387 
43.0    G  0.088449635020416  0.006857982793824  0.061128967090459  0.020919613390288  0.003172860923267  0.334713814244611  0.028399316139016  0.031995215638389  0.051940366349603  0.096054698830501  0.009310020113860  0.059663813383732  0.046423528770651  0.011477879947487  0.031796240378209  0.041377778449856  0.047398985792951  0.022359008125358  0.000000000000000  0.006542238183660  0.799405830352472  0.193579756963305  0.007139308204917  0.273005136436413  0.726986258660155  0.502780290199234  0.497235084336607  0.001025113948851  0.102663837594008  0.440129506781575 
44.0    V  0.083910781423766  0.010532560404196  0.055668306287918  0.017713584574663  0.053809324271181  0.016176014435022  0.013239569296033  0.136313466583157  0.017799740269096  0.045468146363586  0.008974205898414  0.053511767784154  0.117115180859053  0.026096497482137  0.014427848605147  0.029935475569459  0.021838233935173  0.208193942720137  0.001843930506153  0.067358321565229  0.682073917439677  0.307146745111412  0.010679589468295  0.564482202403066  0.435275281648062  0.597081593537295  0.402762145524375  0.001029386155557  0.032486857349227  0.411510172639354 
45.0    K  0.045689295262501  0.004035603076891  0.042541066140609  0.106063487713237  0.027167017502813  0.042159454198116  0.039747281460737  0.041521431690516  0.137356777197110  0.102592701101312  0.037943590137345  0.028497911422493  0.015314053364717  0.036829356494115  0.059210629412454  0.052556025953357  0.088510964888409  0.052628934600526  0.003303016747568  0.036372704200067  0.910669833591978  0.070756181381917  0.018581361171918  0.547905883223845  0.452189688780544  0.592135805926816  0.408101523075451  0.001082062839712  0.242322454233766  0.408384495555011 
46.0    R  0.036423162441705  0.011359160291565  0.022328033433455  0.028656376350146  0.002084619800859  0.041291825176821  0.016504462896123  0.026904662135591  0.091823039579894  0.029238234307231  0.034363004666080  0.049104532291724  0.047828024056958  0.041579032533771  0.378141999320990  0.069252021741558  0.035698320214017  0.026998068356259  0.004379554992299  0.006045175756025  0.988285651500733  0.005058761714275  0.006688970973019  0.273005136436413  0.726986258660155  0.581157053759059  0.418703243754213  0.001113255149115  0.485990493990676  0.401368694357977 
47.0    I  0.047894373756493  0.025155191800660  0.011654250208527  0.016042024151875  0.126044056861824  0.004038401313469  0.008844522672740  0.281850103036355  0.016898043179432  0.112890813768978  0.036221748497014  0.000000000000000  0.007646419143730  0.003767961658532  0.003214923223745  0.004575039770386  0.015920174947136  0.199990032083188  0.035231262879544  0.042071877164899  0.997231251352069  0.001460825935901  0.001573289630955  0.670821112441131  0.329191730514811  0.225000482448378  0.774855930959171  0.001164559445635  0.500000000000000  0.425137080032098 
48.0    S  0.075310769687174  0.005703250041619  0.030883926609398  0.063548417080747  0.003041502699460  0.087050717541815  0.008384845987449  0.032329611922466  0.010949433195943  0.003022587878012  0.000000000000000  0.035871950432969  0.017445515030978  0.139274206352417  0.022467758325734  0.321970407377456  0.087292408279212  0.047596523115727  0.002110791800858  0.005663854815933  0.981459063853479  0.002110791800858  0.016176014435022  0.698339266233699  0.301660979930191  0.252262908461170  0.747942879181195  0.001150917390441  0.484980955170867  0.434672280045011 
49.0    A  0.142299253634360  0.010194960528820  0.078400137782562  0.110032376695394  0.005652089397932  0.046327094056339  0.015997607819194  0.004546588025008  0.158439065254303  0.008269409334962  0.007380836257791  0.038340155539181  0.073556671076173  0.043919334381460  0.045216715183454  0.161880374856803  0.024826075003003  0.019984149707460  0.001770042848178  0.003024683702552  0.899378312147752  0.098141014834197  0.002714684023130  0.993092495437036  0.006862738033112  0.406971592535217  0.592957249705474  0.001364889620948  0.243163736853071  0.402483068810561 
50.0    Q  0.057751410777926  0.003393524160745  0.218393223979174  0.192642777089602  0.016968466505036  0.066155274679696  0.009671799147168  0.021929245719361  0.045657636829552  0.029564301460175  0.013975076590353  0.026867390195094  0.017506081471784  0.045279442329840  0.054863862350595  0.100203166174924  0.049928244778072  0.014761672515581  0.002671748640435  0.011849746448238  0.995159721820083  0.002090407614115  0.002816267327071  0.650220073274240  0.349896466398799  0.148960321821756  0.850863729506541  0.001308382424246  0.493800430722686  0.432268615653933 
51.0    I  0.505926600513464  0.025016087833009  0.005248060256724  0.008229383093397  0.011915637916065  0.024315161767357  0.002343694106198  0.054071043161562  0.023997035464095  0.009093176050017  0.005347202394890  0.005343497280869  0.034482304376311  0.002289106022802  0.009284243008257  0.073607674349686  0.059788009880742  0.137738139484576  0.000000000000000  0.002150667183785  0.996540262827868  0.003452841918217  0.000000000000000  0.172659306017982  0.827596816078205  0.000000000000000  1.000000000000000  0.001304759842178  0.490389501994276  0.433769343576034 
52.0    Y  0.080772051914843  0.008710673583810  0.005990947889348  0.018427446754082  0.024808872841614  0.004123256709523  0.003868526843488  0.124136561929630  0.058801631719612  0.218090676442690  0.058354996557207  0.003898135621090  0.103593113060999  0.005815020527994  0.053660339777360  0.031906628928350  0.012691443693066  0.110567554416443  0.000000000000000  0.071644511608024  0.994470168673214  0.003911668967622  0.001543049437233  0.632439771176968  0.367801686463934  0.037577164028068  0.962594443101751  0.001304759842178  0.486664687079119  0.433769343576034 
53.0    E  0.063460381304339  0.006003418676906  0.121161227116883  0.217939559884266  0.021717472185037  0.032577055026285  0.015887104270187  0.051617354058483  0.045689295262501  0.072594295745358  0.019873640730368  0.038902319855693  0.013849714049920  0.032150834621674  0.016209686508838  0.051474438579223  0.030227385300435  0.135936048856860  0.007149212250999  0.005524271728020  1.000000000000000  0.000000000000000  0.000000000000000  0.000000000000000  0.000000000000000  0.300825756499876  0.699308041369231  0.001304759842178  1.000000000000000  0.428390977384285 
54.0    E  0.260616440210280  0.022608357591727  0.039472726932681  0.097733705391074  0.022923958502614  0.001850332169139  0.012395841299862  0.049036506118547  0.019832357594059  0.115984184558910  0.024433426347769  0.012361520331023  0.008838394240984  0.058517015464656  0.008777342992435  0.043646204139606  0.053660339777360  0.051154323849425  0.000000000000000  0.096254646779509  0.997922718999051  0.001963985508591  0.000421844818067  0.035673584597712  0.964598184584138  0.000000000000000  1.000000000000000  0.001303855764937  0.497924876547229  0.450000964896756 
55.0    T  0.031862427593693  0.010701820155981  0.000000000000000  0.000000000000000  0.051260806949795  0.006877023543462  0.002301834780882  0.154320325861692  0.000000000000000  0.480297431976738  0.094535499830248  0.000000000000000  0.005273585879386  0.004594106446449  0.003852471501927  0.021050524638526  0.031336763621909  0.098277161517541  0.000000000000000  0.003358423774387  0.999307092990453  0.000678200749885  0.000000000000000  0.099995016041594  0.900001929793512  0.000000000000000  1.000000000000000  0.001304759842178  0.500000000000000  0.442270217665770 
56.0    R  0.202360554136852  0.010166733245640  0.020221025851295  0.019223302261737  0.002140257356343  0.016142412307565  0.015239929086369  0.012665079998208  0.014437852694482  0.058112808913323  0.022702578899553  0.082812938565325  0.023003544721378  0.200823499189258  0.079494562921473  0.083910781423766  0.094863703310878  0.038234001285371  0.000000000000000  0.003438511771731  1.000000000000000  0.000000000000000  0.000000000000000  0.000000000000000  0.000000000000000  0.000000000000000  1.000000000000000  0.001304759842178  1.000000000000000  0.442270217665770 
57.0    N  0.137833645383614  0.006412043818832  0.100481373842894  0.309712174445977  0.004388671496217  0.042393885232740  0.006488047063210  0.002559362116911  0.106801217611217  0.009888723390393  0.008252231448061  0.025630403474898  0.006853230849475  0.046843737554861  0.070170088879601  0.058435949859466  0.033516144275561  0.016874633747389  0.000000000000000  0.006515086279883  0.997922718999051  0.001755381106662  0.000000000000000  0.333324669272800  0.666649338545599  0.000000000000000  1.000000000000000  0.001303855764937  0.491410299272626  0.442270217665770 
58.0    V  0.311866392978511  0.078345813777543  0.037603219562484  0.019011286853657  0.069204036530268  0.013649576498698  0.003796800734302  0.092589987376270  0.004010506037969  0.046778843337272  0.044687030823803  0.004419197120492  0.003594483010253  0.005928981456930  0.000000000000000  0.054939972556987  0.020688889224928  0.177636505397670  0.000000000000000  0.011241668593835  1.000000000000000  0.000000000000000  0.000000000000000  0.000000000000000  0.000000000000000  0.054598305994793  0.945402116750744  0.001303855764937  1.000000000000000  0.442270217665770 
59.0    L  0.180992271547445  0.063813257856700  0.000000000000000  0.001950419269729  0.032667503131411  0.007710285514733  0.009303569135664  0.076627178753322  0.002003863565112  0.233258247884202  0.038875364165577  0.003312187361848  0.011710934388715  0.005347202394890  0.006810611246383  0.082698214994258  0.082870360018666  0.126218912199586  0.003296155453633  0.030522141530070  0.997231251352069  0.000767790324356  0.002198903488548  0.500000000000000  0.500000000000000  0.047234997759882  0.952637998043937  0.001304759842178  0.500000000000000  0.445346450303340 
60.0    K  0.023308500417054  0.008478354467827  0.059046690062325  0.446273485736488  0.013801797679398  0.007688937672139  0.019437682082789  0.013621222492767  0.084787770465479  0.008161216897377  0.003825860537449  0.026700304402804  0.003192716126907  0.053031743856619  0.043980261728919  0.058072542140682  0.061001985048514  0.026006210459735  0.005497532716115  0.034220389712299  0.995849753094458  0.002573593655731  0.001543049437233  0.216284172646247  0.784040454075739  0.110874538144019  0.888842681166570  0.001307475836893  0.478304079045937  0.434672280045011 
61.0    S  0.113754853010112  0.009258537272981  0.097598311575924  0.116386852478779  0.031532863557646  0.007839623035230  0.010843693117309  0.039664715188119  0.029441602309525  0.061341191490842  0.038956287321097  0.018148573936339  0.006345721846533  0.022577037467555  0.090747392493993  0.045657636829552  0.013093548979187  0.064883704408941  0.012691443693066  0.169223284881557  0.999307092990453  0.000000000000000  0.000808760411460  0.000000000000000  0.000000000000000  0.064793818813733  0.934975197751455  0.001305664546294  1.000000000000000  0.434070113800521 
62.0    F  0.006032618227280  0.004944361695196  0.002531134698112  0.008437316873694  0.338446569763115  0.000000000000000  0.014397877909355  0.040666932982560  0.010145614083827  0.172898828626371  0.056484545421943  0.005175808660333  0.007427024228358  0.021270533070304  0.069492447344819  0.003035184643688  0.016700093612672  0.036071419297401  0.005455775517451  0.180491149440312  0.996540262827868  0.000747831053269  0.002976845371757  0.069733707645310  0.930449657703015  0.393926943024673  0.605836330215122  0.001302952314138  0.490389501994276  0.435577096071128 
63.0    L  0.064301669243348  0.017469716421342  0.007489058113226  0.024046987815013  0.051904376505681  0.015635834179103  0.006306258394568  0.224688781652757  0.018236845340914  0.268501117905031  0.027016788478371  0.002962436612059  0.000000000000000  0.008361630456458  0.018073252873520  0.014477938467037  0.082640912821411  0.132402291835485  0.009936820365184  0.005558841645448  0.893785162356787  0.104603280335424  0.001827389644202  0.168988854128516  0.831045861593648  0.185308376225354  0.814507563070215  0.001313835164572  0.244515868361835  0.452189688780544 
64.0    E  0.103091693576260  0.016607744911852  0.028320685570854  0.125695072549809  0.009049162548396  0.029935475569459  0.045405157799105  0.033215489823705  0.072393300387165  0.053031743856619  0.012726680672972  0.021050524638526  0.002417949786792  0.028755864082027  0.138504043483116  0.071347169195423  0.078291527414008  0.123193667117421  0.004565536127192  0.002461920686686  0.991716730738293  0.003124844251300  0.005410583859808  1.000000000000000  0.000000000000000  0.000000000000000  1.000000000000000  0.001311105959746  0.496546247718518  0.450937689191125 
65.0    S  0.047006367230897  0.011133106360537  0.050066867349351  0.213898756420651  0.042541066140609  0.056328153913177  0.033307710502123  0.038366740122346  0.051796556530500  0.029873291174804  0.029523345031163  0.068583246098703  0.003783664801667  0.080660155653236  0.048462075396688  0.064793818813733  0.036372704200067  0.031423768137452  0.001803481075643  0.060287386536509  0.992404374685819  0.005912565597537  0.001963985508591  0.278548412704833  0.721464343430814  0.314471242959004  0.685391402489852  0.001325727519414  0.467163673441590  0.436483795566881 
66.0    V  0.019695365493484  0.006011746953753  0.002122529028371  0.004322255285517  0.028795755818709  0.005037766604125  0.004775938584735  0.253665636645220  0.000000000000000  0.296273192735396  0.025524030972188  0.000000000000000  0.000000000000000  0.004556052225736  0.011398596439376  0.002224967533637  0.017603425445270  0.315563008028029  0.000000000000000  0.002571810394647  1.000000000000000  0.000000000000000  0.000000000000000  0.500000000000000  0.500000000000000  0.342458244991391  0.657471380102535  0.001323890944141  0.497235084336607  0.450000964896756 
67.0    I  0.124308771084152  0.015155654849090  0.000000000000000  0.000000000000000  0.131670129494355  0.052012420919470  0.000000000000000  0.117766409238101  0.004271622880799  0.222673225151670  0.028755864082027  0.003060535886521  0.003503469373680  0.003564708939623  0.007380836257791  0.087534770055450  0.110414381435183  0.080772051914843  0.000000000000000  0.007154169425142  0.891310495896971  0.103521332666818  0.005486112795852  0.220675749072664  0.779164579660500  0.000000000000000  1.000000000000000  0.001318396469846  0.250000000000000  0.468136123717246 
68.0    R  0.047006367230897  0.005512796263315  0.052229184932616  0.298540796768647  0.005746901350999  0.045626000332954  0.023195680791079  0.007089993400915  0.098755163982922  0.028008334361544  0.008716713455664  0.033679160782615  0.001861911221266  0.092461719328052  0.079000193653300  0.105039219029160  0.046359216682535  0.014639397607382  0.003330605045969  0.003358423774387  0.986232704493359  0.009518830184962  0.004060857168653  0.082070070339009  0.917639882311365  0.198333460797786  0.801625329399394  0.002364908367091  0.466516495768404  0.443498152576075 
69.0    D  0.042130241616783  0.024163948045479  0.287572973337651  0.178376813214735  0.017086491523197  0.019956464987428  0.024860515117341  0.017998244411709  0.038234001285371  0.124740339874881  0.011965296852300  0.027776333786455  0.000000000000000  0.029482445340480  0.042013593567270  0.040638754579640  0.040023745666555  0.016379101179952  0.001459813719370  0.015239929086369  0.999307092990453  0.000000000000000  0.000984719194233  1.000000000000000  0.000000000000000  0.201800268626191  0.798298386356650  0.002282768063596  0.497924876547229  0.443498152576075 
70.0    A  0.571569167707018  0.028895727441053  0.006167920989848  0.000000000000000  0.002658816633788  0.019410754402882  0.000000000000000  0.009800017222820  0.000000000000000  0.066985841408518  0.002429710260349  0.004829200237972  0.007769298192759  0.011374918351555  0.002159630182266  0.181746564665039  0.059087632296921  0.025225033578274  0.000000000000000  0.000000000000000  0.989656656415207  0.001715684508278  0.008402299925448  0.333324669272800  0.666649338545599  0.000000000000000  1.000000000000000  0.002287519885193  0.497235084336607  0.450937689191125 
71.0    V  0.072242919159675  0.026904662135591  0.009479324689443  0.041035035169505  0.019750048413325  0.126131454230585  0.020789516266886  0.064034801439550  0.031664278129971  0.037707622491274  0.015335297872711  0.159651719899424  0.006824788249349  0.041148966314351  0.047861187409199  0.069060280299994  0.033749267494778  0.103521332666818  0.029217974929733  0.043828101582575  0.994470168673214  0.003836482793998  0.001959905758808  0.234880687303503  0.765248384911334  0.067171823303469  0.933032991536807  0.002321060752064  0.479299719246488  0.413511684221633 
72.0    T  0.078836088051953  0.012216713173884  0.055207190717592  0.097260647069427  0.012868609644806  0.011517728260087  0.008355836624103  0.051688960527704  0.120240931833097  0.145692649766820  0.035648866120888  0.112812590932804  0.010768790257622  0.049652150006007  0.039637231228933  0.040358042196948  0.074635199192162  0.034434534871144  0.001538777121190  0.006777645993376  0.986232704493359  0.006003418676906  0.008026573745148  0.327371355770891  0.672683604260913  0.675018992561373  0.325110036637120  0.002319452472800  0.478635729097649  0.411795508633787 
73.0    Y  0.107097744346071  0.108592773143828  0.000000000000000  0.026024242840017  0.120407736752519  0.007329853097661  0.033889919026346  0.067685940345370  0.015581738302376  0.123792858991628  0.019263317585372  0.017664540111322  0.000000000000000  0.011759740214149  0.030819772015417  0.018325546081748  0.021597378227009  0.085792776953432  0.004163463812765  0.180241108932528  0.995159721820083  0.000000000000000  0.004845966006701  1.000000000000000  0.000000000000000  0.185822873053877  0.813943185070435  0.002259156609190  0.500000000000000  0.444729496768949 
74.0    T  0.423666217473059  0.118585539392557  0.000000000000000  0.000000000000000  0.003996630741150  0.004642121504129  0.006829520471956  0.013212066990274  0.010919116967586  0.020531744174209  0.077589218220382  0.005539609514373  0.017385158134138  0.006679704514781  0.012378668920703  0.117358968414432  0.127449710374774  0.028183605574445  0.000000000000000  0.004999501616579  0.992404374685819  0.004742948767168  0.002607711529875  0.367546834097260  0.632439771176968  0.000000000000000  1.000000000000000  0.002262290637099  0.481630947010074  0.439215234119181 
75.0    E  0.029873291174804  0.010510681316577  0.031708204580653  0.171229122495696  0.004819168632068  0.014328188175073  0.050625217102003  0.083794536973771  0.136691932185579  0.052120690239060  0.023633874957562  0.049755506173674  0.011117683290895  0.071100326742032  0.144586022988161  0.033492920704259  0.033054717613076  0.034650020112596  0.000000000000000  0.012904338514621  0.989656656415207  0.007144258511718  0.003358423774387  0.192109397661002  0.807760777609608  0.178872065002864  0.821310700752066  0.002270144741246  0.470413053756894  0.433468781757343 
76.0    H  0.046843737554861  0.005030787615273  0.092269650355177  0.047006367230897  0.007861389246076  0.016827912128016  0.413225159077106  0.013592927386073  0.049104532291724  0.055168937268166  0.008949358577967  0.034794425569646  0.010230354867840  0.041781265481410  0.038687196588670  0.044811101500495  0.022235366581791  0.008531410513638  0.000000000000000  0.042896388476716  0.988970916380931  0.006528648116577  0.004286452881169  0.279128240495643  0.720964435730112  0.195061370043426  0.804966137621122  0.002263859281063  0.476979775273779  0.413798408039103 
77.0    A  0.343171107813728  0.015506318354466  0.030969673852002  0.060538636826664  0.011948720920959  0.067732872927799  0.023633874957562  0.008183875992967  0.030883926609398  0.023099412988654  0.000000000000000  0.096856991369896  0.019518689463334  0.033984012214215  0.066661611301985  0.125520942904872  0.025612643988672  0.009413846210897  0.002722221169311  0.004103299000042  0.992404374685819  0.007807086663988  0.000000000000000  0.362235538638720  0.637722195839272  0.553632292242143  0.446273485736488  0.002281186317604  0.445964259710046  0.417254640577705 
78.0    K  0.019859870145401  0.006223750752231  0.024740183308477  0.025970183174801  0.000000000000000  0.196010113518935  0.024013674707625  0.000000000000000  0.433769343576034  0.012250632094933  0.001782354469811  0.076468002570742  0.004772629303412  0.026205255763779  0.095855166229568  0.042570563582515  0.009545258606824  0.000000000000000  0.000000000000000  0.000000000000000  0.988970916380931  0.004030012419146  0.006810611246383  0.409234590795402  0.590496330714765  0.259175275254930  0.740719899010160  0.002278026112868  0.475000191437443  0.443805668634749 
79.0    R  0.029543816148461  0.018465805420849  0.000000000000000  0.020109206989082  0.002289106022802  0.014833470639852  0.018048215383650  0.003515632538256  0.156800275565124  0.010753871887427  0.004869535915137  0.003881957395791  0.005531935305526  0.006656594492772  0.633756261017212  0.040582456335309  0.006078790441839  0.020221025851295  0.001715684508278  0.002554045602611  0.988970916380931  0.008967987608242  0.002002475074001  0.177267504459932  0.823020345278708  0.215685336135664  0.784584097896751  0.002325892283916  0.467163673441590  0.429282718218877 
80.0    K  0.029543816148461  0.009624984948795  0.011751591807724  0.015700997194122  0.007169061580558  0.009923054551084  0.016746460352130  0.027223568504446  0.347720492927497  0.033146491917757  0.007588339808919  0.022577037467555  0.018211581220852  0.039885274025905  0.096054698830501  0.077750728331154  0.096254646779509  0.131487722400484  0.000000000000000  0.001678048349506  0.976708528962227  0.022328033433455  0.000984719194233  0.261702570493644  0.738157202841417  0.439824537961218  0.560194607097088  0.002335585540578  0.434973676354325  0.436786447958347 
81.0    T  0.014437852694482  0.008361630456458  0.014033318326311  0.030081076346930  0.006533174999329  0.009264957026648  0.016311123865964  0.029852591761951  0.045405157799105  0.024416496255385  0.011048543456040  0.015668381810954  0.019156794688331  0.023897441841918  0.129139298460517  0.017241152188156  0.555939578758553  0.027622735345740  0.000000000000000  0.001643514613839  0.987600861445373  0.007198938954677  0.005306587049019  1.000000000000000  0.000000000000000  0.515841589650680  0.483973513446869  0.002363269705506  0.481297221550876  0.457232544749951 
82.0    V  0.005659930291230  0.013248749447393  0.000000000000000  0.000000000000000  0.007807086663988  0.003412394124675  0.009381276777228  0.391748593474670  0.004103299000042  0.259534817635764  0.019804883156788  0.003881957395791  0.031012636708932  0.000000000000000  0.000000000000000  0.019410754402882  0.002991324213075  0.227983291379942  0.000000000000000  0.000000000000000  1.000000000000000  0.000000000000000  0.000000000000000  0.000000000000000  0.000000000000000  0.327371355770891  0.672683604260913  0.002355093413459  1.000000000000000  0.448133349784702 
83.0    T  0.039664715188119  0.014170161389580  0.048361406048200  0.053105312446166  0.010301512613222  0.011890885787807  0.011841535675862  0.039472726932681  0.073403873200853  0.034698088550895  0.093622558401511  0.100481373842894  0.005937206470318  0.071644511608024  0.019451159927846  0.086329653008991  0.259354984141403  0.020011872833278  0.000000000000000  0.006310631075075  1.000000000000000  0.000000000000000  0.000000000000000  0.250000000000000  0.750019494642909  0.204617295397701  0.795536483754919  0.002355093413459  0.496546247718518  0.465870214652387 
84.0    S  0.173619391970639  0.014308338850283  0.012174446557195  0.030353359235676  0.011179504062679  0.042629619839980  0.005616939581433  0.029543816148461  0.044656066866909  0.038956287321097  0.006934463572418  0.005966083976409  0.269060031195949  0.022035905632569  0.034602018265134  0.046262915562502  0.082812938565325  0.109879945113973  0.000000000000000  0.019236631458514  0.995159721820083  0.002570028369197  0.002546974092302  0.094797971585903  0.905006462882905  0.000000000000000  1.000000000000000  0.002366548164903  0.494485458190466  0.473356815618357 
85.0    L  0.025242524300300  0.006284440397984  0.108442335894008  0.163572258931876  0.016042024151875  0.037838533873455  0.014013877494719  0.010173782731008  0.156800275565124  0.011343424061749  0.022467758325734  0.035280137650192  0.008807815719886  0.061896429495814  0.187504873660727  0.064704057740086  0.038902319855693  0.011784219349114  0.011981895778696  0.006920058742987  0.996540262827868  0.001590835084122  0.001683874111362  0.166662334636400  0.833353207159218  0.342220953272960  0.657927262514504  0.002378058630201  0.500000000000000  0.464902471306581 
86.0    D  0.002115185635793  0.000000000000000  0.704172113456040  0.032419373017675  0.003109719135855  0.005908468739390  0.165970644797805  0.002416274372436  0.008656502717695  0.016243428674614  0.002660660223907  0.009499056899868  0.003414760235978  0.005986796719562  0.003887342663360  0.008240799352094  0.022530138616566  0.000000000000000  0.000000000000000  0.002808469790717  0.998614666101029  0.000000000000000  0.001049559739117  0.000000000000000  0.000000000000000  0.409518348929914  0.590496330714765  0.002327505028465  1.000000000000000  0.473028823362798 
87.0    V  0.012132326171891  0.005365766536834  0.000000000000000  0.004733096329806  0.028105572254617  0.000000000000000  0.000000000000000  0.337041932934264  0.004160578919506  0.144485838319350  0.076733480244691  0.000000000000000  0.004839252725718  0.004120399676047  0.000000000000000  0.013888166893228  0.011565728890625  0.350381862270187  0.000000000000000  0.002324280656849  0.999307092990453  0.000939382279946  0.000000000000000  0.333324669272800  0.666649338545599  0.000000000000000  1.000000000000000  0.002379707546241  0.500000000000000  0.482633512435878 
88.0    V  0.051904376505681  0.015581738302376  0.063813257856700  0.048160694272400  0.025737219289612  0.003443281866825  0.021211640310625  0.086389512908036  0.095788747512986  0.123707082051901  0.026150820083856  0.033031813767543  0.006730829372750  0.203344799533031  0.052775055463986  0.036347501298370  0.018161157929971  0.080269738061839  0.001429771187447  0.005990947889348  0.998614666101029  0.001614160777645  0.000000000000000  0.111105335145821  0.888842681166570  0.561360711036804  0.438606774366411  0.002417949786792  0.500000000000000  0.482633512435878 
89.0    Y  0.049893649147291  0.018671737575887  0.015441963304699  0.030018589498546  0.039996012932635  0.010265872087104  0.030585676574920  0.018594245254792  0.049275010878517  0.392564059336786  0.032917532373589  0.051724801004888  0.000000000000000  0.034842694335241  0.040274207202657  0.049138580758771  0.053623158151793  0.019654452684938  0.025880333166705  0.036727385263118  0.998614666101029  0.001246414813310  0.000000000000000  0.500000000000000  0.500000000000000  1.000000000000000  0.000000000000000  0.002389625080336  0.500000000000000  0.495171435966512 
90.0    A  0.647521499427212  0.013527133836245  0.004227440017679  0.007987722895390  0.003086098874466  0.027776333786455  0.020890632740705  0.011702819800189  0.000000000000000  0.048529304687565  0.014690221914205  0.000000000000000  0.011125392153102  0.000000000000000  0.005508976408142  0.063022028430912  0.025612643988672  0.084027187134539  0.002480763637771  0.008408125974873  0.999307092990453  0.000728390638033  0.000000000000000  0.199990032083188  0.799960128332753  0.000000000000000  0.000000000000000  0.002384661157557  0.500000000000000  1.000000000000000 
91.0    L  0.067311648512066  0.009916178797030  0.004876291206647  0.004355336791905  0.022405550750247  0.006805892126111  0.003632050557083  0.161880374856803  0.011079219028746  0.355026839635857  0.072745408400134  0.004239177233913  0.007070362991273  0.009131072254385  0.079936598829839  0.014864348067684  0.015197733553317  0.146502785459314  0.000000000000000  0.003030979899511  0.995849753094458  0.000000000000000  0.004126115724031  0.000000000000000  0.000000000000000  0.000000000000000  0.000000000000000  0.002371474383584  1.000000000000000  1.000000000000000 
92.0    K  0.036397924577139  0.019383864026803  0.052921582022658  0.121834953861444  0.006900898839699  0.034172983046395  0.032509383328812  0.022797192878753  0.156908998910330  0.007883215889412  0.004812492474397  0.038181034427297  0.007213924302573  0.070756181381917  0.296067902963408  0.039118639332937  0.024826075003003  0.010851211998165  0.000000000000000  0.016481598704188  0.990342871933025  0.006345721846533  0.003410029652866  1.000000000000000  0.000000000000000  0.000000000000000  1.000000000000000  0.002392940101376  0.474342157570227  0.491751037013124 
93.0    R  0.041035035169505  0.003892735401671  0.052628934600526  0.077643017611527  0.012208248127692  0.033516144275561  0.014833470639852  0.103306289769276  0.070364911633548  0.113754853010112  0.023617498879941  0.129677492070701  0.003898135621090  0.027527167941468  0.159984051730538  0.052374195916747  0.034291623049351  0.032084048303750  0.005562696076551  0.007828762539685  0.953959550547558  0.007094909513449  0.038767728053606  0.304602565918798  0.695440985854994  0.741747466920561  0.258457684061991  0.002369831172361  0.475659138165900  0.480630464194381 
94.0    Q  0.022718320583130  0.017457611532378  0.052701944390632  0.005566553180269  0.020418207092081  0.020861692238999  0.020617311105826  0.041781265481410  0.052592467642836  0.210807777562528  0.073048578035078  0.087656203165150  0.006583178355493  0.082013203411998  0.144686277123765  0.033889919026346  0.031401994388243  0.063857505169644  0.000000000000000  0.011351289449776  0.754712984260280  0.211833108736530  0.033772668813730  0.727490341817379  0.272249253834027  0.049755506173674  0.950000382874886  0.002353461552724  0.180992271547445  0.392564059336786 
95.0    G  0.026278012976679  0.007243988644027  0.054825846795801  0.072695002596741  0.002720334923182  0.519789717587639  0.016220926102235  0.038340155539181  0.008561029425373  0.031489180012828  0.011907381487029  0.055054335882936  0.009964409309989  0.008620576094078  0.040893064732969  0.014771908074230  0.006796463693036  0.064748922722501  0.004123256709523  0.004910208494226  0.989656656415207  0.002161127642758  0.008229383093397  0.333324669272800  0.666649338545599  0.633317126861609  0.366783336041831  0.003043611639299  0.500000000000000  0.331711285149290 
96.0    R  0.026387527731993  0.012832979699251  0.060203868376259  0.232612414425754  0.204333832122071  0.001696762080372  0.019846109102169  0.071545260037418  0.013157233650131  0.046778843337272  0.029873291174804  0.029116888415774  0.010287241578588  0.029116888415774  0.106431713468618  0.024163948045479  0.047202268298838  0.018814646581741  0.000000000000000  0.015570941606685  0.962594443101751  0.012551468699329  0.024688790995731  0.315781815461450  0.683967651951245  0.862143545017596  0.138120560599989  0.002887426623582  0.478304079045937  0.413225159077106 
97.0    T  0.019654452684938  0.000000000000000  0.125260200634954  0.089684345912919  0.008826150113829  0.043404847992660  0.015484836926001  0.023147496844068  0.026867390195094  0.026460791011329  0.008912216530222  0.051367511705928  0.224844578036938  0.025719385789960  0.070511383591032  0.072192861534599  0.095589767367673  0.049790006017849  0.017409275794052  0.004954653903617  0.945402116750744  0.009466192659611  0.045060277233132  1.000000000000000  0.000000000000000  0.514413353946788  0.485317234884773  0.003131348942966  0.492774668469685  0.430176315305720 
98.0    L  0.056133273305246  0.000000000000000  0.073353011142585  0.080325396091836  0.015239929086369  0.015909143746322  0.016367751985934  0.135090675254919  0.019627224705368  0.272815969263734  0.019681718436678  0.068964608752622  0.011686607487206  0.048194088293998  0.011102281587354  0.035206850890540  0.010828670981644  0.083388948104861  0.003381783459061  0.022765611154656  0.997231251352069  0.002978909479016  0.000000000000000  1.000000000000000  0.000000000000000  0.904379377561088  0.095325103328518  0.003321383437751  0.500000000000000  0.408951029278891 
99.0    Y  0.030122806491895  0.005831165559754  0.016711673248207  0.017122058850745  0.169928530238342  0.007630535382517  0.016886334406865  0.007442484359718  0.004499561102927  0.021898866391887  0.013820944302055  0.011719054603795  0.066800374450688  0.027185854772145  0.009698652277548  0.013564691056266  0.003594483010253  0.012123919598045  0.005478512697822  0.537747195228689  0.993781093322555  0.000000000000000  0.006297522121039  0.000000000000000  0.000000000000000  0.000000000000000  1.000000000000000  0.003179465566681  1.000000000000000  0.494485458190466 
100.0    G  0.056055509978876  0.008379036068890  0.096789878481653  0.054447137008891  0.000000000000000  0.571965486601904  0.004886441719192  0.000000000000000  0.004610056028657  0.000000000000000  0.000000000000000  0.031228346655952  0.005493723437161  0.041349107497129  0.018723578458428  0.065425642623411  0.004978752450466  0.030734439813320  0.000000000000000  0.005086891365504  0.996540262827868  0.000000000000000  0.003760134543366  0.500000000000000  0.500000000000000  0.527045711645369  0.473028823362798  0.004143311489720  0.498615625676035  0.485653747770817 
101.0    F  0.007447644885064  0.000000000000000  0.005609158244623  0.007899625631651  0.702709350103360  0.000000000000000  0.032599643547808  0.020789516266886  0.000000000000000  0.029831906691866  0.008496003053554  0.000000000000000  0.000000000000000  0.000000000000000  0.000000000000000  0.008373230176065  0.000000000000000  0.015082297263621  0.000000000000000  0.161208531331986  0.974679630891549  0.014498023069864  0.011125392153102  0.465547409915115  0.534402995605504  1.000000000000000  0.000000000000000  0.006036801169125  0.467163673441590  0.490389501994276 
102.0    G  0.096388176587996  0.006510571930931  0.101742898133804  0.063548417080747  0.014477938467037  0.233419986228828  0.043828101582575  0.008893703352147  0.020760715845258  0.006138066536465  0.000000000000000  0.077966598244628  0.019505164826588  0.025719385789960  0.000000000000000  0.160428237195363  0.096521891636473  0.024097044146999  0.000000000000000  0.000000000000000  0.969961910341735  0.030185510278901  0.000000000000000  0.423079298300145  0.576742802530011  1.000000000000000  0.000000000000000  0.011759740214149  0.490729531926740  0.496546247718518 
103.0    G  0.078345813777543  0.000000000000000  0.022297101651842  0.000000000000000  0.000000000000000  0.376311686852767  0.000000000000000  0.011662331119507  0.000000000000000  0.000000000000000  0.000000000000000  0.078672323344054  0.015367219906660  0.000000000000000  0.000000000000000  0.377879982079057  0.022561393680039  0.016898043179432  0.000000000000000  0.000000000000000  1.000000000000000  0.000000000000000  0.000000000000000  1.000000000000000  0.000000000000000  0.000000000000000  0.000000000000000  0.018211581220852  1.000000000000000  1.000000000000000 
