No:  residues  hmm_col_1  hmm_col_2  hmm_col_3  hmm_col_4  hmm_col_5  hmm_col_6  hmm_col_7  hmm_col_8  hmm_col_9  hmm_col_10  hmm_col_11  hmm_col_12  hmm_col_13  hmm_col_14  hmm_col_15  hmm_col_16  hmm_col_17  hmm_col_18  hmm_col_19  hmm_col_20  hmm_col_21   hmm_col_22   hmm_col_23   hmm_col_24   hmm_col_25   hmm_col_26   hmm_col_27   hmm_col_28   hmm_col_29   hmm_col_30   
1.0    V  0.023930593704600  0.001591938149224  0.008127345832203  0.003637089139962  0.009264957026648  0.004562372635207  0.000000000000000  0.290780010386963  0.019064070473003  0.010459806695144  0.106505511884358  0.019410754402882  0.007630535382517  0.006015915423719  0.080492601844364  0.019183370061173  0.042013593567270  0.331022227598849  0.002605904628277  0.013545899429917  0.985549336939371  0.008189550589976  0.006167920989848  0.306296332976169  0.693996359507796  0.000000000000000  0.000000000000000  0.050345268190547  0.491751037013124  1.000000000000000 
2.0    I  0.011195012893540  0.005208197957387  0.000000000000000  0.007223931860263  0.017122058850745  0.004310288047039  0.000000000000000  0.752623373705534  0.001771270173698  0.059663813383732  0.019998006466317  0.028144561870248  0.000000000000000  0.002475610394598  0.010532560404196  0.003895434575594  0.003153129197284  0.065652784000672  0.002322670146490  0.004474679288983  0.980099415341871  0.004459198074714  0.015166163590149  0.604577837916681  0.395568650592725  0.560194607097088  0.439824537961218  0.046908721797324  0.496890546661277  0.495514781632040 
3.0    R  0.008961773626767  0.000000000000000  0.019915009801863  0.002824086512785  0.001512341851276  0.009239304689407  0.004091937996484  0.020081349022959  0.044625124365158  0.007562086147607  0.071743900865938  0.009093176050017  0.000000000000000  0.001951771665997  0.727994774499543  0.037136972033029  0.012199788946990  0.008431470597691  0.009439983151484  0.003172860923267  0.976708528962227  0.010019817209080  0.013075410041928  0.399702915176236  0.600401713742604  0.129408115480172  0.870550563296124  0.047794883683837  0.483638164806966  0.481630947010074 
4.0    S  0.021108970070869  0.017098339082199  0.003400588137875  0.012508043916505  0.032712821311705  0.070560275300383  0.000000000000000  0.024030325488598  0.021241066279793  0.038022573707315  0.000000000000000  0.023421868777430  0.006564951189323  0.008992886650998  0.009143739386520  0.625031151292605  0.034506213973847  0.020305297850866  0.003472041723307  0.028008334361544  0.955945317593742  0.019303416205108  0.024671683959392  0.489031736723670  0.510860041357151  0.262975444800968  0.737134608645551  0.040864729641774  0.469761374607006  0.470413053756894 
5.0    S  0.050520054300348  0.010103507280371  0.041752314949691  0.459138081150462  0.004361378757744  0.013012121420009  0.007299432397525  0.008408125974873  0.185951720304313  0.017373111836205  0.000000000000000  0.022173802440631  0.010344444612464  0.057871626407958  0.020934118787935  0.028066636652623  0.007694269085121  0.025880333166705  0.018645870984871  0.010430846119499  0.979420297586927  0.017133931071686  0.003445669395301  0.441351498145327  0.558643569036110  0.000000000000000  1.000000000000000  0.043555538708983  0.481297221550876  0.443498152576075 
6.0    N  0.002074529661124  0.002392940101376  0.027035521580781  0.009793226722193  0.005266280202098  0.012310216969521  0.024399577893981  0.035182455816774  0.047333322371155  0.006601456128223  0.003841804976665  0.733566672083662  0.003086098874466  0.006944083446614  0.014518135535171  0.038794609110191  0.011343424061749  0.002960383918966  0.000000000000000  0.012630013575087  0.976031760776225  0.008832270055661  0.015314053364717  0.701249625321201  0.298747801214196  0.852634891767957  0.147419574032652  0.038526635170744  0.488354264481114  0.439824537961218 
7.0    F  0.007556846325109  0.024382671255428  0.009545258606824  0.012267626854275  0.234717936828863  0.024860515117341  0.022143084320441  0.329419987933535  0.018775563273857  0.201660439805532  0.020717590004667  0.004578212045604  0.016734856612366  0.001304759842178  0.005900283537355  0.025225033578274  0.012612516789137  0.016968466505036  0.003807342308170  0.006805892126111  0.991716730738293  0.004505803144766  0.003807342308170  1.000000000000000  0.000000000000000  0.846158596600290  0.153999759180720  0.034458411345904  0.494485458190466  0.469435873657726 
8.0    T  0.023831275832129  0.007710285514733  0.006958538285990  0.009732323559137  0.006398724202030  0.003257543139941  0.010012874407502  0.016862941195382  0.043224707156593  0.020631606890859  0.007583081795075  0.025862400502444  0.018453010334836  0.036625696364829  0.029319412390646  0.196963471512337  0.529609167341938  0.004815829396343  0.000000000000000  0.002099119478233  0.993092495437036  0.004370457425921  0.002573593655731  0.383420664918273  0.616426162731903  0.155286035223055  0.844400887423782  0.033725882390763  0.486664687079119  0.489031736723670 
9.0    D  0.019545766876770  0.008200911590805  0.339151081861918  0.022844647631251  0.001548406516817  0.014915953345933  0.014558444207887  0.007406460665068  0.055591187096119  0.007509851003037  0.000000000000000  0.376833727389595  0.004896613361096  0.016886334406865  0.007075265492327  0.042101049277053  0.040610595701733  0.008924580053504  0.000000000000000  0.011382805577328  0.972654947412286  0.023389421668636  0.004242116626259  0.151564102382717  0.848507901705896  0.074946244611945  0.925304428037852  0.033819520141429  0.449689156073876  0.486327473706143 
10.0    N  0.013415084944340  0.000000000000000  0.032803646363221  0.007228940844046  0.000000000000000  0.012208248127692  0.013955716443012  0.010627897284422  0.021477948368313  0.003700664338278  0.034031156729253  0.712518807074392  0.003616976650497  0.020221025851295  0.005970220784239  0.057432055217441  0.039118639332937  0.002228054132556  0.005585878852975  0.003700664338278  0.945402116750744  0.011662331119507  0.042629619839980  0.443805668634749  0.555939578758553  0.122937759253281  0.877213548732822  0.031928752584822  0.483638164806966  0.480630464194381 
11.0    A  0.503477775028359  0.003781043073804  0.017603425445270  0.009598335784732  0.002103489016002  0.063372467486877  0.008992886650998  0.019451159927846  0.032240099353167  0.011517728260087  0.008138620539127  0.010873799936180  0.028242272710971  0.010672189505894  0.027776333786455  0.045879707376066  0.101954686667376  0.077213664820433  0.000000000000000  0.017027376753333  0.983502074026248  0.005208197957387  0.011179504062679  1.000000000000000  0.000000000000000  0.677832163400000  0.322193657621254  0.034650020112596  0.491410299272626  0.419574818553271 
12.0    K  0.009725579963923  0.002378058630201  0.019859870145401  0.037059828106592  0.008507789182313  0.018300159081544  0.014179986801831  0.011033237534256  0.694959109921168  0.002584319218571  0.000000000000000  0.034506213973847  0.009772883438385  0.028696130071904  0.016064278541501  0.021433332634228  0.043828101582575  0.008632535037499  0.000000000000000  0.018645870984871  0.996540262827868  0.000000000000000  0.003744529056613  0.849096246446840  0.151039730423743  0.460093825312437  0.539988279916441  0.030628106729433  0.496546247718518  0.455650640318571 
13.0    I  0.009162773040874  0.000000000000000  0.008980428500271  0.004434539461508  0.001693237428740  0.000000000000000  0.003513196531827  0.133600748901376  0.007089993400915  0.007279222103944  0.002748766358057  0.201102092735479  0.026830169888680  0.004283482767921  0.011638105180646  0.050380176968310  0.450000964896756  0.073403873200853  0.000000000000000  0.003873893479446  0.993781093322555  0.001818544569981  0.004331252514074  0.125000000000000  0.874784764905822  0.493458272942921  0.506628450079543  0.030060232958274  0.498270131413934  0.469435873657726 
14.0    I  0.005251699195909  0.002566468021776  0.000000000000000  0.000000000000000  0.010445316370353  0.000000000000000  0.012225184089633  0.796640096285583  0.009156424091207  0.031620412532092  0.011040887842834  0.000000000000000  0.002653293524510  0.007927051145163  0.009732323559137  0.015744590006414  0.014358013804360  0.021823102069803  0.005715121955876  0.043284670878466  0.978063473447339  0.012378668920703  0.009426905622818  0.408384495555011  0.591725510876286  0.492774668469685  0.506979739895015  0.030206440533280  0.473685035299634  0.477972658796871 
15.0    I  0.006376586298054  0.007910584432426  0.000000000000000  0.003022587878012  0.000000000000000  0.012344395497865  0.000000000000000  0.736623842908240  0.022405550750247  0.086090627898946  0.014761672515581  0.015229369232680  0.003284751622085  0.001873562733057  0.009011606289531  0.031141883213371  0.014558444207887  0.026442456143759  0.000000000000000  0.008844522672740  1.000000000000000  0.000000000000000  0.000000000000000  1.000000000000000  0.000000000000000  0.255961725107111  0.743806881217253  0.030649343874642  0.498615625676035  0.472373520498603 
16.0    V  0.010047636589302  0.012560171730362  0.000000000000000  0.004648561313698  0.003296155453633  0.016176014435022  0.004212814186306  0.073251392729657  0.000000000000000  0.025844480263852  0.014978116226453  0.002126947295578  0.000000000000000  0.012850782323632  0.000000000000000  0.019437682082789  0.004169239601719  0.757858283255199  0.001809742308380  0.036625696364829  0.988970916380931  0.010724097119179  0.000000000000000  0.597495602428391  0.402762145524375  0.022266212721075  0.978063473447339  0.030543305200338  0.483638164806966  0.479632059662632 
17.0    H  0.012115518849172  0.000000000000000  0.010474317121721  0.005002968208319  0.000000000000000  0.003122679024814  0.159209684415812  0.018135998662246  0.029016151634585  0.024130472909118  0.000000000000000  0.047234997759882  0.014538275901610  0.528509020280690  0.028537445312875  0.025844480263852  0.089622203000989  0.000000000000000  0.004613252583709  0.000000000000000  0.997922718999051  0.002126947295578  0.000000000000000  0.333324669272800  0.666649338545599  0.146604368653985  0.853226098112067  0.030798416779355  0.497924876547229  0.479964630519454 
18.0    L  0.010911551034902  0.000000000000000  0.003448058579260  0.012985091587401  0.104385989928546  0.006087223278598  0.002925704950047  0.009207339123529  0.030143693268254  0.736113431084089  0.000000000000000  0.002506691206178  0.014812921330135  0.004700402445311  0.005723050291451  0.005727018582770  0.003873893479446  0.023195680791079  0.004280514712686  0.019183370061173  0.973329374158238  0.024552266145862  0.001869670816788  0.376050937847172  0.623732785957023  0.091315273659105  0.908778116448520  0.030606884299591  0.457549584063964  0.483303048532487 
19.0    N  0.025630403474898  0.003949812815825  0.031730190652170  0.023552107961850  0.001633293749832  0.003675101982476  0.016734856612366  0.022452190258501  0.142102121654502  0.006492545793700  0.015452670568452  0.545253866332629  0.003695537682522  0.009759344731667  0.017457611532378  0.019410754402882  0.041752314949691  0.035500914524584  0.000000000000000  0.033562639738129  0.993781093322555  0.004533999665561  0.002008034817688  0.172300644121954  0.827596816078205  0.049721030234682  0.950000382874886  0.030606884299591  0.491751037013124  0.480630464194381 
20.0    K  0.023930593704600  0.000000000000000  0.038446604523473  0.361733721467631  0.000000000000000  0.009271381231692  0.016447361792335  0.010033717257730  0.197373471675139  0.014538275901610  0.001309289640215  0.051154323849425  0.001954479272388  0.031467360939272  0.036171569280941  0.074531804520664  0.078128893911576  0.011694710834318  0.014619117153616  0.027318081887824  0.959264119325264  0.013583508751407  0.027223568504446  0.441657525740733  0.558256480991286  0.184283652161388  0.815637493339010  0.030777076340486  0.477310507069858  0.478635729097649 
21.0    S  0.057352492644460  0.001979017383123  0.001918241396999  0.014812921330135  0.004010506037969  0.019956464987428  0.005369487092078  0.011288518733778  0.016584737639841  0.039472726932681  0.006015915423719  0.041752314949691  0.203063099089059  0.011874412940637  0.014731008373722  0.401925495371576  0.139757731370733  0.005656008485858  0.000000000000000  0.002492829626619  0.987600861445373  0.010731533073669  0.001370577857460  0.625898229326997  0.374230746698173  0.829319545814442  0.170400325910313  0.032441852204471  0.484309094613314  0.430176315305720 
22.0    V  0.008116086744513  0.018749552849581  0.001286796827865  0.015854102290326  0.001394535136411  0.007993261482300  0.003183876298448  0.136976470805961  0.000000000000000  0.095061172077563  0.000000000000000  0.006963363249195  0.000000000000000  0.004940935712320  0.000000000000000  0.013677989526473  0.011202775375124  0.657927262514504  0.007329853097661  0.009264957026648  0.998614666101029  0.001495662106537  0.000000000000000  1.000000000000000  0.000000000000000  0.000000000000000  1.000000000000000  0.030206440533280  0.498961359499525  0.485653747770817 
23.0    K  0.044997853703584  0.000000000000000  0.012456132445946  0.225938181687771  0.001594146574513  0.016898043179432  0.003852471501927  0.028359973603661  0.142102121654502  0.016769691974898  0.006838994763236  0.110337874536332  0.029036271070341  0.089684345912919  0.055092509869198  0.046007089442756  0.083968964107581  0.062025273417864  0.002529380857138  0.021597378227009  0.996540262827868  0.000981312324633  0.002733566143741  1.000000000000000  0.000000000000000  0.000000000000000  1.000000000000000  0.029421202016913  0.499653546495226  0.485653747770817 
24.0    I  0.000000000000000  0.000000000000000  0.005410583859808  0.000000000000000  0.005391864661706  0.000000000000000  0.003890038098025  0.774319027853220  0.003770574315905  0.066063627535086  0.059087632296921  0.016619260513956  0.000000000000000  0.000000000000000  0.007753159177233  0.011304178795863  0.020249077584896  0.026168952734638  0.000000000000000  0.000000000000000  0.992404374685819  0.007704943003854  0.000000000000000  0.442270217665770  0.557869661162482  0.610050255136112  0.389852421305662  0.029380443828410  0.482633512435878  0.480297431976738 
25.0    N  0.003710938995605  0.015250496262129  0.020067434515460  0.033031813767543  0.001488422685879  0.003895434575594  0.016153605253874  0.044873265956982  0.020674553748564  0.011735311929226  0.001906312032766  0.504525816922341  0.002710923279327  0.009055437124254  0.011133106360537  0.031884520601514  0.193043783272946  0.051617354058483  0.000000000000000  0.023147496844068  0.997231251352069  0.001301147290129  0.001375336159094  0.500000000000000  0.500000000000000  0.277777182163773  0.722465198961763  0.029177498278604  0.499307333050514  0.493116352246680 
26.0    C  0.008004350179944  0.900625979847929  0.000000000000000  0.000000000000000  0.003056296022408  0.002919627438740  0.000000000000000  0.008350046806336  0.000000000000000  0.011477879947487  0.000000000000000  0.000000000000000  0.000000000000000  0.000000000000000  0.008555097428075  0.011406500083238  0.004322255285517  0.033261568201667  0.001788542356285  0.006501552614934  0.990342871933025  0.007737053686977  0.001813509477162  0.195874296737335  0.803850990743151  0.000000000000000  1.000000000000000  0.028696130071904  0.485990493990676  0.492433221447775 
27.0    T  0.015777364024948  0.006040987011370  0.003179465566681  0.026205255763779  0.005679580145782  0.002439836182917  0.009271381231692  0.118585539392557  0.033679160782615  0.006533174999329  0.015517070241204  0.013536513381251  0.028399316139016  0.023814762974059  0.042042725266307  0.039747281460737  0.563309614248640  0.041091961256408  0.000000000000000  0.005288227652549  0.991029563264079  0.006524124370534  0.002311427776860  0.199990032083188  0.799960128332753  0.334250123851284  0.665725806618185  0.028656376350146  0.489370825198718  0.488015880388112 
28.0    R  0.007391075365044  0.000000000000000  0.019887420863687  0.007483868892365  0.004192422993724  0.027603595358796  0.000000000000000  0.008454880035357  0.015657525079369  0.000000000000000  0.002054495662508  0.002666198667744  0.000000000000000  0.019901210551977  0.833931043824964  0.030060232958274  0.013313188985545  0.003664926548831  0.000000000000000  0.003584530790279  0.997922718999051  0.001995547036551  0.000326416136574  0.333324669272800  0.666649338545599  0.000000000000000  1.000000000000000  0.028895727441053  0.498615625676035  0.487002134271620 
29.0    P  0.007021524426649  0.000000000000000  0.003179465566681  0.013917076571979  0.001814766941896  0.004274584770550  0.009055437124254  0.004259795830724  0.029036271070341  0.030628106729433  0.000000000000000  0.001445716111328  0.807201074504765  0.002359995787871  0.010216182410443  0.016781319869064  0.051012690384431  0.005924873224119  0.000000000000000  0.001819805525986  0.969289816935065  0.018287478773040  0.012612516789137  0.783497186949341  0.216584214100022  0.560194607097088  0.439824537961218  0.028955876934074  0.469761374607006  0.486327473706143 
30.0    N  0.018274807250812  0.013763583970734  0.020876157474845  0.006578616825066  0.016176014435022  0.241819082403483  0.029096713119695  0.009290680585959  0.008801712722635  0.013276328111541  0.000000000000000  0.328963631257252  0.015581738302376  0.015560152392101  0.009342342162313  0.127892183716804  0.028419007868773  0.005062269396224  0.014121136355486  0.077106698113094  0.958599438492977  0.032307210507749  0.009118422670457  0.380508345209840  0.619424348891954  0.715984370600572  0.284204243309004  0.027450952132449  0.435879119768531  0.474342157570227 
31.0    N  0.007899625631651  0.000000000000000  0.028359973603661  0.008980428500271  0.002897451042658  0.009618315729257  0.015345931175990  0.022035905632569  0.042101049277053  0.005395603313062  0.002409584316034  0.696405740334518  0.009992074853730  0.037525107108913  0.013975076590353  0.034101996157967  0.041148966314351  0.005819052590323  0.000000000000000  0.015898120189104  0.982820598545251  0.013129902378645  0.004198238956467  0.240481863666194  0.759435844907265  0.905633983017823  0.094469995519764  0.030926770512975  0.476649272644080  0.434672280045011 
32.0    N  0.004690638388614  0.000000000000000  0.006358931133363  0.007850498597061  0.005871724523694  0.002974782694733  0.010679589468295  0.039254449410735  0.111105335145821  0.022297101651842  0.009322935492435  0.581963267201068  0.006163647194160  0.039037378926668  0.046294993688135  0.018658799798040  0.050625217102003  0.004996037426865  0.000000000000000  0.031620412532092  0.986232704493359  0.009492474936758  0.004502681042183  0.475329550614909  0.524858341811534  0.639049681601526  0.360982298880624  0.028596849003998  0.476318999021969  0.483638164806966 
33.0    T  0.015975445790780  0.002399583946183  0.006142322594846  0.024130472909118  0.000000000000000  0.002073092204980  0.004277548714037  0.058801631719612  0.060959716345478  0.006328152137750  0.003289308412533  0.000000000000000  0.006569503244170  0.033238521027912  0.026168952734638  0.059581159080510  0.640823962080096  0.020067434515460  0.000000000000000  0.029278795214763  0.991029563264079  0.005425605999082  0.003282475594661  0.237994477124383  0.762072415169885  0.162780523696129  0.837406487508427  0.028735938942239  0.487339815445774  0.484980955170867 
34.0    R  0.008501894075553  0.002543445682752  0.003353771236085  0.023535788541153  0.002348572751754  0.026114592466308  0.008949358577967  0.077535456107212  0.083910781423766  0.010026764824710  0.006684336138145  0.004316267518750  0.000000000000000  0.018762553554456  0.564091068728256  0.032061817041786  0.017652300227658  0.099304300012013  0.004527718562127  0.005659930291230  0.983502074026248  0.010110512925647  0.006555856539895  0.768970415635134  0.231005643111706  0.678302163723836  0.321524370857651  0.029197729590099  0.477310507069858  0.481630947010074 
35.0    K  0.010401965728409  0.000000000000000  0.002501484104160  0.038313589376661  0.000000000000000  0.024365776331604  0.007577827424545  0.025952188252840  0.385018587118036  0.015303442149796  0.002835856015437  0.021537580515244  0.004349303196206  0.119824929811622  0.196554323035083  0.020263118041422  0.094208431847399  0.029157280985525  0.000000000000000  0.001910280221577  0.980779003988551  0.009137403625406  0.010145614083827  0.658839975867070  0.341036958719839  0.164938488846612  0.835087919428369  0.028616677700566  0.485990493990676  0.480297431976738 
36.0    R  0.009827226342469  0.005414335490822  0.020095273178603  0.044316876114983  0.001335874320217  0.138696184008481  0.005168638437141  0.017313005435389  0.059375023929680  0.000000000000000  0.003839142963067  0.023947186878247  0.024929538744032  0.031532863557646  0.122767449407924  0.419574818553271  0.021373989123476  0.033702513490452  0.005395603313062  0.011202775375124  0.984866442895551  0.013148116910709  0.001802231430964  0.968618189226628  0.031445556984306  0.512633618944297  0.487339815445774  0.028027754989438  0.480297431976738  0.462652214018926 
37.0    I  0.005957818958032  0.005295563776563  0.002428026697078  0.001498775484376  0.007704943003854  0.001520751349730  0.009551877169469  0.529242197437566  0.003344485486510  0.054598305994793  0.042217940141739  0.006848482197782  0.000000000000000  0.005691402788664  0.016019800592009  0.003339852257391  0.063548417080747  0.192642777089602  0.004693890818464  0.043919334381460  0.989656656415207  0.009342342162313  0.001208974893396  0.617709318563465  0.382624192455667  0.413225159077106  0.586824089140676  0.027546254934599  0.482633512435878  0.470413053756894 
38.0    H  0.004295375583260  0.005269931774764  0.003775805066660  0.006083005398919  0.003974530047276  0.061213768599183  0.260435857252055  0.022971677131079  0.037473122305972  0.028735938942239  0.004233304557987  0.027680234971949  0.061383724703962  0.048260945818237  0.214790188736796  0.068156733291579  0.103449602009776  0.010496120513448  0.002956282798769  0.024433426347769  0.976708528962227  0.011226095129250  0.012098734810207  0.464258426153364  0.535515411595727  0.462973011263662  0.537002235810062  0.027737854289672  0.474342157570227  0.479632059662632 
39.0    I  0.015388538170243  0.003705798106017  0.007159130036526  0.002675455038995  0.024433426347769  0.007391075365044  0.003030979899511  0.573553512113083  0.000000000000000  0.130579470358029  0.070854338298651  0.006702894768974  0.002829965145615  0.000000000000000  0.031796240378209  0.033984012214215  0.025630403474898  0.034078366645789  0.003868526843488  0.022436632978491  0.965936328924846  0.028975954576108  0.004968410182592  0.545631938527468  0.454389058224260  0.698339266233699  0.301870147871624  0.027814866664141  0.456282744271726  0.471719125447680 
40.0    G  0.048060650977196  0.000000000000000  0.017911127902006  0.003007957711860  0.000000000000000  0.793333843191143  0.010716666317114  0.007556846325109  0.002416274372436  0.000000000000000  0.023864335905636  0.002536403520957  0.000000000000000  0.005354620331952  0.045911519789947  0.015420571029466  0.009017854824350  0.011948720920959  0.003203800434362  0.000000000000000  0.994470168673214  0.004128976720943  0.001628771569971  0.942784535918240  0.056995822844986  0.452816991508911  0.547146850630370  0.027834153143959  0.484980955170867  0.478967609111348 
41.0    P  0.040921419471361  0.000000000000000  0.002586111153116  0.000000000000000  0.004021640950914  0.011304178795863  0.002644113826274  0.005448217446681  0.003525393466650  0.025016087833009  0.001285905197323  0.004638904945599  0.685866644295299  0.040554336466849  0.045373696246997  0.047563543151230  0.068203992315933  0.003071161297423  0.005168638437141  0.002897451042658  0.916368644675351  0.007055675860561  0.076521024525013  0.695923195915551  0.303969820795774  0.000000000000000  1.000000000000000  0.028164076956588  0.488354264481114  0.485990493990676 
42.0    G  0.015463385256488  0.004690638388614  0.016515906883772  0.014649548382142  0.000000000000000  0.791137301185450  0.000000000000000  0.004920429609170  0.005715121955876  0.009093176050017  0.022702578899553  0.000000000000000  0.007447644885064  0.013725476066224  0.069060280299994  0.007213924302573  0.010337276874282  0.003887342663360  0.002017801538446  0.001682707343188  0.953959550547558  0.011759740214149  0.034315400430845  0.718968266423479  0.281069730944654  0.552482242399956  0.447512535463986  0.031708204580653  0.482968164462423  0.367037659008526 
43.0    R  0.012744335833422  0.003194929916241  0.008212288352248  0.011686607487206  0.003250776307467  0.024433426347769  0.018186352100033  0.017518219969195  0.046230859664026  0.048227505470592  0.064748922722501  0.007411596212035  0.014140725982545  0.313817997820661  0.318640156829816  0.032329611922466  0.038660389958974  0.006533174999329  0.002769804757186  0.007319698803691  0.976708528962227  0.011915637916065  0.011272880366106  0.429878243121503  0.569986636346731  0.891928519420093  0.107842668067832  0.031686233743438  0.439215234119181  0.397492625474487 
44.0    A  0.397217200048052  0.001262938410046  0.004746237468379  0.007340021478234  0.010503398391817  0.014258835758491  0.005687459175778  0.019410754402882  0.027834153143959  0.030164594527242  0.005520443921417  0.017960857000542  0.016550286479436  0.004515182447480  0.026314467300263  0.094077921713192  0.171110476636480  0.136124626917013  0.003908958544776  0.005683518295448  0.961260928388761  0.015506318354466  0.023405639600378  0.856781954768570  0.143487801731875  0.496890546661277  0.503128911748891  0.028301061969307  0.477641468191219  0.473356815618357 
45.0    F  0.004766017618251  0.002118119939147  0.000000000000000  0.003214923223745  0.542990928161147  0.000000000000000  0.010467059393968  0.059829466137206  0.001821067356322  0.131032809439616  0.013754047086924  0.001573289630955  0.003228321555290  0.001590835084122  0.002162626141571  0.028399316139016  0.001550554552601  0.035451733904249  0.095325103328518  0.060622619396358  0.982139595263391  0.011304178795863  0.006492545793700  0.534773543942622  0.465224828851508  0.783497186949341  0.216584214100022  0.029977003728915  0.438910898804760  0.438302860658018 
46.0    Y  0.004975302637994  0.021433332634228  0.004759415092481  0.001727618037757  0.082412100905773  0.003781043073804  0.063680699788545  0.022421086478230  0.000000000000000  0.051760666333409  0.006306258394568  0.006963363249195  0.000000000000000  0.011249463425896  0.018186352100033  0.028242272710971  0.010202029586632  0.021522656974737  0.008367428306183  0.632001549226403  0.951977908497532  0.004499561102927  0.043224707156593  0.812815601984320  0.187115373349086  0.323088207659373  0.676893139526230  0.028242272710971  0.494828328207603  0.476318999021969 
47.0    T  0.391205890868256  0.025524030972188  0.001738429166509  0.005554989885107  0.004462290026752  0.025612643988672  0.018123432101647  0.007780076196050  0.017725866952124  0.009936820365184  0.002857560977938  0.048462075396688  0.008286622979439  0.012824087637664  0.045436641166260  0.138888591081887  0.202641279971327  0.021687386234619  0.000000000000000  0.011296346051139  0.944092419150250  0.005455775517451  0.050171086794747  0.463936738235641  0.535886731268147  0.786762445353566  0.213306524528017  0.027261334555336  0.484309094613314  0.421615555125056 
48.0    T  0.068393356328796  0.005425605999082  0.009055437124254  0.011010318399547  0.000000000000000  0.024433426347769  0.012048522073500  0.043495199744722  0.012516716837338  0.005970220784239  0.064257114166004  0.049997508020797  0.022328033433455  0.044749023162536  0.048027349415250  0.024247839196089  0.539988279916441  0.011117683290895  0.000000000000000  0.002883426573599  0.829319545814442  0.028222703442244  0.142299253634360  0.308426792452374  0.691595314505482  0.421907898065009  0.577943353277399  0.030905341136904  0.459138081150462  0.397492625474487 
49.0    R  0.033008925792246  0.000000000000000  0.064212589961185  0.083273426568251  0.000000000000000  0.498615625676035  0.010517969291225  0.002762135864010  0.047497651762547  0.005086891365504  0.000000000000000  0.028815722434770  0.011002689272751  0.044132950137024  0.077912574642194  0.049962864397030  0.032307210507749  0.005115177433920  0.000000000000000  0.005937206470318  0.880869374126979  0.053996136712517  0.065289735179014  0.501735874254751  0.497924876547229  0.677832163400000  0.321970407377456  0.033749267494778  0.422493192206257  0.277008086966231 
50.0    G  0.068916822691807  0.014033318326311  0.239317864548824  0.126481650128366  0.006015915423719  0.063460381304339  0.027757087370075  0.020717590004667  0.094601049560599  0.018827692421794  0.003518070233781  0.073556671076173  0.032374461361251  0.051653144884638  0.056798632278033  0.033100572958871  0.038660389958974  0.023147496844068  0.001812252883733  0.005219039368711  0.954621014139717  0.019928818619977  0.025506345192216  0.544498507668053  0.455650640318571  0.571965486601904  0.428094142273228  0.032735503971869  0.467163673441590  0.331481440074665 
51.0    I  0.010089510549237  0.006193626067268  0.007694269085121  0.004422261336370  0.003522950696806  0.007421877991210  0.014457881688091  0.641268301381124  0.021914050791288  0.042247213532129  0.015614173327976  0.029076551803219  0.000000000000000  0.004992575637512  0.023831275832129  0.006564951189323  0.024113752735296  0.106727214298906  0.003887342663360  0.026024242840017  0.956608158091874  0.030500992524257  0.012647534633553  0.308640651723385  0.691595314505482  0.831045861593648  0.168988854128516  0.033123524481165  0.413225159077106  0.389852421305662 
52.0    I  0.019464647118273  0.001593041979178  0.005108091205222  0.023650262390150  0.004989116246857  0.034866853822655  0.007763914791582  0.448133349784702  0.035231262879544  0.051545846788130  0.013592927386073  0.071100326742032  0.004146184409960  0.013066349998657  0.022797192878753  0.022343515411901  0.111955708761356  0.089126607335259  0.002798753223385  0.016839580391307  0.957271458195298  0.039281667953807  0.003659849401845  0.608361179317034  0.391748593474670  0.865136690584988  0.134903529563053  0.027911432886024  0.433168428200044  0.430773079856009 
53.0    G  0.005758864130043  0.000000000000000  0.018173750649185  0.024671683959392  0.000000000000000  0.692554734055462  0.009820416988452  0.011808749439971  0.044409126349417  0.006891338790603  0.000000000000000  0.038022573707315  0.009971318506476  0.005823087448433  0.077481731246187  0.024535253708549  0.019600034445641  0.004756117260402  0.005835208816845  0.000000000000000  0.955945317593742  0.026350972195316  0.017886315009354  0.226879788829290  0.773246337455317  0.257206676973394  0.742776460330414  0.027911432886024  0.460732093099352  0.485653747770817 
54.0    D  0.011125392153102  0.000000000000000  0.505576040425652  0.030926770512975  0.000000000000000  0.054674047806614  0.007894151925678  0.035353576963934  0.049549008538143  0.005168638437141  0.001430762572863  0.182757181050004  0.003086098874466  0.004268663043363  0.050590138534213  0.019695365493484  0.019196671569463  0.009685216405773  0.000000000000000  0.009131072254385  0.967276329613932  0.030564483545229  0.002279605667614  0.392020227037869  0.607939641591549  0.523405140987288  0.476649272644080  0.028281451965091  0.453445164466571  0.457866843209063 
55.0    I  0.010753871887427  0.000000000000000  0.007646419143730  0.000000000000000  0.012233660879008  0.001296645662483  0.006150843566947  0.613867841957530  0.016527358806538  0.055784185717061  0.036752851571593  0.009718841041394  0.036246864203295  0.006461120065963  0.012149156810665  0.056719947207323  0.046166814486955  0.016607744911852  0.003448058579260  0.051403129294529  0.993092495437036  0.004224510794858  0.002901470548166  0.371130892657262  0.628942485918009  0.156474557331749  0.843815796130018  0.027641888604111  0.494142825750366  0.476979775273779 
56.0    R  0.000000000000000  0.000000000000000  0.010459806695144  0.006891338790603  0.008632535037499  0.022892201165802  0.000000000000000  0.024637505439259  0.129677492070701  0.000000000000000  0.009329399899020  0.000000000000000  0.001561339512407  0.009394291007017  0.723467442935263  0.029258507732328  0.010380357922629  0.009150079540772  0.002929763650949  0.001548406516817  0.974004268543241  0.000000000000000  0.025772923394065  0.000000000000000  0.000000000000000  0.297095776264233  0.702709350103360  0.028164076956588  1.000000000000000  0.477310507069858 
57.0    Q  0.034554082916258  0.000000000000000  0.014023594541676  0.036854893508163  0.000000000000000  0.008832270055661  0.009698652277548  0.021373989123476  0.215237297084726  0.020731955321831  0.003438511771731  0.009459633468364  0.022328033433455  0.420156876116641  0.101601950248040  0.020905118043533  0.034196678164398  0.016209686508838  0.001413022349483  0.009042892320235  0.997231251352069  0.001189029315101  0.001386823592328  1.000000000000000  0.000000000000000  0.765778998547191  0.234068061858623  0.029873291174804  0.454074208860755  0.432268615653933 
58.0    A  0.789493886700555  0.003462428512480  0.000000000000000  0.002228054132556  0.003131348942966  0.022421086478230  0.019397304555096  0.005237158560861  0.020631606890859  0.002223425838037  0.009175484150107  0.000000000000000  0.037265902260332  0.010344444612464  0.015614173327976  0.036221748497014  0.017433426911328  0.005539609514373  0.000000000000000  0.000000000000000  0.996540262827868  0.002087511701584  0.001645794588873  0.221595424798717  0.778624691061662  0.466193243218416  0.533662669019980  0.028066636652623  0.493800430722686  0.482299092292069 
59.0    H  0.013545899429917  0.018465805420849  0.005727018582770  0.001810997161007  0.044194173824159  0.005734963422008  0.431071772508798  0.013120804577252  0.007421877991210  0.018287478773040  0.007921558435860  0.026114592466308  0.014387901518829  0.024688790995731  0.039802421103953  0.017193415771346  0.030290306779221  0.004655010056930  0.025453361345944  0.250173346865645  0.997231251352069  0.001324808913523  0.001584232725736  1.000000000000000  0.000000000000000  0.296067902963408  0.703684187662699  0.028027754989438  0.499653546495226  0.487002134271620 
60.0    C  0.015324671937321  0.862143545017596  0.000000000000000  0.000000000000000  0.006730829372750  0.009394291007017  0.005002968208319  0.011565728890625  0.001777419578283  0.029096713119695  0.005143620789294  0.004869535915137  0.003098960324965  0.007340021478234  0.005986796719562  0.015399208389678  0.000000000000000  0.007694269085121  0.007164094087536  0.002501484104160  0.988285651500733  0.009118422670457  0.002346945409232  0.250694108975269  0.749499800877774  0.778085176555419  0.221902834317374  0.027834153143959  0.477972658796871  0.488015880388112 
61.0    N  0.006939271842519  0.016700093612672  0.015733680469636  0.094732285406900  0.008626553493462  0.009766111738947  0.017349044275447  0.036221748497014  0.066569262712089  0.003448058579260  0.008813922948879  0.459138081150462  0.000000000000000  0.022908074331081  0.044656066866909  0.038075320739850  0.096521891636473  0.032217759962337  0.013555291986751  0.008138620539127  0.995159721820083  0.001197299668021  0.003849802097419  0.066661611301985  0.933032991536807  0.227037104430377  0.772710549647987  0.030060232958274  0.499307333050514  0.493800430722686 
62.0    I  0.001643514613839  0.008777342992435  0.006900898839699  0.003955292216213  0.047761766273911  0.004334255750265  0.007391075365044  0.403320879611063  0.004733096329806  0.143686856004335  0.016333751565706  0.010258758792376  0.005436899968090  0.010040674511479  0.001432747406413  0.022281651833815  0.013221228071880  0.208482760956241  0.004146184409960  0.075834597515543  0.942784535918240  0.009439983151484  0.047728671811272  0.082240907814313  0.917639882311365  0.541487522762962  0.458502021602336  0.030185510278901  0.484644908467533  0.488354264481114 
63.0    S  0.004490214250135  0.003554839156566  0.019777446780786  0.013820944302055  0.003284751622085  0.012166010797838  0.005585878852975  0.022204563174709  0.022112408755104  0.022281651833815  0.000000000000000  0.310787417225985  0.000000000000000  0.011288518733778  0.008217982650030  0.471392267959120  0.046778843337272  0.018300159081544  0.000000000000000  0.003884649096380  0.953298545288159  0.036196650193583  0.010679589468295  0.156800275565124  0.843231110250112  0.910038824080899  0.089622203000989  0.034054753506667  0.441045682598588  0.414085330667273 
64.0    K  0.050660319992832  0.014926295880976  0.007872295003207  0.088756709908964  0.001498775484376  0.235859562723840  0.001146140799103  0.023389421668636  0.161544103829687  0.003107564389668  0.003275656970472  0.019077289260455  0.003212695580908  0.019011286853657  0.228774792031982  0.043615961378818  0.039857637239955  0.041550222130679  0.005269931774764  0.007593601468604  0.992404374685819  0.001431754645693  0.006470083291676  0.195196623151848  0.804966137621122  0.153679858406823  0.846158596600290  0.032061817041786  0.491410299272626  0.431370672271328 
65.0    T  0.152301282959399  0.002424663069387  0.020674553748564  0.077053270341488  0.000000000000000  0.074531804520664  0.002140257356343  0.022081775685668  0.091441951294020  0.009188212892898  0.000000000000000  0.016827912128016  0.012534080724258  0.026941985781800  0.023211764385325  0.083158065067543  0.363241262392842  0.016435965300061  0.003277928269947  0.002491102327497  0.993781093322555  0.005129379396188  0.001293055576558  0.542238704421532  0.457866843209063  0.248789930455021  0.751059963470465  0.032106294980593  0.494142825750366  0.432868282759829 
66.0    E  0.062716984281844  0.002265429012706  0.104748391833494  0.196418129166895  0.003960779217930  0.017409275794052  0.017640068825096  0.006254021958252  0.216734390878672  0.013602352551502  0.000000000000000  0.113439894414645  0.004642121504129  0.090370768409109  0.045060277233132  0.016064278541501  0.052084575447451  0.014033318326311  0.011272880366106  0.011343424061749  0.978741650397436  0.010452559021767  0.010613174098039  0.310356872881528  0.689680460913530  0.037525107108913  0.962594443101751  0.032712821311705  0.485990493990676  0.446892581178393 
67.0    W  0.004512053845912  0.010532560404196  0.000000000000000  0.004667934393972  0.014199658069508  0.017873921456309  0.000000000000000  0.000000000000000  0.004876291206647  0.014062530153024  0.024895003008924  0.010394758133443  0.000000000000000  0.000000000000000  0.009303569135664  0.011477879947487  0.002409584316034  0.002058772311115  0.865736565519658  0.002816267327071  0.995849753094458  0.000000000000000  0.004149059322248  1.000000000000000  0.000000000000000  0.277008086966231  0.722966147272874  0.033842970172685  0.498615625676035  0.432868282759829 
68.0    N  0.005418089723169  0.004842608202887  0.043828101582575  0.104821023055116  0.002642281701270  0.026205255763779  0.019956464987428  0.011017952816284  0.088021514182005  0.001601900217181  0.004453020596459  0.483973513446869  0.000000000000000  0.012191335627714  0.051367511705928  0.026737344552581  0.065972107352373  0.010716666317114  0.011501772360689  0.024637505439259  0.999307092990453  0.000000000000000  0.000620620942044  0.045468146363586  0.954621014139717  0.155393708612992  0.844400887423782  0.034078366645789  0.498615625676035  0.444113397921202 
69.0    D  0.035280137650192  0.009374776424791  0.077106698113094  0.165625877130651  0.000000000000000  0.031401994388243  0.003544996700458  0.012931200251222  0.218544655102593  0.010474317121721  0.011613929565867  0.225312615652708  0.004069310269563  0.038714021805747  0.059995578814932  0.022908074331081  0.055900306361413  0.010532560404196  0.000000000000000  0.006707542472170  1.000000000000000  0.000000000000000  0.000000000000000  0.000000000000000  0.000000000000000  0.076045147414629  0.924022572446823  0.033913417871306  1.000000000000000  0.451563255075911 
70.0    T  0.196554323035083  0.005023818294651  0.005369487092078  0.000000000000000  0.011565728890625  0.009861344000876  0.012473412286823  0.031598502526603  0.024247839196089  0.007104751967193  0.029956232452906  0.015345931175990  0.009099481144285  0.003291589177747  0.005079844322455  0.040582456335309  0.562529242344405  0.024826075003003  0.000000000000000  0.005403088394574  0.995849753094458  0.000985401986176  0.003386474857479  1.000000000000000  0.000000000000000  0.022514527325593  0.977385766410805  0.033284631356044  0.500000000000000  0.455334916795989 
71.0    V  0.000000000000000  0.005321320447814  0.002067352333740  0.000000000000000  0.056641371141708  0.003155315537538  0.003319082027885  0.036854893508163  0.014140725982545  0.761544369851631  0.029708096913432  0.000000000000000  0.007421877991210  0.001696762080372  0.008315392050417  0.018632951130166  0.009525430422471  0.018098325096791  0.017725866952124  0.005754873772721  0.980779003988551  0.017911127902006  0.001397438007835  0.830470024090894  0.169223284881557  0.109575715164504  0.890692900606681  0.033655824256033  0.475659138165900  0.450937689191125 
72.0    R  0.006420938963241  0.000000000000000  0.019170077769591  0.082870360018666  0.007763914791582  0.032039601184019  0.035599480538191  0.009499056899868  0.306508715013289  0.032735503971869  0.002718449984045  0.054071043161562  0.004749528449934  0.237829569082950  0.091759414752131  0.015399208389678  0.024705909893873  0.000977917241906  0.001133499916390  0.034196678164398  0.982139595263391  0.017960857000542  0.000000000000000  0.656105627295980  0.343647173893007  1.000000000000000  0.000000000000000  0.033492920704259  0.476318999021969  0.454389058224260 
73.0    Q  0.015495573917786  0.008543245761599  0.016839580391307  0.094535499830248  0.000000000000000  0.027508094173848  0.020688889224928  0.002518883302062  0.160205990520024  0.029914733068603  0.008104843254419  0.039200068891281  0.012447501504462  0.403880388804804  0.092782723164316  0.029380443828410  0.012735505193791  0.008746975692611  0.008656502717695  0.007635826300084  0.970634469769547  0.028125060306047  0.001479166324099  0.036171569280941  0.963929807740643  0.000000000000000  0.000000000000000  0.031358492140922  0.452503231441453  1.000000000000000 
74.0    I  0.019970302550048  0.003101109105202  0.002548740132205  0.006688970973019  0.002306626291855  0.034506213973847  0.000000000000000  0.205185402202625  0.001959905758808  0.018658799798040  0.005819052590323  0.009207339123529  0.012577595900330  0.012430257558671  0.001460825935901  0.004693890818464  0.090058109302370  0.550189304683069  0.001868375308773  0.016769691974898  0.997922718999051  0.002396259721199  0.000000000000000  0.767373048000443  0.232612414425754  1.000000000000000  0.000000000000000  0.035921714001084  0.495171435966512  0.498615625676035 
75.0    V  0.357000994921266  0.000000000000000  0.002265429012706  0.012191335627714  0.006905683836435  0.036931610841699  0.009042892320235  0.017775081685508  0.091568804663209  0.028616677700566  0.005679580145782  0.004927255503247  0.012709049970814  0.007060568177743  0.035036439938391  0.088818252698835  0.079494562921473  0.201102092735479  0.000000000000000  0.002754488204071  1.000000000000000  0.000000000000000  0.000000000000000  1.000000000000000  0.000000000000000  0.000000000000000  0.000000000000000  0.037240080455439  1.000000000000000  1.000000000000000 
