No:  residues  hmm_col_1  hmm_col_2  hmm_col_3  hmm_col_4  hmm_col_5  hmm_col_6  hmm_col_7  hmm_col_8  hmm_col_9  hmm_col_10  hmm_col_11  hmm_col_12  hmm_col_13  hmm_col_14  hmm_col_15  hmm_col_16  hmm_col_17  hmm_col_18  hmm_col_19  hmm_col_20  hmm_col_21   hmm_col_22   hmm_col_23   hmm_col_24   hmm_col_25   hmm_col_26   hmm_col_27   hmm_col_28   hmm_col_29   hmm_col_30   
1.0    A  0.695923195915551  0.000000000000000  0.000000000000000  0.004549740572142  0.000000000000000  0.017640068825096  0.000000000000000  0.000000000000000  0.012949139132625  0.004769322315114  0.000000000000000  0.000000000000000  0.038287041622021  0.000000000000000  0.000000000000000  0.096856991369896  0.072343138561883  0.056916864599499  0.000000000000000  0.000000000000000  0.974679630891549  0.019640833976904  0.005358333158557  0.359733395002705  0.640379930664885  0.000000000000000  0.000000000000000  0.057911753868148  0.491751037013124  1.000000000000000 
2.0    R  0.000000000000000  0.019545766876770  0.010089510549237  0.016470178488918  0.001450735274083  0.031752191968553  0.029076551803219  0.000000000000000  0.024197469620413  0.012447501504462  0.008200911590805  0.002843729587889  0.019915009801863  0.000000000000000  0.770037174236072  0.038128140946007  0.000000000000000  0.000000000000000  0.005065779510356  0.010672189505894  0.967947026893737  0.006982696580912  0.024895003008924  0.357000994921266  0.643048741715302  0.000000000000000  1.000000000000000  0.057074890625749  0.488354264481114  0.500000000000000 
3.0    T  0.001911604785932  0.017289021142067  0.008379036068890  0.033702513490452  0.000000000000000  0.026793001144818  0.000000000000000  0.056211144509235  0.012361520331023  0.023831275832129  0.047563543151230  0.005136495157051  0.036096430767300  0.000000000000000  0.015495573917786  0.050275523183870  0.664803554090857  0.000000000000000  0.000000000000000  0.000000000000000  1.000000000000000  0.000000000000000  0.000000000000000  0.000000000000000  0.000000000000000  0.000000000000000  1.000000000000000  0.054598305994793  1.000000000000000  0.490049707670935 
4.0    K  0.020560226953578  0.000000000000000  0.013527133836245  0.021732530807969  0.000000000000000  0.000000000000000  0.000000000000000  0.004917020209003  0.773246337455317  0.006707542472170  0.005079844322455  0.015345931175990  0.005051753640185  0.026681803574726  0.025880333166705  0.005663854815933  0.038022573707315  0.025330159996416  0.000000000000000  0.012166010797838  0.920825697205040  0.022639721164920  0.056445406884489  0.352330188785505  0.647521499427212  0.547905883223845  0.452189688780544  0.054371709544291  0.493116352246680  0.490049707670935 
5.0    Q  0.023947186878247  0.004559211335228  0.000000000000000  0.059251685320540  0.000000000000000  0.006515086279883  0.081390261848064  0.017861536490844  0.035896823593657  0.027185854772145  0.059128602920350  0.004613252583709  0.068156733291579  0.516199267741621  0.043015487549709  0.023683071351725  0.016781319869064  0.011899130778932  0.000000000000000  0.000000000000000  0.967276329613932  0.019695365493484  0.013157233650131  0.450312989923965  0.549808074657276  0.653382626946587  0.346757742282846  0.051154323849425  0.491069797631696  0.469435873657726 
6.0    T  0.066846692992828  0.000000000000000  0.010209103546040  0.026571067502006  0.020025748815003  0.017676788481967  0.000000000000000  0.027892092858531  0.013285533751003  0.021152910610195  0.019668080836013  0.016619260513956  0.027393928791126  0.021657341963288  0.039445376003504  0.053031743856619  0.586417474615939  0.027699428099840  0.004537143484085  0.000000000000000  0.937571096457110  0.011890885787807  0.050555084272609  0.208627320288852  0.791137301185450  0.524858341811534  0.475329550614909  0.046584699587466  0.490729531926740  0.480630464194381 
7.0    A  0.623300597137549  0.000000000000000  0.010103507280371  0.033936933010072  0.000000000000000  0.005974360460480  0.000000000000000  0.006987538295177  0.036957218757629  0.000000000000000  0.008116086744513  0.008716713455664  0.034172983046395  0.015657525079369  0.013499034178129  0.080214118597682  0.069204036530268  0.038983299122314  0.000000000000000  0.013955716443012  0.988970916380931  0.011210543239115  0.000000000000000  0.333324669272800  0.666649338545599  0.903752726751086  0.096321388544801  0.044749023162536  0.498270131413934  0.455650640318571 
8.0    R  0.031620412532092  0.031840349894273  0.012250632094933  0.024637505439259  0.000000000000000  0.023847800140009  0.041177498491692  0.011662331119507  0.066017851584491  0.009472756398920  0.006564951189323  0.034315400430845  0.024929538744032  0.030164594527242  0.510506062853597  0.052994997789572  0.024501264189867  0.046359216682535  0.011646174896867  0.005597506446770  0.957271458195298  0.019722688001752  0.022749836703111  1.000000000000000  0.000000000000000  0.000000000000000  1.000000000000000  0.043434944370073  0.490049707670935  0.498270131413934 
9.0    K  0.029177498278604  0.000000000000000  0.000000000000000  0.003474449193507  0.008419790195654  0.020123150461091  0.009499056899868  0.011589804170634  0.568014632393343  0.005904374719985  0.029977003728915  0.009329399899020  0.012157580883678  0.015271652600169  0.153254357506645  0.037733768483953  0.058354996557207  0.027834153143959  0.000000000000000  0.000000000000000  0.971980987981352  0.028144561870248  0.000000000000000  0.335643125695066  0.664342907048256  0.417833479460927  0.582366793234228  0.043404847992660  0.488354264481114  0.472701058375372 
10.0    S  0.094929480613408  0.008344261000374  0.000000000000000  0.028955876934074  0.012682649702770  0.045943354262158  0.000000000000000  0.025068161448515  0.023914012028479  0.000000000000000  0.000000000000000  0.005470923128466  0.071545260037418  0.010082519456655  0.072242919159675  0.486327473706143  0.078183067507079  0.031034140482407  0.000000000000000  0.005440669846363  0.989656656415207  0.000000000000000  0.010416395914775  0.000000000000000  0.000000000000000  0.000000000000000  1.000000000000000  0.045879707376066  1.000000000000000  0.484980955170867 
11.0    T  0.064480198706335  0.004066490615954  0.000000000000000  0.016874633747389  0.004839252725718  0.013322420183874  0.014209503934386  0.022250784306204  0.079384436408674  0.006020086784050  0.010423618513108  0.020011872833278  0.007823337935245  0.025844480263852  0.112500241224189  0.041291825176821  0.514056913328033  0.035182455816774  0.000000000000000  0.007530701622974  0.997231251352069  0.002677310165976  0.000000000000000  1.000000000000000  0.000000000000000  0.000000000000000  1.000000000000000  0.046134825177589  0.500000000000000  0.477972658796871 
12.0    G  0.053809324271181  0.012788580962356  0.014130927774392  0.021642335439233  0.000000000000000  0.532923368033971  0.001721640933412  0.016619260513956  0.045029054651185  0.003124844251300  0.000000000000000  0.011048543456040  0.047006367230897  0.036727385263118  0.025934205799687  0.091441951294020  0.061213768599183  0.011710934388715  0.000000000000000  0.013148116910709  0.955282936382437  0.020574483157176  0.024046987815013  0.508739846051343  0.491410299272626  0.000000000000000  1.000000000000000  0.047169561516268  0.485653747770817  0.477972658796871 
13.0    G  0.034172983046395  0.006651982091789  0.000000000000000  0.025120343460723  0.002224967533637  0.514413353946788  0.006483551449922  0.011776053980925  0.040442051702589  0.006596881932998  0.000000000000000  0.030755750688556  0.059954007457829  0.008850655353873  0.041752314949691  0.086509357253217  0.064704057740086  0.024808872841614  0.026998068356259  0.007905103133023  0.986916545885842  0.006510571930931  0.006651982091789  0.250000000000000  0.750019494642909  0.313600551130249  0.686342215627455  0.045816148662163  0.500000000000000  0.460412848602520 
14.0    K  0.063592480756418  0.000000000000000  0.014487977288054  0.062413416631314  0.000000000000000  0.011406500083238  0.020361674208801  0.006045175756025  0.545253866332629  0.011915637916065  0.000000000000000  0.026460791011329  0.038313589376661  0.054825846795801  0.060371020557803  0.032644867589507  0.033702513490452  0.018085784640471  0.000000000000000  0.000000000000000  0.967947026893737  0.028596849003998  0.003721242179859  0.158219574246285  0.841479482285381  0.267016352011963  0.733058378594605  0.046038990181765  0.481964903870322  0.470087101254563 
15.0    A  0.505926600513464  0.006987538295177  0.008326927625531  0.006420938963241  0.000000000000000  0.034794425569646  0.012107123921237  0.007319698803691  0.024843289092155  0.023035456520173  0.010858736092518  0.014978116226453  0.065698306817982  0.044316876114983  0.047927583114784  0.071943093207985  0.064928693956104  0.049480366616954  0.000000000000000  0.000000000000000  1.000000000000000  0.000000000000000  0.000000000000000  0.062500000000000  0.937571096457110  0.237829569082950  0.762072415169885  0.045784402331604  0.500000000000000  0.475988954248766 
16.0    P  0.052628934600526  0.000000000000000  0.007233953300995  0.014967737784730  0.007104751967193  0.017738157846032  0.009916178797030  0.010672189505894  0.048832992510770  0.010237448467643  0.005288227652549  0.027204705103004  0.584793832025974  0.050555084272609  0.018958649378886  0.090558884659680  0.028835702895431  0.011621982519020  0.000000000000000  0.003094667230176  0.978063473447339  0.009264957026648  0.012967102899843  0.108442335894008  0.891310495896971  0.000000000000000  1.000000000000000  0.043888902366812  0.487677730763821  0.482299092292069 
17.0    R  0.017787406704295  0.016042024151875  0.005358333158557  0.017849160107009  0.002897451042658  0.030734439813320  0.014199658069508  0.004379554992299  0.112344390826379  0.017027376753333  0.006210822273039  0.011630041055989  0.033492920704259  0.025277542136304  0.598739352309464  0.030206440533280  0.036854893508163  0.013773127467300  0.000000000000000  0.005248060256724  0.977385766410805  0.010806176789148  0.011998517732048  0.290981633600534  0.709070017839729  0.212715932376635  0.787307976569203  0.042688758023575  0.488354264481114  0.474342157570227 
18.0    K  0.014823192424070  0.000000000000000  0.000000000000000  0.019763742849280  0.003703230332534  0.031401994388243  0.011509747545441  0.027148193285957  0.586011141837257  0.008166875782853  0.007279222103944  0.019984149707460  0.021717472185037  0.007401328676557  0.125173406963917  0.054978067245152  0.018427446754082  0.026700304402804  0.008408125974873  0.007213924302573  0.911301280637141  0.082126976696836  0.006350121890502  0.198333460797786  0.801625329399394  0.000000000000000  1.000000000000000  0.042423280621250  0.443805668634749  0.472046209575125 
19.0    Q  0.042747978246953  0.000000000000000  0.000000000000000  0.018568486016515  0.007562086147607  0.010202029586632  0.019183370061173  0.020137103601328  0.098481735756168  0.013830527571555  0.009342342162313  0.014558444207887  0.066017851584491  0.373971439590597  0.079109787123142  0.082183922512817  0.095656048113917  0.021792869786725  0.017481829703683  0.009067999331123  0.983502074026248  0.001564589604667  0.015145153389610  0.117277649562584  0.882702996290655  0.000000000000000  1.000000000000000  0.042511589137686  0.500000000000000  0.462652214018926 
20.0    L  0.048630323534714  0.002496287818756  0.000000000000000  0.003936147501604  0.005823087448433  0.016232173489026  0.007916069532493  0.079604842207906  0.034386831542692  0.452503231441453  0.049962864397030  0.002110791800858  0.071100326742032  0.025701564647265  0.023405639600378  0.071149626817180  0.024912264891892  0.035971546603993  0.029056404456661  0.015261070765035  0.969289816935065  0.016379101179952  0.014179986801831  0.316439148492570  0.683493725970905  0.242826873885408  0.757333157938488  0.045342256494818  0.493458272942921  0.451250363731215 
21.0    A  0.500693627855667  0.003532731943598  0.009036626436760  0.009131072254385  0.000000000000000  0.057951909152216  0.003166269999552  0.028895727441053  0.033960464453939  0.019545766876770  0.019103754338939  0.005037766604125  0.077804639711386  0.015229369232680  0.038393343138927  0.081786129465938  0.032894723584670  0.038580081465423  0.012132326171891  0.013276328111541  0.924663278113700  0.052848267961095  0.022561393680039  0.151774360549381  0.848507901705896  0.484309094613314  0.515841589650680  0.042541066140609  0.439215234119181  0.442576882289773 
22.0    T  0.126306430810845  0.011367036590897  0.000000000000000  0.005970220784239  0.013917076571979  0.045847917005229  0.011525714508460  0.014639397607382  0.063680699788545  0.024113752735296  0.014348065035952  0.014467906601989  0.063240825064183  0.011727180449331  0.022671128247409  0.192642777089602  0.327371355770891  0.026350972195316  0.000000000000000  0.009732323559137  0.938221196500671  0.044625124365158  0.017253106986923  0.327598350964591  0.672217497076313  0.194251817196012  0.805524291048750  0.043585739573450  0.476979775273779  0.452816991508911 
23.0    K  0.038181034427297  0.000000000000000  0.003412394124675  0.017725866952124  0.009322935492435  0.010731533073669  0.006040987011370  0.017960857000542  0.553248676546136  0.019424213576624  0.003557304037469  0.033913417871306  0.059954007457829  0.014268722656437  0.095325103328518  0.029666941279704  0.055207190717592  0.021522656974737  0.010724097119179  0.000000000000000  0.950000382874886  0.043284670878466  0.007026393063654  0.087777804733625  0.911933165519769  0.120491225967580  0.879649075922436  0.043980261728919  0.465224828851508  0.446582926176380 
24.0    A  0.426317445883978  0.008373230176065  0.013630667277668  0.010620533139896  0.000000000000000  0.043585739573450  0.000000000000000  0.004286452881169  0.076097876166437  0.024163948045479  0.007119541254978  0.003930694623038  0.034891030061955  0.024723040662045  0.034818551588104  0.131214585452883  0.082240907814313  0.069156084568267  0.000000000000000  0.004829200237972  0.905006462882905  0.042955896736626  0.051904376505681  0.309283119671793  0.690637224071928  0.187895184758195  0.812252396356236  0.044625124365158  0.475659138165900  0.437999157533563 
25.0    A  0.392020227037869  0.005313948642211  0.015218816695988  0.021463066147338  0.014407861217385  0.034722147770472  0.011398596439376  0.024981432198515  0.053809324271181  0.060959716345478  0.000000000000000  0.016424576704495  0.085911793473252  0.007651721074898  0.068821349881123  0.084611642440779  0.062630100317477  0.035427169149326  0.000000000000000  0.004151936227963  0.946057646725596  0.030164594527242  0.023947186878247  0.121750533567905  0.878430468238362  0.150412878249938  0.849684999138650  0.047136877396456  0.466193243218416  0.413798408039103 
26.0    R  0.033169475279681  0.014957366534302  0.009759344731667  0.017003788151106  0.000000000000000  0.085555238318240  0.041897268486885  0.004007727130223  0.091125586176036  0.033261568201667  0.000000000000000  0.010547171758771  0.030311309698179  0.053996136712517  0.448755025333631  0.075782051191359  0.024416496255385  0.019859870145401  0.000000000000000  0.005663854815933  0.925946022527324  0.012378668920703  0.061810682273808  0.124740339874881  0.875391329694264  0.034386831542692  0.965936328924846  0.048832992510770  0.492092011016900  0.403880388804804 
27.0    K  0.035109371969739  0.000000000000000  0.023051429016919  0.012832979699251  0.014508075817293  0.047960815500028  0.022592692102277  0.016607744911852  0.515484159397394  0.007949060094552  0.010657404959995  0.033377044001495  0.032986053676186  0.038366740122346  0.057432055217441  0.056641371141708  0.059581159080510  0.010798689113505  0.000000000000000  0.003936147501604  0.925304428037852  0.052229184932616  0.022189177477241  0.232612414425754  0.767373048000443  0.272249253834027  0.727490341817379  0.048664043191354  0.459138081150462  0.370359949505080 
28.0    S  0.115984184558910  0.003941607944706  0.000000000000000  0.006315006787543  0.005467132287481  0.066985841408518  0.019303416205108  0.006688970973019  0.037707622491274  0.012967102899843  0.021642335439233  0.028636520146105  0.029769937438873  0.027223568504446  0.089995707407168  0.431071772508798  0.066201145917742  0.027167017502813  0.000000000000000  0.002828004242929  0.985549336939371  0.009827226342469  0.004440691301703  0.333324669272800  0.666649338545599  0.000000000000000  1.000000000000000  0.052301640167712  0.497579860910041  0.376050937847172 
29.0    A  0.409802303818759  0.000000000000000  0.037499105699163  0.032441852204471  0.007259067767585  0.069444295540943  0.015625000000000  0.016874633747389  0.019011286853657  0.017145811524676  0.014639397607382  0.004195329967266  0.114149781251499  0.000000000000000  0.059498619281096  0.080716084393896  0.031884520601514  0.069782060123911  0.000000000000000  0.000000000000000  0.875391329694264  0.089871033302935  0.034818551588104  0.475988954248766  0.524131237758464  0.000000000000000  1.000000000000000  0.052374195916747  0.444421340583285  0.373194595824238 
30.0    P  0.014150530984653  0.000000000000000  0.008257953441886  0.024467321758017  0.005125825213250  0.063460381304339  0.003820560443154  0.009355302379835  0.082812938565325  0.038181034427297  0.000000000000000  0.014741222670240  0.538120062391899  0.025541729015259  0.023535788541153  0.066985841408518  0.050415109951383  0.024671683959392  0.000000000000000  0.006258358418669  0.965267024871757  0.004066490615954  0.030734439813320  0.088021514182005  0.911933165519769  0.052120690239060  0.948026965128645  0.058435949859466  0.494828328207603  0.356753626429470 
31.0    A  0.253841525217357  0.015560152392101  0.020731955321831  0.020109206989082  0.004250947037777  0.038633601903780  0.006675076100701  0.015931213796847  0.048260945818237  0.048027349415250  0.003922529465777  0.027393928791126  0.058557590429527  0.023765293019391  0.021627339313304  0.240481863666194  0.104603280335424  0.041377778449856  0.000000000000000  0.006301888743923  0.874784764905822  0.074531804520664  0.050415109951383  0.330105710253750  0.669891801213920  0.188809073195353  0.811127155577043  0.057831526752366  0.441657525740733  0.342458244991391 
32.0    T  0.085614561247848  0.007193950759414  0.006189334460351  0.018658799798040  0.013792234317041  0.030777076340486  0.008783429092020  0.021853376292788  0.040751585476830  0.034626010870779  0.004772629303412  0.011025592526630  0.072795849154279  0.024450368179266  0.040610595701733  0.092975860152157  0.427797512841301  0.032849153408991  0.000000000000000  0.024518253059273  0.970634469769547  0.006206518750751  0.023389421668636  0.041234622211653  0.958599438492977  0.218393223979174  0.781869643128594  0.057591511637419  0.494142825750366  0.337041932934264 
33.0    G  0.052811649025782  0.009861344000876  0.041148966314351  0.029258507732328  0.000000000000000  0.507331273290440  0.006987538295177  0.019791160214425  0.043404847992660  0.013443009853304  0.003791540897537  0.008361630456458  0.040978187944239  0.033585911651734  0.050205874797315  0.085555238318240  0.021883692513863  0.031532863557646  0.000000000000000  0.000000000000000  0.949342120950519  0.019654452684938  0.030755750688556  0.122767449407924  0.877213548732822  0.273383864371158  0.726482524785685  0.056562903930182  0.483638164806966  0.354043859553636 
34.0    G  0.073505703143185  0.000000000000000  0.005933092538338  0.011662331119507  0.000000000000000  0.482633512435878  0.014150530984653  0.006412043818832  0.054636163775648  0.011327709631866  0.002555816545811  0.027318081887824  0.065289735179014  0.047006367230897  0.040808118346529  0.083852639055141  0.049790006017849  0.007943552135093  0.002158133759375  0.013057296233154  0.944092419150250  0.035402621415494  0.020731955321831  0.095921631000055  0.904379377561088  0.272249253834027  0.727490341817379  0.058638824781292  0.471065636952404  0.368056715542045 
35.0    V  0.040638754579640  0.000000000000000  0.031796240378209  0.016862941195382  0.040190546357206  0.009578397344165  0.002463627751624  0.073302184326992  0.067358321565229  0.034578042284134  0.015250496262129  0.007041019239147  0.105696535922190  0.057911753868148  0.013257935964155  0.044102370106522  0.061767853218796  0.378141999320990  0.000000000000000  0.000000000000000  0.943438250895360  0.038446604523473  0.017799740269096  0.290780010386963  0.709070017839729  0.232612414425754  0.767373048000443  0.055668306287918  0.472701058375372  0.381564802240140 
36.0    K  0.040330077826618  0.000000000000000  0.003407666819417  0.026150820083856  0.008280881120291  0.015292838287460  0.020039634418160  0.023389421668636  0.455966582759885  0.005391864661706  0.012216713173884  0.018555619782397  0.045911519789947  0.047530586038782  0.196418129166895  0.047169561516268  0.018148573936339  0.015766431778823  0.000000000000000  0.000000000000000  0.938221196500671  0.028183605574445  0.033353916813749  0.372161313791635  0.627635995641322  0.403600537252382  0.596667871515861  0.057233355401133  0.467163673441590  0.393926943024673 
37.0    K  0.035280137650192  0.000000000000000  0.013926726498390  0.019451159927846  0.000000000000000  0.010294374622923  0.026848773592100  0.000000000000000  0.555169416814320  0.019586453444386  0.008015454260446  0.022923958502614  0.022312562182579  0.063065727115293  0.134623297024131  0.020977695355942  0.028242272710971  0.013792234317041  0.000000000000000  0.005328702479997  0.957935218222696  0.007114608074937  0.035231262879544  0.324209888662752  0.675955416514063  0.343885454534936  0.656105627295980  0.061511501377113  0.491751037013124  0.411795508633787 
38.0    P  0.030798416779355  0.000000000000000  0.007525483547032  0.017615631439772  0.000000000000000  0.006061959799022  0.010828670981644  0.008043281901828  0.185951720304313  0.006891338790603  0.007494250932229  0.022813000166477  0.481964903870322  0.027261334555336  0.070609200910633  0.039692218204337  0.065154110052570  0.007812500000000  0.000000000000000  0.003436129202822  0.934975197751455  0.064928693956104  0.000000000000000  0.145188591490715  0.855002177891973  0.579146403097322  0.420739741142690  0.056995822844986  0.463936738235641  0.413511684221633 
39.0    H  0.003275656970472  0.000000000000000  0.000000000000000  0.025790794016021  0.021418481327808  0.008638520729065  0.434371092575312  0.014812921330135  0.065743861200242  0.015690117863109  0.000000000000000  0.012031830847439  0.010474317121721  0.029441602309525  0.222518933313124  0.036322315859941  0.029400815859806  0.006587743048829  0.000000000000000  0.063548417080747  0.980099415341871  0.013322420183874  0.006587743048829  0.378666578969244  0.621574834451970  0.130488990927715  0.869344560090022  0.054636163775648  0.491410299272626  0.462973011263662 
40.0    R  0.028915763376183  0.016075417310837  0.000000000000000  0.023847800140009  0.005620834296917  0.011033237534256  0.030311309698179  0.000000000000000  0.085971363633734  0.004982204654994  0.000000000000000  0.020109206989082  0.024147204676500  0.006963363249195  0.680185426202977  0.029564301460175  0.018338252785646  0.011597840395539  0.000000000000000  0.002314634318245  0.977385766410805  0.019103754338939  0.003836482793998  0.090433430366908  0.909408251800733  0.078128893911576  0.922103117912631  0.053215856734309  0.472046209575125  0.461691155364697 
41.0    Y  0.035500914524584  0.012438876543418  0.000000000000000  0.003005873476877  0.207905524593727  0.008584798574819  0.030713143704539  0.016198454703433  0.013744516811288  0.012293163208649  0.003906250000000  0.030819772015417  0.010131559020711  0.017217267435572  0.055054335882936  0.019956464987428  0.009374776424791  0.012352954946937  0.077053270341488  0.423666217473059  0.991029563264079  0.000000000000000  0.009137403625406  0.000000000000000  0.000000000000000  0.239816029831316  0.759962428200758  0.054447137008891  1.000000000000000  0.461371246326899 
42.0    R  0.013424386796050  0.009162773040874  0.017265070074999  0.000000000000000  0.006267040362129  0.003133520181064  0.019437682082789  0.011148550825921  0.180116218604740  0.005299235654092  0.005376935943714  0.009800017222820  0.027280237222930  0.000000000000000  0.661585719954060  0.009466192659611  0.012753172596108  0.008384845987449  0.000000000000000  0.000000000000000  0.985549336939371  0.001510246752842  0.012709049970814  0.222364748384474  0.777546035882558  0.067171823303469  0.933032991536807  0.053252755942179  0.497579860910041  0.462652214018926 
43.0    P  0.054221167947004  0.000000000000000  0.000000000000000  0.000000000000000  0.000000000000000  0.000000000000000  0.004367429105335  0.005966083976409  0.019681718436678  0.008662505028149  0.000000000000000  0.018736561152986  0.727994774499543  0.007834190905477  0.074068298183849  0.042926132294676  0.015218816695988  0.006777645993376  0.013359409029562  0.000000000000000  0.980099415341871  0.016097718025314  0.003579565018263  0.646624465943743  0.353063601096189  0.062891113968611  0.936921446872426  0.052192994964273  0.477972658796871  0.455966582759885 
44.0    G  0.017640068825096  0.000000000000000  0.005358333158557  0.012447501504462  0.004849326138774  0.723467442935263  0.022189177477241  0.000000000000000  0.028242272710971  0.019600034445641  0.006758880395195  0.006206518750751  0.000000000000000  0.016816251949747  0.077481731246187  0.036651092163496  0.004975302637994  0.012621262150150  0.001778652018734  0.003148761060519  0.955945317593742  0.027950153180706  0.015821168864851  0.326691313473293  0.673150034638391  0.145188591490715  0.855002177891973  0.051510130309578  0.474342157570227  0.455019412040450 
45.0    T  0.032758202359904  0.019846109102169  0.025559439329931  0.025701564647265  0.022939853688033  0.004477781975501  0.015282241772615  0.041006601705999  0.024214247842474  0.036625696364829  0.019613624863791  0.017361073885236  0.015134659206666  0.051403129294529  0.008166875782853  0.072443496994028  0.553248676546136  0.008127345832203  0.006045175756025  0.000000000000000  0.993781093322555  0.001946367700836  0.004072131878286  0.085377516047150  0.914465089499901  0.233258247884202  0.766841329836546  0.048495678392179  0.493800430722686  0.436786447958347 
46.0    V  0.019970302550048  0.017086491523197  0.000000000000000  0.013592927386073  0.003584530790279  0.017591227908387  0.005262631159632  0.009718841041394  0.149477474597016  0.106875272236497  0.021597378227009  0.030948214747907  0.010664794670978  0.023814762974059  0.088143622530274  0.000000000000000  0.021255794568843  0.449066186441967  0.007489058113226  0.003922529465777  0.995159721820083  0.002284350906351  0.002501484104160  0.611744020565933  0.388503634392025  0.249135065706967  0.751059963470465  0.044409126349417  0.495171435966512  0.448444079831007 
47.0    A  0.668963777393056  0.002913562552132  0.000000000000000  0.004349303196206  0.011156281091290  0.004493327708401  0.008961773626767  0.020717590004667  0.000000000000000  0.021838233935173  0.006447698504005  0.019276674528273  0.000000000000000  0.000000000000000  0.007249011534932  0.070658160445287  0.039091533753540  0.095722374818399  0.018010724168732  0.000000000000000  0.974004268543241  0.016108879981169  0.009678505451437  0.267016352011963  0.733058378594605  0.058720171825876  0.941478464541206  0.040949793870574  0.479299719246488  0.458184322337676 
48.0    L  0.011613929565867  0.001638964134974  0.013936383115939  0.023243965038039  0.022498926851792  0.000000000000000  0.014219356626264  0.052483218309009  0.003871209231500  0.749499800877774  0.013084476367319  0.019437682082789  0.007704943003854  0.010995065432230  0.009999003233159  0.008698606392412  0.000000000000000  0.021344379011787  0.004468480364077  0.011140825916907  1.000000000000000  0.000000000000000  0.000000000000000  0.027776333786455  0.971980987981352  0.270556161131429  0.729510172120088  0.040498155169792  0.496890546661277  0.451250363731215 
49.0    R  0.011670417633690  0.044594203303684  0.011109979770213  0.008280881120291  0.001202289466157  0.009929935072701  0.046908721797324  0.007218926347241  0.163912751776956  0.017385158134138  0.015082297263621  0.003933420117409  0.023340835267380  0.070024325887136  0.521594296764929  0.019818615614467  0.001899716694165  0.002453403088171  0.007667648936355  0.011890885787807  0.979420297586927  0.006133813427137  0.014268722656437  0.333324669272800  0.666649338545599  0.394746943350277  0.604997044609646  0.039719740290802  0.496202187342909  0.464580337125457 
50.0    E  0.004809157864629  0.000000000000000  0.031228346655952  0.871154192142256  0.000000000000000  0.004117544622229  0.000000000000000  0.000000000000000  0.032963197408377  0.000000000000000  0.003520509619574  0.000000000000000  0.008110463051118  0.012132326171891  0.007954571873161  0.016642315678022  0.000000000000000  0.007662335968661  0.000000000000000  0.000000000000000  0.997231251352069  0.001613042314328  0.001214013348539  1.000000000000000  0.000000000000000  0.081616236693057  0.918276162300924  0.040302132832996  0.500000000000000  0.463615273217731 
51.0    I  0.000000000000000  0.006934463572418  0.000000000000000  0.000000000000000  0.006363340336486  0.004114691546699  0.000000000000000  0.857376036634172  0.005332397335489  0.016333751565706  0.011195012893540  0.000000000000000  0.010474317121721  0.008110463051118  0.000000000000000  0.007943552135093  0.009786440926751  0.055939066932998  0.000000000000000  0.000000000000000  1.000000000000000  0.000000000000000  0.000000000000000  0.000000000000000  0.000000000000000  0.000000000000000  1.000000000000000  0.040274207202657  1.000000000000000  0.465224828851508 
52.0    R  0.011319860582460  0.037525107108913  0.000000000000000  0.007124477855623  0.000000000000000  0.007577827424545  0.063197005053207  0.003783664801667  0.059746582349609  0.021762679385454  0.007345110957103  0.012482061194518  0.014639397607382  0.021285281791258  0.675018992561373  0.022374511581268  0.009895580107213  0.015092755139451  0.003823209571865  0.005815020527994  1.000000000000000  0.000000000000000  0.000000000000000  0.000000000000000  0.000000000000000  0.000000000000000  1.000000000000000  0.040274207202657  1.000000000000000  0.465224828851508 
53.0    R  0.023798261557863  0.015986522964601  0.001477117184848  0.011056204377552  0.059995578814932  0.000000000000000  0.079329430376238  0.002429710260349  0.262429170905767  0.030905341136904  0.005237158560861  0.025365299405540  0.021974893748642  0.058153103606438  0.307999518361439  0.031120304784202  0.013527133836245  0.004964967536350  0.001364889620948  0.042777619159120  0.984866442895551  0.000000000000000  0.014864348067684  0.000000000000000  0.000000000000000  0.096054698830501  0.903752726751086  0.040302132832996  1.000000000000000  0.465224828851508 
54.0    Y  0.007839623035230  0.008644510571033  0.005589752031340  0.019613624863791  0.107395094368398  0.000000000000000  0.020588749245846  0.008740914851841  0.003503469373680  0.166316130135086  0.006610614035940  0.000000000000000  0.000000000000000  0.026442456143759  0.000000000000000  0.003049947236748  0.000000000000000  0.000000000000000  0.000000000000000  0.615572206672458  0.978063473447339  0.007662335968661  0.014548356559847  0.435577096071128  0.564482202403066  0.000000000000000  1.000000000000000  0.040864729641774  0.493458272942921  0.454389058224260 
55.0    Q  0.008021012075937  0.000000000000000  0.000000000000000  0.024826075003003  0.000000000000000  0.000000000000000  0.005122273493030  0.000000000000000  0.031862427593693  0.000000000000000  0.008746975692611  0.013782677581206  0.014741222670240  0.840896415253715  0.026078415036107  0.006474569566312  0.007855942034363  0.011841535675862  0.000000000000000  0.000000000000000  1.000000000000000  0.000000000000000  0.000000000000000  0.000000000000000  0.000000000000000  0.240315232097190  0.759435844907265  0.041665583659100  1.000000000000000  0.434973676354325 
56.0    K  0.031774208540374  0.000000000000000  0.004004950148002  0.019709022012988  0.000000000000000  0.007309558576808  0.020674553748564  0.000000000000000  0.566834706389211  0.007667648936355  0.018453010334836  0.022908074331081  0.007213924302573  0.035525530413625  0.154106540682976  0.084787770465479  0.019183370061173  0.000000000000000  0.000000000000000  0.000000000000000  0.983502074026248  0.007872295003207  0.008644510571033  0.474013482564323  0.525950889601936  0.000000000000000  1.000000000000000  0.040554336466849  0.494142825750366  0.450312989923965 
57.0    S  0.024688790995731  0.000000000000000  0.006740166754239  0.007179006902180  0.019709022012988  0.044010757091003  0.028008334361544  0.004471578752339  0.009239304689407  0.007334935525902  0.003781043073804  0.031620412532092  0.015506318354466  0.010911551034902  0.023099412988654  0.659296807246183  0.104603280335424  0.000000000000000  0.000000000000000  0.000000000000000  0.995159721820083  0.004805825565434  0.000000000000000  0.125000000000000  0.874784764905822  0.258995690890005  0.741233504901418  0.040638754579640  0.497579860910041  0.440434687063490 
58.0    T  0.018023212579063  0.002179178363916  0.018110874248507  0.049138580758771  0.006293158523818  0.020151066416498  0.007938047992138  0.014659706195323  0.000000000000000  0.000000000000000  0.007169061580558  0.008026573745148  0.046843737554861  0.010858736092518  0.007169061580558  0.052265399994629  0.666649338545599  0.051510130309578  0.010061575230546  0.003073290802162  0.982820598545251  0.000000000000000  0.017518219969195  0.000000000000000  0.000000000000000  0.000000000000000  1.000000000000000  0.040330077826618  1.000000000000000  0.455966582759885 
59.0    E  0.019370432811547  0.016401823181610  0.164938488846612  0.355273010795340  0.003599469477339  0.062283766426742  0.044255482444204  0.000000000000000  0.080828058242968  0.003971776067547  0.006470083291676  0.102663837594008  0.007065463887196  0.045626000332954  0.030798416779355  0.026793001144818  0.013075410041928  0.011272880366106  0.000000000000000  0.005414335490822  0.988970916380931  0.000000000000000  0.010987446874321  0.000000000000000  0.000000000000000  0.119658932274412  0.880259013563151  0.041035035169505  1.000000000000000  0.438302860658018 
60.0    L  0.022514527325593  0.007910584432426  0.006684336138145  0.004496443325499  0.090496135773722  0.006254021958252  0.007134361328219  0.019024469041609  0.006877023543462  0.714497069870547  0.020992241026895  0.011767894270577  0.017337023001060  0.000000000000000  0.013734993139247  0.016665402825496  0.025755065154789  0.007828762539685  0.000000000000000  0.000000000000000  0.999307092990453  0.000000000000000  0.001006107376582  0.142892291926755  0.857376036634172  0.326691313473293  0.673150034638391  0.040638754579640  0.487339815445774  0.434672280045011 
61.0    L  0.018517074545962  0.011010318399547  0.000000000000000  0.006398724202030  0.039091533753540  0.000000000000000  0.010322956294205  0.122767449407924  0.000000000000000  0.723969086189780  0.021050524638526  0.000000000000000  0.005226279510883  0.000000000000000  0.001586430461633  0.014268722656437  0.000000000000000  0.025524030972188  0.000000000000000  0.000000000000000  1.000000000000000  0.000000000000000  0.000000000000000  0.000000000000000  0.000000000000000  0.267572174606656  0.732550437305669  0.039554893561571  1.000000000000000  0.454704125900367 
62.0    I  0.000000000000000  0.009638337264137  0.000000000000000  0.000000000000000  0.070560275300383  0.000000000000000  0.010209103546040  0.679243142274472  0.000000000000000  0.134903529563053  0.018998113799736  0.011849746448238  0.004866161779568  0.002792939426488  0.015030116479137  0.000000000000000  0.008161216897377  0.027016788478371  0.000000000000000  0.006820059305733  0.984866442895551  0.015030116479137  0.000000000000000  0.151354135493819  0.848507901705896  0.000000000000000  1.000000000000000  0.038366740122346  0.482968164462423  0.467163673441590 
63.0    R  0.029036271070341  0.017664540111322  0.007070362991273  0.009888723390393  0.006787048321489  0.001946367700836  0.028996046139728  0.000000000000000  0.019695365493484  0.082240907814313  0.000000000000000  0.003788913712272  0.326238736922239  0.035036439938391  0.381036207584942  0.039254449410735  0.011335564123705  0.000000000000000  0.000000000000000  0.000000000000000  0.995849753094458  0.000000000000000  0.003815267691259  0.000000000000000  0.000000000000000  0.162893393670412  0.836826242683391  0.038767728053606  1.000000000000000  0.452816991508911 
64.0    K  0.031598502526603  0.005451995172352  0.005200982864205  0.010173782731008  0.020179021098474  0.000000000000000  0.013907433332070  0.006293158523818  0.656105627295980  0.004259795830724  0.000000000000000  0.003262062185267  0.015931213796847  0.044132950137024  0.143289023216047  0.008166875782853  0.009387781636929  0.022718320583130  0.000000000000000  0.000000000000000  1.000000000000000  0.000000000000000  0.000000000000000  0.000000000000000  0.000000000000000  0.000000000000000  1.000000000000000  0.038473262917029  1.000000000000000  0.455966582759885 
65.0    L  0.213898756420651  0.000000000000000  0.001923567271280  0.034458411345904  0.009316475565083  0.016758072137780  0.000000000000000  0.056916864599499  0.013148116910709  0.515841589650680  0.016792955825867  0.006438766288697  0.005204589160516  0.010452559021767  0.025225033578274  0.037291741969741  0.028203147733201  0.006301888743923  0.000000000000000  0.002002475074001  0.996540262827868  0.003386474857479  0.000000000000000  0.500000000000000  0.500000000000000  0.000000000000000  1.000000000000000  0.038393343138927  0.497924876547229  0.455966582759885 
66.0    P  0.032849153408991  0.015019702006074  0.010547171758771  0.006215128779335  0.000000000000000  0.005486112795852  0.003765350811487  0.051688960527704  0.000000000000000  0.024197469620413  0.000000000000000  0.002416274372436  0.691595314505482  0.008326927625531  0.040079268836320  0.070316155293051  0.019451159927846  0.014082038478294  0.000000000000000  0.003865846314122  0.991029563264079  0.008692579067069  0.000000000000000  1.000000000000000  0.000000000000000  0.000000000000000  1.000000000000000  0.038446604523473  0.494485458190466  0.455966582759885 
67.0    F  0.010949433195943  0.000000000000000  0.000000000000000  0.000000000000000  0.924663278113700  0.000000000000000  0.000000000000000  0.003765350811487  0.000000000000000  0.036752851571593  0.005879870107074  0.000000000000000  0.000000000000000  0.000000000000000  0.000000000000000  0.006133813427137  0.003073290802162  0.004772629303412  0.000000000000000  0.003865846314122  1.000000000000000  0.000000000000000  0.000000000000000  0.000000000000000  0.000000000000000  0.491751037013124  0.508035071496851  0.038446604523473  1.000000000000000  0.455966582759885 
68.0    Q  0.143289023216047  0.026663315566002  0.010082519456655  0.021944451183406  0.012967102899843  0.024757337841405  0.017738157846032  0.039472726932681  0.017409275794052  0.002143226440584  0.014823192424070  0.006546774489593  0.019491649561157  0.390393246303696  0.046746429948825  0.124913386623807  0.040893064732969  0.032735503971869  0.006829520471956  0.000000000000000  0.997231251352069  0.002548740132205  0.000000000000000  0.333324669272800  0.666649338545599  0.000000000000000  1.000000000000000  0.038075320739850  0.498961359499525  0.478635729097649 
69.0    R  0.026350972195316  0.018775563273857  0.028047189083352  0.003214923223745  0.000000000000000  0.023947186878247  0.055552667572911  0.000000000000000  0.028086097706595  0.004661467746218  0.005321320447814  0.000000000000000  0.000000000000000  0.021211640310625  0.705148980242195  0.041810236087066  0.012994095287108  0.006716847548773  0.002010820475457  0.016367751985934  0.979420297586927  0.000000000000000  0.020746330599726  0.000000000000000  0.000000000000000  0.000000000000000  1.000000000000000  0.037891025595679  1.000000000000000  0.478635729097649 
70.0    L  0.007699604194839  0.012233660879008  0.002578950861357  0.007319698803691  0.023831275832129  0.007139308204917  0.003754925501519  0.023003544721378  0.000000000000000  0.764188260382583  0.010244546986060  0.000000000000000  0.000000000000000  0.020249077584896  0.000000000000000  0.015019702006074  0.001688549279898  0.095127086302460  0.000000000000000  0.005855467194358  0.981459063853479  0.008869078923016  0.009342342162313  0.646624465943743  0.353553390593274  0.472373520498603  0.527776858818983  0.037917298757772  0.475000191437443  0.456915725114700 
71.0    V  0.062543336716411  0.015920174947136  0.000000000000000  0.000000000000000  0.000000000000000  0.018173750649185  0.000000000000000  0.068203992315933  0.000000000000000  0.025665959398502  0.006915263785778  0.000000000000000  0.015050967094065  0.005896195189533  0.009131072254385  0.025755065154789  0.000000000000000  0.740206649000025  0.006601456128223  0.000000000000000  0.986916545885842  0.007916069532493  0.005023818294651  0.203626890767554  0.796640096285583  0.207329886453610  0.792784136610284  0.037996227599472  0.492433221447775  0.462011286223412 
72.0    R  0.033585911651734  0.037317599596081  0.017738157846032  0.000000000000000  0.000000000000000  0.008321157839011  0.022405550750247  0.000000000000000  0.127184961512836  0.012065236454559  0.000000000000000  0.000000000000000  0.005823087448433  0.066063627535086  0.630251695791493  0.009800017222820  0.000000000000000  0.011557714916007  0.013075410041928  0.004802495575213  0.986232704493359  0.009335868787944  0.004268663043363  0.280485870132621  0.719466790005410  0.212274061611710  0.787853886049346  0.038154578520910  0.495514781632040  0.465870214652387 
73.0    E  0.007164094087536  0.002669897367074  0.028281451965091  0.787307976569203  0.000000000000000  0.010813669656652  0.004183714153092  0.000000000000000  0.045689295262501  0.000000000000000  0.002319452472800  0.006528648116577  0.006624374723696  0.016458766186794  0.026150820083856  0.043284670878466  0.007509851003037  0.002541683311410  0.000000000000000  0.002220345650852  0.971307495541633  0.000000000000000  0.028438713252528  0.000000000000000  0.000000000000000  0.227037104430377  0.773246337455317  0.038902319855693  1.000000000000000  0.467163673441590 
74.0    I  0.005161478147103  0.007080171392714  0.004443770421377  0.000000000000000  0.017836792298856  0.000000000000000  0.000000000000000  0.739181215636921  0.000000000000000  0.057432055217441  0.006886563733650  0.000000000000000  0.007238969233519  0.000000000000000  0.000000000000000  0.023373214974412  0.018440224114628  0.112734422297781  0.000000000000000  0.000000000000000  0.997922718999051  0.001782354469811  0.000000000000000  0.333324669272800  0.666649338545599  0.286578046432095  0.713507252858939  0.041320456410705  0.500000000000000  0.446892581178393 
75.0    A  0.377879982079057  0.060287386536509  0.035747842912619  0.014659706195323  0.003941607944706  0.013120804577252  0.001951771665997  0.036549614501623  0.000000000000000  0.061939347704005  0.046007089442756  0.021300040738789  0.024113752735296  0.010701820155981  0.007883215889412  0.068015152604425  0.135653671485226  0.072947381363654  0.007188966020507  0.000000000000000  0.967947026893737  0.003467231786209  0.028596849003998  1.000000000000000  0.000000000000000  0.037473122305972  0.962594443101751  0.040330077826618  0.499307333050514  0.462011286223412 
76.0    Q  0.033492920704259  0.009651708102554  0.032622247731929  0.098345305669196  0.005597506446770  0.028125060306047  0.033400187225344  0.020432364820887  0.028955876934074  0.073302184326992  0.034818551588104  0.039692218204337  0.015865095326085  0.393653988284602  0.043980261728919  0.034101996157967  0.023211764385325  0.037136972033029  0.002201953929972  0.011454037165541  0.936272247434492  0.005547294369310  0.058112808913323  0.263888429409492  0.736113431084089  0.063946091858402  0.936272247434492  0.041463910643661  0.495514781632040  0.435879119768531 
77.0    D  0.037291741969741  0.002090407614115  0.300825756499876  0.181998693624886  0.021079727099058  0.021079727099058  0.007641120886307  0.015292838287460  0.100411749594629  0.012850782323632  0.008525499039492  0.052410511527558  0.005006437203751  0.055016188347697  0.036021448337465  0.075102253095428  0.043919334381460  0.012464769372016  0.004835899573584  0.006125316047467  0.944747040997206  0.017385158134138  0.037603219562484  0.503128911748891  0.496890546661277  0.173619391970639  0.826450318154212  0.043615961378818  0.484980955170867  0.387159513926610 
78.0    F  0.015788303851356  0.053511767784154  0.000000000000000  0.042130241616783  0.369078601420708  0.004886441719192  0.027261334555336  0.085436715746363  0.009011606289531  0.108442335894008  0.031034140482407  0.034339194299277  0.000000000000000  0.010103507280371  0.005295563776563  0.025683755852964  0.005520443921417  0.047006367230897  0.016322433794754  0.109196611989587  0.789493886700555  0.195602945434128  0.015208271471222  0.468785548228555  0.531079593247686  0.102521613899591  0.897510050667261  0.049104532291724  0.317537745634697  0.384751805040216 
79.0    K  0.037421209519342  0.007264101114165  0.028047189083352  0.053548872173036  0.018998113799736  0.081164912670618  0.017039183322895  0.024097044146999  0.331022227598849  0.031423768137452  0.010337276874282  0.046941247716904  0.003977285936581  0.023980407750014  0.077267203807559  0.116225617826645  0.062326953209504  0.007812500000000  0.004829200237972  0.016254691664406  0.806641759222126  0.193177637411997  0.000000000000000  0.473356815618357  0.526680517977418  0.568802613936252  0.431370672271328  0.047960815500028  0.316000774613202  0.380508345209840 
80.0    T  0.068345966092790  0.002138774357019  0.036246864203295  0.081108672933699  0.001859331852534  0.068109507013333  0.060790934213268  0.017193415771346  0.024877753086837  0.022390025787080  0.003170662425692  0.023798261557863  0.070218743939478  0.035085044439800  0.064435519924674  0.090936292727172  0.270368690870904  0.047431851655439  0.005883947135288  0.005589752031340  0.948026965128645  0.042042725266307  0.010230354867840  0.386891248385597  0.613017430026578  0.330105710253750  0.669891801213920  0.039472726932681  0.431370672271328  0.430773079856009 
81.0    D  0.031401994388243  0.000000000000000  0.387159513926610  0.098550021757035  0.000000000000000  0.044904380517002  0.033054717613076  0.020081349022959  0.032284824615129  0.006820059305733  0.011874412940637  0.118339203904589  0.060454770600871  0.024757337841405  0.014508075817293  0.039664715188119  0.039118639332937  0.033866436463899  0.000000000000000  0.003122679024814  0.932386486436833  0.059746582349609  0.007888682012474  0.403320879611063  0.596667871515861  0.342458244991391  0.657471380102535  0.041120453907157  0.382359069470692  0.437392382452911 
82.0    L  0.000000000000000  0.019316800951890  0.004307301418238  0.005414335490822  0.145490816800267  0.003312187361848  0.059995578814932  0.057911753868148  0.000000000000000  0.442883759551180  0.044904380517002  0.018984949873516  0.016311123865964  0.000000000000000  0.009067999331123  0.010166733245640  0.014558444207887  0.051796556530500  0.002935862261847  0.092782723164316  0.974004268543241  0.024399577893981  0.001369628174455  0.472373520498603  0.527776858818983  0.345318612035964  0.654742711541783  0.040554336466849  0.456599125005996  0.443190849597434 
83.0    R  0.005140056738395  0.027527167941468  0.002733566143741  0.003589503451090  0.016243428674614  0.010223266183242  0.033353916813749  0.003144398975083  0.054033576956742  0.008578850107711  0.003963525572582  0.013499034178129  0.006385432253815  0.071001829049168  0.671286251390132  0.028676246322230  0.000000000000000  0.010344444612464  0.020474896935287  0.009964409309989  0.993092495437036  0.007174032517976  0.000000000000000  0.346517471412604  0.653382626946587  0.217637640824031  0.782411781736511  0.040079268836320  0.494142825750366  0.461371246326899 
84.0    F  0.000000000000000  0.005531935305526  0.000000000000000  0.000000000000000  0.497924876547229  0.000000000000000  0.000000000000000  0.134064577102243  0.000000000000000  0.016886334406865  0.016596237288990  0.000000000000000  0.002047387647494  0.000000000000000  0.002837822362444  0.013840117485974  0.004010506037969  0.042305821220389  0.236514411681399  0.027508094173848  1.000000000000000  0.000000000000000  0.000000000000000  0.000000000000000  0.000000000000000  0.231326107009463  0.768970415635134  0.040864729641774  1.000000000000000  0.470087101254563 
85.0    Q  0.020876157474845  0.000000000000000  0.006801176275751  0.026700304402804  0.000000000000000  0.003589503451090  0.014761672515581  0.000000000000000  0.019130256131253  0.003960779217930  0.000000000000000  0.007894151925678  0.000000000000000  0.573951206927501  0.103736823198748  0.046166814486955  0.162893393670412  0.002054495662508  0.004111840448084  0.003367748222725  0.995849753094458  0.000000000000000  0.004163463812765  0.000000000000000  0.000000000000000  0.000000000000000  1.000000000000000  0.040079268836320  1.000000000000000  0.477310507069858 
86.0    S  0.169575540930959  0.017241152188156  0.010679589468295  0.040978187944239  0.002927733597179  0.033772668813730  0.049104532291724  0.007159130036526  0.051617354058483  0.015103220266640  0.008413956064008  0.007604135735611  0.055168937268166  0.014477938467037  0.039418044025977  0.377618146390706  0.039390730986968  0.040274207202657  0.000000000000000  0.019424213576624  0.995159721820083  0.000000000000000  0.004749528449934  0.000000000000000  0.000000000000000  0.108217070689957  0.891928519420093  0.039912929974856  1.000000000000000  0.472373520498603 
87.0    S  0.136597217387619  0.000000000000000  0.061982295671143  0.116952937228925  0.010467059393968  0.066985841408518  0.022813000166477  0.007598866776658  0.016288527513143  0.011907381487029  0.016527358806538  0.019316800951890  0.038075320739850  0.090621677054928  0.026793001144818  0.277777182163773  0.064569649230258  0.009739071830274  0.000000000000000  0.004989116246857  0.997922718999051  0.000000000000000  0.002140257356343  0.000000000000000  0.000000000000000  0.000000000000000  1.000000000000000  0.041781265481410  1.000000000000000  0.469435873657726 
88.0    A  0.761544369851631  0.022112408755104  0.006601456128223  0.003887342663360  0.000000000000000  0.016619260513956  0.000000000000000  0.006104124063846  0.000000000000000  0.000000000000000  0.003493769147588  0.000000000000000  0.006385432253815  0.000000000000000  0.024637505439259  0.052556025953357  0.027603595358796  0.061596833558711  0.000000000000000  0.007144258511718  0.995849753094458  0.004280514712686  0.000000000000000  0.075310769687174  0.924663278113700  0.415522930796824  0.584388624280623  0.041926319527571  0.482299092292069  0.466516495768404 
89.0    V  0.000000000000000  0.000000000000000  0.012174446557195  0.000000000000000  0.020861692238999  0.000000000000000  0.006528648116577  0.311218558845543  0.000000000000000  0.425726853874473  0.036221748497014  0.006275734349664  0.000000000000000  0.000000000000000  0.000000000000000  0.012404436420807  0.018827692421794  0.142299253634360  0.000000000000000  0.007556846325109  0.982820598545251  0.007556846325109  0.009902441578394  1.000000000000000  0.000000000000000  0.000000000000000  1.000000000000000  0.041521431690516  0.496546247718518  0.481297221550876 
90.0    M  0.054146053525005  0.007583081795075  0.093363341069521  0.132861959294819  0.024998754010399  0.100970097201201  0.008043281901828  0.041752314949691  0.016734856612366  0.179617522068008  0.114466710802266  0.028497911422493  0.010583788886604  0.037969899747032  0.007134361328219  0.039885274025905  0.023584780758134  0.053958722410901  0.021838233935173  0.001985888033773  0.999307092990453  0.000357690643216  0.000000000000000  1.000000000000000  0.000000000000000  0.309712174445977  0.690158676698315  0.042071877164899  0.500000000000000  0.472701058375372 
91.0    A  0.662044455197699  0.029956232452906  0.002499750808290  0.000000000000000  0.000000000000000  0.005810991259510  0.018697640050480  0.022066475068512  0.000000000000000  0.050415109951383  0.023765293019391  0.006968191557969  0.022343515411901  0.000000000000000  0.024774504269071  0.053326631132004  0.022718320583130  0.054371709544291  0.000000000000000  0.000000000000000  1.000000000000000  0.000000000000000  0.000000000000000  0.000000000000000  0.000000000000000  0.000000000000000  1.000000000000000  0.041463910643661  1.000000000000000  0.481964903870322 
92.0    L  0.020263118041422  0.012673861805891  0.000000000000000  0.000000000000000  0.012665079998208  0.000000000000000  0.006968191557969  0.108668070011253  0.000000000000000  0.763658748980350  0.032441852204471  0.000000000000000  0.013754047086924  0.000000000000000  0.007203930608692  0.009999003233159  0.000000000000000  0.011890885787807  0.000000000000000  0.000000000000000  0.995849753094458  0.000000000000000  0.003903543331994  0.000000000000000  0.000000000000000  0.000000000000000  1.000000000000000  0.041463910643661  1.000000000000000  0.481964903870322 
93.0    Q  0.000000000000000  0.012208248127692  0.000000000000000  0.013640118611465  0.000000000000000  0.007562086147607  0.046198825977308  0.000000000000000  0.012098734810207  0.007099829034754  0.000000000000000  0.000000000000000  0.001934263421744  0.829319545814442  0.036096430767300  0.011288518733778  0.020221025851295  0.000000000000000  0.002404578932314  0.000000000000000  1.000000000000000  0.000000000000000  0.000000000000000  0.000000000000000  0.000000000000000  0.141708676597303  0.858565436437754  0.041579032533771  1.000000000000000  0.478304079045937 
94.0    E  0.019249969897590  0.009368280576493  0.014812921330135  0.619424348891954  0.017445515030978  0.014348065035952  0.021687386234619  0.000000000000000  0.041091961256408  0.014619117153616  0.002366548164903  0.000000000000000  0.000000000000000  0.011932167952818  0.027776333786455  0.036096430767300  0.054711958105891  0.081786129465938  0.000000000000000  0.013230395505664  1.000000000000000  0.000000000000000  0.000000000000000  0.000000000000000  0.000000000000000  0.484980955170867  0.515126976810037  0.041550222130679  1.000000000000000  0.481964903870322 
95.0    A  0.647970482716667  0.006973023214633  0.000000000000000  0.010828670981644  0.000000000000000  0.006125316047467  0.006900898839699  0.054711958105891  0.000000000000000  0.022483337187669  0.013350152201402  0.000000000000000  0.020905118043533  0.009618315729257  0.007604135735611  0.074635199192162  0.068630800861691  0.049514675682811  0.000000000000000  0.000000000000000  1.000000000000000  0.000000000000000  0.000000000000000  0.000000000000000  0.000000000000000  0.000000000000000  1.000000000000000  0.042042725266307  1.000000000000000  0.492092011016900 
96.0    S  0.370873733460280  0.020545980628204  0.000000000000000  0.000000000000000  0.017098339082199  0.004195329967266  0.012456132445946  0.004146184409960  0.005790886757042  0.012015162744299  0.000000000000000  0.006297522121039  0.012700243781005  0.006910472151028  0.016874633747389  0.311218558845543  0.124481219136807  0.074325444687670  0.000000000000000  0.000000000000000  1.000000000000000  0.000000000000000  0.000000000000000  0.000000000000000  0.000000000000000  0.000000000000000  1.000000000000000  0.041984482053791  1.000000000000000  0.492092011016900 
97.0    E  0.012438876543418  0.000000000000000  0.000000000000000  0.889458993537898  0.000000000000000  0.003083960494924  0.000000000000000  0.000000000000000  0.021329589341956  0.000000000000000  0.002710923279327  0.014467906601989  0.009175484150107  0.010919116967586  0.030606884299591  0.005609158244623  0.000000000000000  0.000000000000000  0.000000000000000  0.000000000000000  0.991716730738293  0.000000000000000  0.008223680896167  0.000000000000000  0.000000000000000  0.000000000000000  1.000000000000000  0.042423280621250  1.000000000000000  0.492092011016900 
98.0    A  0.494828328207603  0.022127741222102  0.085259239679960  0.020746330599726  0.037369368649254  0.008466609115975  0.011638105180646  0.015409886007709  0.012612516789137  0.034674046002120  0.055552667572911  0.008246513419047  0.022390025787080  0.009297122627396  0.000000000000000  0.078672323344054  0.030060232958274  0.032217759962337  0.000000000000000  0.020418207092081  1.000000000000000  0.000000000000000  0.000000000000000  0.000000000000000  0.000000000000000  0.000000000000000  1.000000000000000  0.043254678626609  1.000000000000000  0.485653747770817 
99.0    Y  0.000000000000000  0.016108879981169  0.001111712919018  0.013331657783001  0.189202099121197  0.000000000000000  0.041063488348418  0.045879707376066  0.000000000000000  0.011662331119507  0.040638754579640  0.012841877926482  0.027622735345740  0.005734963422008  0.012612516789137  0.003284751622085  0.067873866020143  0.021537580515244  0.000000000000000  0.489370825198718  1.000000000000000  0.000000000000000  0.000000000000000  0.000000000000000  0.000000000000000  0.370873733460280  0.629378586752429  0.043105028807096  1.000000000000000  0.485653747770817 
100.0    L  0.008048859012657  0.000000000000000  0.000000000000000  0.000000000000000  0.001911604785932  0.000000000000000  0.000000000000000  0.078508898821470  0.005687459175778  0.727490341817379  0.056133273305246  0.000000000000000  0.010613174098039  0.000000000000000  0.018211581220852  0.005593627895317  0.017652300227658  0.047038960856596  0.022955759894974  0.000000000000000  0.995159721820083  0.000000000000000  0.004971855215922  0.000000000000000  0.000000000000000  0.425137080032098  0.574747424017338  0.042600081477578  1.000000000000000  0.492092011016900 
101.0    V  0.030798416779355  0.027911432886024  0.000000000000000  0.000000000000000  0.010459806695144  0.008054439990584  0.003557304037469  0.082297932628703  0.000000000000000  0.021182255106250  0.003708367659963  0.003624505767466  0.000000000000000  0.004143311489720  0.012841877926482  0.021492840908433  0.144385723069198  0.611744020565933  0.009239304689407  0.004349303196206  0.985549336939371  0.009426905622818  0.005288227652549  1.000000000000000  0.000000000000000  0.000000000000000  1.000000000000000  0.043105028807096  0.495171435966512  0.489710148793463 
102.0    G  0.035624164771671  0.010776257201774  0.044439919080852  0.051545846788130  0.000000000000000  0.260435857252055  0.080660155653236  0.023864335905636  0.037136972033029  0.014033318326311  0.003289308412533  0.033446521825832  0.000000000000000  0.114864110434881  0.054863862350595  0.123878695408010  0.082412100905773  0.013202912256446  0.015495573917786  0.000000000000000  0.994470168673214  0.000000000000000  0.005819052590323  0.500000000000000  0.500000000000000  0.416099367355762  0.583983697306559  0.043134917293645  0.495858365369147  0.486327473706143 
103.0    L  0.000000000000000  0.009505643426829  0.000000000000000  0.027469986278493  0.049962864397030  0.000000000000000  0.012191335627714  0.037343475151774  0.000000000000000  0.676424115525137  0.058032303269171  0.000000000000000  0.002421304101443  0.008121714337307  0.055900306361413  0.003197145240589  0.009355302379835  0.044718016250716  0.000000000000000  0.005391864661706  1.000000000000000  0.000000000000000  0.000000000000000  0.000000000000000  0.000000000000000  0.326238736922239  0.673616788432845  0.043105028807096  1.000000000000000  0.488354264481114 
104.0    F  0.000000000000000  0.000000000000000  0.000000000000000  0.000000000000000  0.708087719107272  0.000000000000000  0.000000000000000  0.000000000000000  0.012904338514621  0.160428237195363  0.065380308737033  0.000000000000000  0.012665079998208  0.000000000000000  0.013057296233154  0.019478143660548  0.000000000000000  0.000000000000000  0.000000000000000  0.008144263756571  0.995159721820083  0.005027301747271  0.000000000000000  0.500000000000000  0.500000000000000  0.000000000000000  1.000000000000000  0.043224707156593  0.495858365369147  0.493116352246680 
105.0    E  0.038048938083218  0.011140825916907  0.008608633717786  0.649769531227720  0.000000000000000  0.048866852695537  0.002206537528457  0.000000000000000  0.091125586176036  0.000000000000000  0.002718449984045  0.003273387244797  0.000000000000000  0.052084575447451  0.018517074545962  0.049755506173674  0.019942637012952  0.004030012419146  0.000000000000000  0.000000000000000  0.998614666101029  0.001494625751780  0.000000000000000  0.250000000000000  0.750019494642909  0.448755025333631  0.550952557938305  0.044904380517002  0.500000000000000  0.493116352246680 
106.0    D  0.022749836703111  0.035747842912619  0.596667871515861  0.028086097706595  0.000000000000000  0.017750457262292  0.037395280100960  0.019901210551977  0.034794425569646  0.045216715183454  0.020503300852999  0.026515871928309  0.000000000000000  0.010082519456655  0.005547294369310  0.004131839701634  0.012430257558671  0.013994463595170  0.000000000000000  0.068345966092790  0.995159721820083  0.000000000000000  0.005172222306232  0.000000000000000  0.000000000000000  0.000000000000000  1.000000000000000  0.044935516651467  1.000000000000000  0.495171435966512 
107.0    T  0.308213081365952  0.033539383949795  0.029749309640548  0.000000000000000  0.003246272896850  0.025242524300300  0.000000000000000  0.012841877926482  0.026552656223083  0.007828762539685  0.002097664983633  0.019984149707460  0.009604991150426  0.013792234317041  0.003574606125500  0.183010711993203  0.309283119671793  0.011589804170634  0.000000000000000  0.000000000000000  1.000000000000000  0.000000000000000  0.000000000000000  0.000000000000000  0.000000000000000  0.000000000000000  1.000000000000000  0.044997853703584  1.000000000000000  0.490389501994276 
108.0    N  0.012534080724258  0.000000000000000  0.006661210091937  0.001972170503119  0.003747125466114  0.028458432299749  0.008789519411631  0.029096713119695  0.002662505092349  0.034434534871144  0.032441852204471  0.464258426153364  0.013792234317041  0.058517015464656  0.007406460665068  0.057551606075315  0.027035521580781  0.077374393177340  0.000000000000000  0.133230842008493  0.989656656415207  0.002023403835078  0.008620576094078  0.142892291926755  0.857376036634172  0.000000000000000  1.000000000000000  0.044997853703584  0.499653546495226  0.490389501994276 
109.0    L  0.040162698045918  0.009678505451437  0.000000000000000  0.015592542484360  0.003208244924813  0.000000000000000  0.011202775375124  0.045060277233132  0.067968024428430  0.623300597137549  0.049617745683228  0.008076802626937  0.015282241772615  0.011915637916065  0.035797434311867  0.018671737575887  0.014905617977306  0.014427848605147  0.002714684023130  0.012276133072931  0.973329374158238  0.026848773592100  0.000000000000000  0.464902471306581  0.535144349213312  0.523042469896265  0.476979775273779  0.045689295262501  0.477641468191219  0.483973513446869 
110.0    C  0.057273040292209  0.510860041357151  0.000000000000000  0.000000000000000  0.015019702006074  0.012568880795967  0.000000000000000  0.040526236082844  0.000000000000000  0.173499089876949  0.023211764385325  0.002939935053537  0.000000000000000  0.000000000000000  0.024247839196089  0.018211581220852  0.054978067245152  0.049275010878517  0.000000000000000  0.017385158134138  0.993781093322555  0.000000000000000  0.006057759424586  0.000000000000000  0.000000000000000  0.734075318017052  0.265723918589638  0.044904380517002  1.000000000000000  0.493800430722686 
111.0    A  0.579547975952228  0.034891030061955  0.000000000000000  0.000000000000000  0.000000000000000  0.001686210075341  0.013715965587649  0.042600081477578  0.008826150113829  0.000000000000000  0.061939347704005  0.000000000000000  0.013926726498390  0.000000000000000  0.000000000000000  0.091759414752131  0.134064577102243  0.016968466505036  0.000000000000000  0.000000000000000  0.967276329613932  0.032758202359904  0.000000000000000  0.092911436526938  0.906890328933143  0.000000000000000  1.000000000000000  0.044749023162536  0.470739232270603  0.495858365369147 
112.0    I  0.050520054300348  0.002915582779877  0.010964622859680  0.003073290802162  0.010166733245640  0.000000000000000  0.015755507107728  0.417254640577705  0.033400187225344  0.168170901065228  0.024382671255428  0.020095273178603  0.013536513381251  0.027073026762503  0.034220389712299  0.025050791543731  0.071644511608024  0.037838533873455  0.000000000000000  0.034031156729253  1.000000000000000  0.000000000000000  0.000000000000000  0.000000000000000  0.000000000000000  0.000000000000000  1.000000000000000  0.044966674375338  1.000000000000000  0.495858365369147 
113.0    H  0.014101573866600  0.000000000000000  0.002128422094167  0.009374776424791  0.004590923157890  0.012940166583352  0.791137301185450  0.000000000000000  0.006944083446614  0.007604135735611  0.006992383366625  0.008298118644495  0.010258758792376  0.012904338514621  0.036829356494115  0.019437682082789  0.009875024206663  0.007625248131064  0.000000000000000  0.039010329653175  1.000000000000000  0.000000000000000  0.000000000000000  0.000000000000000  0.000000000000000  0.000000000000000  1.000000000000000  0.044935516651467  1.000000000000000  0.495858365369147 
114.0    A  0.599569956895556  0.040949793870574  0.007625248131064  0.012940166583352  0.000000000000000  0.075939799494064  0.038128140946007  0.003282475594661  0.000000000000000  0.011932167952818  0.000000000000000  0.003001709338453  0.019410754402882  0.017397212784823  0.075729541276890  0.048327896090957  0.020517517584752  0.010322956294205  0.000000000000000  0.014854048456716  1.000000000000000  0.000000000000000  0.000000000000000  0.000000000000000  0.000000000000000  0.000000000000000  1.000000000000000  0.044935516651467  1.000000000000000  0.495858365369147 
115.0    K  0.021123606766064  0.000000000000000  0.023035456520173  0.003527837930281  0.000000000000000  0.087656203165150  0.024197469620413  0.004221583601716  0.556710809114343  0.000000000000000  0.000000000000000  0.062068280964815  0.010851211998165  0.026060345119530  0.093557686674543  0.077106698113094  0.010054603494541  0.000000000000000  0.000000000000000  0.000000000000000  0.996540262827868  0.000000000000000  0.003723822442532  0.000000000000000  0.000000000000000  0.000000000000000  1.000000000000000  0.044935516651467  1.000000000000000  0.495858365369147 
116.0    R  0.022908074331081  0.060748811748835  0.000000000000000  0.017421347167620  0.000000000000000  0.006345721846533  0.037969899747032  0.020560226953578  0.009611651130868  0.004334255750265  0.000000000000000  0.000000000000000  0.006815333638834  0.004289425053856  0.778085176555419  0.021344379011787  0.000000000000000  0.000000000000000  0.000000000000000  0.009624984948795  0.980779003988551  0.019183370061173  0.000000000000000  0.457549584063964  0.542238704421532  0.296273192735396  0.703684187662699  0.044501568612408  0.481964903870322  0.492774668469685 
117.0    V  0.046617000834108  0.004349303196206  0.009485897534336  0.039418044025977  0.000000000000000  0.000000000000000  0.014498023069864  0.083446768955994  0.025365299405540  0.029666941279704  0.006280085865181  0.000000000000000  0.000000000000000  0.007737053686977  0.003505898635419  0.017098339082199  0.014710601008456  0.697855382061083  0.000000000000000  0.000000000000000  0.997922718999051  0.000000000000000  0.002141741383961  0.000000000000000  0.000000000000000  0.662962880149329  0.337275633584925  0.045029054651185  1.000000000000000  0.495858365369147 
118.0    T  0.000000000000000  0.000000000000000  0.010657404959995  0.003731573970244  0.000000000000000  0.000000000000000  0.019791160214425  0.043615961378818  0.016390458243359  0.013193763865997  0.017445515030978  0.016792955825867  0.020249077584896  0.000000000000000  0.034554082916258  0.003241775724961  0.798298386356650  0.002237339644492  0.000000000000000  0.000000000000000  0.989656656415207  0.010265872087104  0.000000000000000  1.000000000000000  0.000000000000000  0.452816991508911  0.547146850630370  0.045943354262158  0.496546247718518  0.498615625676035 
119.0    I  0.000000000000000  0.000000000000000  0.000000000000000  0.000000000000000  0.005896195189533  0.000000000000000  0.020067434515460  0.423666217473059  0.010672189505894  0.387427965479586  0.005365766536834  0.009565128065627  0.000000000000000  0.000000000000000  0.000000000000000  0.014130927774392  0.006249688502600  0.117034030929312  0.000000000000000  0.000000000000000  1.000000000000000  0.000000000000000  0.000000000000000  0.000000000000000  0.000000000000000  0.000000000000000  1.000000000000000  0.045911519789947  1.000000000000000  0.500000000000000 
120.0    M  0.019024469041609  0.020617311105826  0.013093548979187  0.053511767784154  0.053548872173036  0.000000000000000  0.008088007217511  0.023617498879941  0.043706752585577  0.021627339313304  0.440129506781575  0.040498155169792  0.000000000000000  0.070805242830987  0.023715925827720  0.010995065432230  0.134157535799182  0.005418089723169  0.000000000000000  0.017361073885236  1.000000000000000  0.000000000000000  0.000000000000000  0.000000000000000  0.000000000000000  0.000000000000000  1.000000000000000  0.045911519789947  1.000000000000000  0.500000000000000 
121.0    P  0.077428043611494  0.000000000000000  0.019613624863791  0.016734856612366  0.000000000000000  0.013405789537948  0.001249875404145  0.018827692421794  0.051048061944376  0.043585739573450  0.000000000000000  0.002524126622339  0.396117405462485  0.082070070339009  0.036752851571593  0.047662551664259  0.041926319527571  0.151039730423743  0.000000000000000  0.000000000000000  0.992404374685819  0.007641120886307  0.000000000000000  0.071248329543341  0.928516852306729  1.000000000000000  0.000000000000000  0.046649324478030  0.494485458190466  0.500000000000000 
122.0    K  0.005953690743515  0.000000000000000  0.027374947345848  0.026078415036107  0.000000000000000  0.026681803574726  0.000000000000000  0.000000000000000  0.569591688611057  0.000000000000000  0.000000000000000  0.024130472909118  0.011990203875007  0.016968466505036  0.232935107326193  0.019586453444386  0.030395467106634  0.008555097428075  0.000000000000000  0.000000000000000  1.000000000000000  0.000000000000000  0.000000000000000  0.000000000000000  0.000000000000000  0.000000000000000  0.000000000000000  0.047071577082307  1.000000000000000  1.000000000000000 
123.0    D  0.001794751725545  0.000000000000000  0.874178620410373  0.008076802626937  0.000000000000000  0.000000000000000  0.019915009801863  0.000000000000000  0.009310020113860  0.000000000000000  0.000000000000000  0.029278795214763  0.000000000000000  0.000000000000000  0.005508976408142  0.016390458243359  0.032084048303750  0.003177262492704  0.000000000000000  0.000000000000000  1.000000000000000  0.000000000000000  0.000000000000000  0.000000000000000  0.000000000000000  0.000000000000000  0.000000000000000  0.047071577082307  1.000000000000000  1.000000000000000 
124.0    I  0.004910208494226  0.000000000000000  0.000000000000000  0.000000000000000  0.057871626407958  0.000000000000000  0.003535181495636  0.434371092575312  0.012464769372016  0.079054971397121  0.282828615711475  0.000000000000000  0.000000000000000  0.000000000000000  0.000000000000000  0.015744590006414  0.035772630018709  0.070511383591032  0.002993398359781  0.000000000000000  1.000000000000000  0.000000000000000  0.000000000000000  1.000000000000000  0.000000000000000  0.000000000000000  0.000000000000000  0.048900736358532  1.000000000000000  1.000000000000000 
