No:  residues  hmm_col_1  hmm_col_2  hmm_col_3  hmm_col_4  hmm_col_5  hmm_col_6  hmm_col_7  hmm_col_8  hmm_col_9  hmm_col_10  hmm_col_11  hmm_col_12  hmm_col_13  hmm_col_14  hmm_col_15  hmm_col_16  hmm_col_17  hmm_col_18  hmm_col_19  hmm_col_20  hmm_col_21   hmm_col_22   hmm_col_23   hmm_col_24   hmm_col_25   hmm_col_26   hmm_col_27   hmm_col_28   hmm_col_29   hmm_col_30   
1.0    N  0.008801712722635  0.000000000000000  0.005115177433920  0.042217940141739  0.018478609378815  0.000000000000000  0.015898120189104  0.009080578964985  0.018173750649185  0.000000000000000  0.002353461552724  0.668037039195050  0.000000000000000  0.104241380478121  0.002276447652607  0.001505021696013  0.047563543151230  0.015155654849090  0.000000000000000  0.041206050452886  1.000000000000000  0.000000000000000  0.000000000000000  0.000000000000000  0.000000000000000  0.000000000000000  0.000000000000000  0.095391200560035  1.000000000000000  1.000000000000000 
2.0    L  0.000000000000000  0.016769691974898  0.000000000000000  0.000000000000000  0.038154578520910  0.019143520811011  0.000000000000000  0.065289735179014  0.000000000000000  0.686342215627455  0.017457611532378  0.013926726498390  0.011654250208527  0.023405639600378  0.002029021686128  0.062500000000000  0.002429710260349  0.041091961256408  0.000000000000000  0.000000000000000  0.982820598545251  0.017397212784823  0.000000000000000  0.705148980242195  0.295043585834050  0.000000000000000  0.000000000000000  0.075729541276890  0.492774668469685  1.000000000000000 
3.0    L  0.101390894447130  0.012859692894980  0.000000000000000  0.000000000000000  0.034746223672410  0.000000000000000  0.000000000000000  0.000000000000000  0.000000000000000  0.718470088272032  0.004852688600720  0.000000000000000  0.001804731586810  0.019156794688331  0.000000000000000  0.021507743774855  0.000000000000000  0.036574957546081  0.031511014215456  0.017313005435389  0.995159721820083  0.005009908604540  0.000000000000000  0.315563008028029  0.684441906545919  0.000000000000000  0.000000000000000  0.070413701781080  0.466516495768404  1.000000000000000 
4.0    R  0.016333751565706  0.009611651130868  0.047431851655439  0.147215348699373  0.000000000000000  0.023930593704600  0.000000000000000  0.000000000000000  0.125000000000000  0.000000000000000  0.009847682746742  0.001127231853044  0.000000000000000  0.049411819787746  0.431669779287206  0.044594203303684  0.026534257701464  0.018984949873516  0.048227505470592  0.000000000000000  1.000000000000000  0.000000000000000  0.000000000000000  0.000000000000000  0.000000000000000  0.000000000000000  0.000000000000000  0.057392260143808  1.000000000000000  1.000000000000000 
5.0    A  0.623300597137549  0.000000000000000  0.010995065432230  0.000000000000000  0.004195329967266  0.119162318161020  0.000000000000000  0.017738157846032  0.000000000000000  0.095523532547823  0.033353916813749  0.000000000000000  0.000000000000000  0.000000000000000  0.043224707156593  0.010430846119499  0.009875024206663  0.032307210507749  0.000000000000000  0.000000000000000  0.967947026893737  0.015324671937321  0.016758072137780  0.566049451055337  0.433769343576034  0.000000000000000  0.000000000000000  0.056995822844986  0.489031736723670  1.000000000000000 
6.0    I  0.000000000000000  0.007801677078914  0.000000000000000  0.025260027150174  0.023831275832129  0.000000000000000  0.000000000000000  0.593779833036705  0.000000000000000  0.088082547196376  0.002224967533637  0.010387555532670  0.000000000000000  0.001961264732889  0.000000000000000  0.002265429012706  0.000000000000000  0.169928530238342  0.028359973603661  0.046038990181765  0.986232704493359  0.009725579963923  0.003865846314122  1.000000000000000  0.000000000000000  0.000000000000000  1.000000000000000  0.055245470691479  0.482633512435878  0.486664687079119 
7.0    E  0.002453403088171  0.000000000000000  0.027718634536005  0.604997044609646  0.005097480264410  0.052410511527558  0.000000000000000  0.000000000000000  0.039227249727583  0.000000000000000  0.000000000000000  0.000000000000000  0.000000000000000  0.095457343622544  0.104893704638318  0.051474438579223  0.016322433794754  0.000000000000000  0.000000000000000  0.000000000000000  0.988970916380931  0.010949433195943  0.000000000000000  0.237006741282161  0.763129604480280  0.905633983017823  0.094143154164613  0.055054335882936  0.482299092292069  0.482299092292069 
8.0    A  0.573553512113083  0.000000000000000  0.000000000000000  0.000000000000000  0.000000000000000  0.117115180859053  0.002409584316034  0.000000000000000  0.043045313949473  0.012630013575087  0.001064948957681  0.000000000000000  0.020053529649420  0.038606832410217  0.132861959294819  0.037525107108913  0.015250496262129  0.006053561960619  0.000000000000000  0.000000000000000  0.898755126611030  0.101250434204006  0.000000000000000  1.000000000000000  0.000000000000000  1.000000000000000  0.000000000000000  0.054978067245152  0.408951029278891  0.500000000000000 
9.0    Q  0.054674047806614  0.000000000000000  0.000000000000000  0.000000000000000  0.000000000000000  0.013878543685038  0.031120304784202  0.000000000000000  0.000000000000000  0.002110791800858  0.000000000000000  0.057751410777926  0.019600034445641  0.682073917439677  0.010517969291225  0.022686848123498  0.105769824575036  0.000000000000000  0.000000000000000  0.000000000000000  0.993781093322555  0.000000000000000  0.006555856539895  0.515126976810037  0.484980955170867  0.000000000000000  0.000000000000000  0.055283777208221  0.496546247718518  1.000000000000000 
10.0    Q  0.063240825064183  0.000000000000000  0.000000000000000  0.023880883136956  0.000000000000000  0.005255340658288  0.027148193285957  0.000000000000000  0.000000000000000  0.000000000000000  0.000000000000000  0.041492661199451  0.021255794568843  0.672217497076313  0.016435965300061  0.058314561971050  0.066569262712089  0.000000000000000  0.004394759705816  0.000000000000000  0.917004043204671  0.000000000000000  0.083215725827273  0.000000000000000  0.000000000000000  0.000000000000000  1.000000000000000  0.055861572647299  1.000000000000000  0.485317234884773 
11.0    H  0.062111318332660  0.000000000000000  0.004499561102927  0.114704985288921  0.000000000000000  0.028716027608720  0.465547409915115  0.052811649025782  0.000000000000000  0.046007089442756  0.014348065035952  0.031423768137452  0.001538777121190  0.087413505171154  0.011079219028746  0.037034149091924  0.002316239256662  0.000000000000000  0.000000000000000  0.040358042196948  0.982820598545251  0.005539609514373  0.011907381487029  0.610050255136112  0.389852421305662  0.484644908467533  0.515484159397394  0.056133273305246  0.416965521912482  0.403880388804804 
12.0    M  0.013621222492767  0.054560474445860  0.000000000000000  0.000000000000000  0.009631658792686  0.000000000000000  0.013649576498698  0.034674046002120  0.000000000000000  0.525950889601936  0.177021929776818  0.000000000000000  0.000000000000000  0.001824858099381  0.000000000000000  0.023099412988654  0.006642766875502  0.094797971585903  0.000000000000000  0.044625124365158  0.985549336939371  0.014690221914205  0.000000000000000  1.000000000000000  0.000000000000000  0.109575715164504  0.890692900606681  0.053178983094159  0.478635729097649  0.437392382452911 
13.0    L  0.037917298757772  0.066754088002991  0.000000000000000  0.033679160782615  0.000857247849228  0.012568880795967  0.017713584574663  0.006564951189323  0.023847800140009  0.674551267169849  0.013640118611465  0.012542771698687  0.000000000000000  0.000000000000000  0.018517074545962  0.015103220266640  0.000000000000000  0.052556025953357  0.011776053980925  0.001502936738438  0.999307092990453  0.000799286310147  0.000000000000000  0.338212057762569  0.661585719954060  0.644834125327943  0.355026839635857  0.052921582022658  0.462652214018926  0.443805668634749 
14.0    Q  0.054033576956742  0.007134361328219  0.012073602338250  0.023997035464095  0.000000000000000  0.026941985781800  0.008578850107711  0.000000000000000  0.176654205485341  0.016232173489026  0.000000000000000  0.065652784000672  0.002634965887382  0.325110036637120  0.146706022285169  0.038287041622021  0.072947381363654  0.022892201165802  0.000000000000000  0.000000000000000  0.997231251352069  0.000000000000000  0.002634965887382  0.000000000000000  0.000000000000000  0.000000000000000  1.000000000000000  0.051012690384431  1.000000000000000  0.480630464194381 
15.0    L  0.035946621667206  0.000000000000000  0.000000000000000  0.000000000000000  0.004440691301703  0.000000000000000  0.056916864599499  0.012065236454559  0.012276133072931  0.635075491269395  0.000000000000000  0.013340901787363  0.006470083291676  0.000000000000000  0.000000000000000  0.123792858991628  0.083273426568251  0.002411255091589  0.000000000000000  0.013946046429265  0.958599438492977  0.035723072981689  0.005406834828326  1.000000000000000  0.000000000000000  0.671286251390132  0.328963631257252  0.051118878659861  0.452189688780544  0.477641468191219 
16.0    T  0.021167577773209  0.039145763707004  0.000000000000000  0.000000000000000  0.000000000000000  0.019832357594059  0.080716084393896  0.006867496569623  0.001452747814877  0.004355336791905  0.000000000000000  0.000000000000000  0.001356401499771  0.045373696246997  0.061596833558711  0.133508176005981  0.564482202403066  0.002183714552668  0.017762765206813  0.000000000000000  0.989656656415207  0.001211491501675  0.009061716050824  1.000000000000000  0.000000000000000  0.807760777609608  0.191976283712762  0.051367511705928  0.491069797631696  0.460732093099352 
17.0    V  0.044594203303684  0.019011286853657  0.000000000000000  0.000000000000000  0.000000000000000  0.036625696364829  0.000000000000000  0.075519865211871  0.000000000000000  0.069492447344819  0.000000000000000  0.000000000000000  0.000000000000000  0.000000000000000  0.002625849597954  0.150204506190856  0.000000000000000  0.599569956895556  0.002182201441547  0.000000000000000  0.944092419150250  0.016688522000748  0.039227249727583  0.357496246590423  0.642603168734686  0.555554364327547  0.444421340583285  0.051083458030518  0.481964903870322  0.483638164806966 
18.0    W  0.000000000000000  0.002438145603323  0.000000000000000  0.000000000000000  0.000000000000000  0.130308220105140  0.000000000000000  0.006560402288626  0.000000000000000  0.093298648956060  0.014239082509955  0.000000000000000  0.000000000000000  0.021777769354492  0.018958649378886  0.001622011765803  0.000000000000000  0.000000000000000  0.678772489940003  0.031884520601514  0.947370070599268  0.006560402288626  0.045784402331604  0.142892291926755  0.857376036634172  0.776468875001040  0.223291463088190  0.051118878659861  0.493800430722686  0.445964259710046 
19.0    G  0.063813257856700  0.005957818958032  0.001414002121464  0.000000000000000  0.000000000000000  0.875391329694264  0.020847237026215  0.000000000000000  0.000000000000000  0.007329853097661  0.000000000000000  0.000000000000000  0.000000000000000  0.000000000000000  0.000000000000000  0.002422983003350  0.000000000000000  0.022892201165802  0.000000000000000  0.000000000000000  0.979420297586927  0.020660228205353  0.000000000000000  0.348685916587601  0.651573574681647  0.956608158091874  0.043344717785356  0.052192994964273  0.478304079045937  0.435577096071128 
20.0    I  0.047202268298838  0.000000000000000  0.000000000000000  0.011438169499575  0.000000000000000  0.000000000000000  0.098755163982922  0.555939578758553  0.000000000000000  0.078563335907614  0.002198903488548  0.014437852694482  0.000000000000000  0.000000000000000  0.005916665296394  0.020489093972119  0.061982295671143  0.097125908598006  0.000000000000000  0.005802941096331  0.991029563264079  0.003493769147588  0.005373210227108  1.000000000000000  0.000000000000000  1.000000000000000  0.000000000000000  0.049893649147291  0.497579860910041  0.498961359499525 
21.0    K  0.000000000000000  0.000000000000000  0.000000000000000  0.023519480428298  0.000000000000000  0.015964376292411  0.000000000000000  0.004849326138774  0.681601303641254  0.028242272710971  0.000000000000000  0.041006601705999  0.000000000000000  0.023163547028169  0.056094378166704  0.063109456099793  0.025755065154789  0.000000000000000  0.000000000000000  0.036906020669673  0.995159721820083  0.004799167892366  0.000000000000000  0.199990032083188  0.799960128332753  1.000000000000000  0.000000000000000  0.049962864397030  0.492433221447775  0.493800430722686 
22.0    Q  0.011849746448238  0.000000000000000  0.000000000000000  0.000000000000000  0.000000000000000  0.000000000000000  0.019383864026803  0.000000000000000  0.017627845897758  0.003405305623192  0.000000000000000  0.188547509585822  0.001724029289630  0.602486157497393  0.015865095326085  0.080940187428402  0.053400608805608  0.004597291942261  0.000000000000000  0.000000000000000  0.991716730738293  0.000000000000000  0.008519591661447  0.000000000000000  0.000000000000000  0.000000000000000  0.000000000000000  0.050032175666019  1.000000000000000  1.000000000000000 
23.0    L  0.053809324271181  0.000000000000000  0.000000000000000  0.000000000000000  0.000000000000000  0.000000000000000  0.002208067513915  0.000000000000000  0.000000000000000  0.734075318017052  0.000000000000000  0.000000000000000  0.041206050452886  0.005215423059750  0.000000000000000  0.157562923947873  0.005667782061852  0.000000000000000  0.000000000000000  0.000000000000000  1.000000000000000  0.000000000000000  0.000000000000000  0.000000000000000  0.000000000000000  0.000000000000000  1.000000000000000  0.050345268190547  1.000000000000000  0.491751037013124 
24.0    Q  0.004638904945599  0.000000000000000  0.000000000000000  0.000000000000000  0.000000000000000  0.028105572254617  0.007866840234818  0.000000000000000  0.002596888883167  0.026369243629063  0.000000000000000  0.031012636708932  0.070756181381917  0.614719433627290  0.143189737247470  0.070707153927869  0.000000000000000  0.000000000000000  0.000000000000000  0.000000000000000  0.994470168673214  0.000000000000000  0.005339794734148  0.000000000000000  0.000000000000000  0.000000000000000  1.000000000000000  0.050345268190547  1.000000000000000  0.491751037013124 
25.0    A  0.594603557501361  0.010776257201774  0.014588749139302  0.000000000000000  0.000000000000000  0.098960733233909  0.007016659163156  0.000000000000000  0.015303442149796  0.000000000000000  0.000000000000000  0.000000000000000  0.024030325488598  0.055283777208221  0.046681670534761  0.009895580107213  0.107469560780376  0.015356571852270  0.000000000000000  0.000000000000000  1.000000000000000  0.000000000000000  0.000000000000000  0.000000000000000  0.000000000000000  0.507331273290440  0.492774668469685  0.050415109951383  1.000000000000000  0.481630947010074 
26.0    R  0.015964376292411  0.003703230332534  0.000000000000000  0.061426287409078  0.000000000000000  0.000000000000000  0.019873640730368  0.003421868418231  0.093492859897649  0.000000000000000  0.023798261557863  0.000000000000000  0.000000000000000  0.035427169149326  0.704172113456040  0.028815722434770  0.010096506489355  0.000000000000000  0.000000000000000  0.000000000000000  0.997922718999051  0.002075968113982  0.000000000000000  0.500000000000000  0.500000000000000  0.000000000000000  1.000000000000000  0.050310383601320  0.497924876547229  0.491751037013124 
27.0    V  0.000000000000000  0.000000000000000  0.001980389608965  0.054787857582252  0.011195012893540  0.002201953929972  0.000000000000000  0.105843164045316  0.000000000000000  0.151774360549381  0.007796271242180  0.005730989625654  0.005827125104264  0.019873640730368  0.015050967094065  0.120491225967580  0.000000000000000  0.497579860910041  0.000000000000000  0.000000000000000  0.959264119325264  0.038499939795180  0.002075968113982  0.333324669272800  0.666649338545599  0.000000000000000  1.000000000000000  0.050310383601320  0.447202450891303  0.491751037013124 
28.0    L  0.028144561870248  0.000000000000000  0.000000000000000  0.000000000000000  0.000000000000000  0.006443230848516  0.011438169499575  0.003153129197284  0.000000000000000  0.608783009331493  0.000000000000000  0.000000000000000  0.058883204619051  0.035797434311867  0.000000000000000  0.061426287409078  0.131123665946868  0.002458510104502  0.047629525948118  0.004713452811409  0.948684315140454  0.023980407750014  0.027412923397901  0.359235044136016  0.640823962080096  0.000000000000000  1.000000000000000  0.052958277184132  0.476649272644080  0.434371092575312 
29.0    A  0.764188260382583  0.017145811524676  0.007401328676557  0.002480763637771  0.000000000000000  0.090496135773722  0.000000000000000  0.000000000000000  0.000000000000000  0.044780051574159  0.000000000000000  0.000000000000000  0.003303016747568  0.000000000000000  0.003101109105202  0.032329611922466  0.008698606392412  0.002927733597179  0.023035456520173  0.000000000000000  0.941478464541206  0.036322315859941  0.022498926851792  0.489031736723670  0.511214265304961  0.445655247948486  0.554400321801535  0.054183597719668  0.419574818553271  0.401925495371576 
30.0    V  0.006416489849626  0.025934205799687  0.007625248131064  0.005140056738395  0.000000000000000  0.009875024206663  0.024484287092167  0.217788548035564  0.017836792298856  0.261158940716058  0.005762857254230  0.000000000000000  0.038473262917029  0.000000000000000  0.011517728260087  0.018594245254792  0.006456643110580  0.295657750061036  0.008795613954193  0.038553349056547  0.988285651500733  0.009992074853730  0.001645794588873  1.000000000000000  0.000000000000000  0.000000000000000  1.000000000000000  0.055475708579344  0.490049707670935  0.421031476804208 
31.0    E  0.000000000000000  0.000000000000000  0.017973310833603  0.736113431084089  0.000000000000000  0.067779838052691  0.000000000000000  0.000000000000000  0.030437633391976  0.000000000000000  0.000000000000000  0.000000000000000  0.040554336466849  0.006074578405332  0.047530586038782  0.006515086279883  0.047202268298838  0.000000000000000  0.000000000000000  0.000000000000000  0.996540262827868  0.003520509619574  0.000000000000000  0.111105335145821  0.888842681166570  0.000000000000000  1.000000000000000  0.055629733328281  0.497924876547229  0.419284092220466 
32.0    R  0.012735505193791  0.000000000000000  0.021747599872361  0.043194756454018  0.000000000000000  0.028517671516983  0.000000000000000  0.002550507396658  0.252437824399171  0.000000000000000  0.000000000000000  0.005750886180344  0.017027376753333  0.004856053394156  0.455650640318571  0.066109435226152  0.083100444261357  0.000000000000000  0.000000000000000  0.006398724202030  0.975355461527642  0.019545766876770  0.004856053394156  0.333324669272800  0.666649338545599  0.000000000000000  1.000000000000000  0.055591187096119  0.480297431976738  0.419284092220466 
33.0    Y  0.000000000000000  0.001373430859290  0.000000000000000  0.000000000000000  0.045879707376066  0.058314561971050  0.010394758133443  0.089684345912919  0.000000000000000  0.040779842115280  0.000000000000000  0.010979833595365  0.000000000000000  0.000000000000000  0.016711673248207  0.027622735345740  0.033913417871306  0.000000000000000  0.013792234317041  0.650670927720967  0.971307495541633  0.011990203875007  0.016909760070714  0.500000000000000  0.500000000000000  0.860949188338904  0.139274206352417  0.055283777208221  0.488354264481114  0.411225034356232 
34.0    L  0.000000000000000  0.005904374719985  0.000000000000000  0.000000000000000  0.000000000000000  0.000000000000000  0.000000000000000  0.080047491333111  0.000000000000000  0.634195699662934  0.023035456520173  0.005539609514373  0.094469995519764  0.000000000000000  0.000000000000000  0.063504383937106  0.000000000000000  0.037917298757772  0.055322110286222  0.000000000000000  0.964598184584138  0.000000000000000  0.035427169149326  0.000000000000000  0.000000000000000  0.000000000000000  1.000000000000000  0.050415109951383  1.000000000000000  0.468785548228555 
35.0    K  0.033008925792246  0.000000000000000  0.000000000000000  0.048697786228781  0.000000000000000  0.026259804757290  0.002489376225233  0.000000000000000  0.515841589650680  0.000000000000000  0.002944013495231  0.030332327180298  0.006651982091789  0.117929781361920  0.162442382806930  0.005451995172352  0.041897268486885  0.001821067356322  0.001718064601411  0.002428026697078  0.949342120950519  0.041234622211653  0.009232902710425  0.736113431084089  0.263705579267015  0.000000000000000  1.000000000000000  0.056133273305246  0.453130969133667  0.426908857195622 
36.0    D  0.049138580758771  0.000000000000000  0.706616821941365  0.008484233252518  0.001889211581277  0.042570563582515  0.005843303743603  0.011825131195075  0.000000000000000  0.009658400475945  0.000000000000000  0.064034801439550  0.000000000000000  0.000000000000000  0.000000000000000  0.044010757091003  0.041120453907157  0.008924580053504  0.000000000000000  0.005687459175778  1.000000000000000  0.000000000000000  0.000000000000000  0.000000000000000  0.000000000000000  0.000000000000000  1.000000000000000  0.056602123938614  1.000000000000000  0.418413121341696 
37.0    Q  0.002249780551464  0.000000000000000  0.000000000000000  0.000000000000000  0.000000000000000  0.000000000000000  0.000000000000000  0.000000000000000  0.000000000000000  0.000000000000000  0.000000000000000  0.011940441568478  0.052994997789572  0.746906728556171  0.040864729641774  0.067826835742613  0.077481731246187  0.000000000000000  0.000000000000000  0.000000000000000  0.891928519420093  0.050836199883258  0.057312752700292  0.334250123851284  0.665725806618185  0.106357966188318  0.893785162356787  0.057114465639338  0.440129506781575  0.418413121341696 
38.0    Q  0.093492859897649  0.000000000000000  0.010152648925433  0.000000000000000  0.000000000000000  0.000000000000000  0.017157700215423  0.000000000000000  0.007520269086732  0.041263213781719  0.000000000000000  0.000000000000000  0.008596707885673  0.599154510669709  0.091505355996602  0.084964265119171  0.046327094056339  0.000000000000000  0.000000000000000  0.000000000000000  0.989656656415207  0.000000000000000  0.010152648925433  0.000000000000000  0.000000000000000  0.203203900496080  0.796640096285583  0.063857505169644  1.000000000000000  0.342458244991391 
39.0    L  0.035822255804012  0.000000000000000  0.000000000000000  0.027393928791126  0.011841535675862  0.000000000000000  0.006028438183824  0.060959716345478  0.023947186878247  0.644387315242508  0.003372420150681  0.070121467533155  0.013157233650131  0.016379101179952  0.058598193528569  0.012560171730362  0.000000000000000  0.015303442149796  0.000000000000000  0.000000000000000  0.950659101229818  0.049549008538143  0.000000000000000  0.251738887514180  0.748461493396346  0.061086610400675  0.938871747315452  0.062847536274904  0.424253950852948  0.360982298880624 
40.0    L  0.000000000000000  0.000000000000000  0.000000000000000  0.000000000000000  0.040779842115280  0.000000000000000  0.000000000000000  0.000000000000000  0.000000000000000  0.909408251800733  0.016413196000168  0.000000000000000  0.011751591807724  0.000000000000000  0.012806321994336  0.009124745270415  0.000000000000000  0.000000000000000  0.000000000000000  0.000000000000000  1.000000000000000  0.000000000000000  0.000000000000000  0.000000000000000  0.000000000000000  0.080884103405178  0.918912883479050  0.063416409161305  1.000000000000000  0.341273429471292 
41.0    G  0.021300040738789  0.002399583946183  0.005628631831398  0.013527133836245  0.000000000000000  0.675487042267819  0.000000000000000  0.000000000000000  0.027280237222930  0.000000000000000  0.000000000000000  0.168988854128516  0.000000000000000  0.005244423838985  0.017530366883289  0.034386831542692  0.023421868777430  0.000000000000000  0.004944361695196  0.000000000000000  0.946713631236714  0.032061817041786  0.021359178936591  0.404160434402784  0.595841287287023  0.219151430329009  0.780786492607391  0.062154385542076  0.465224828851508  0.351842093831349 
42.0    I  0.045373696246997  0.000000000000000  0.000000000000000  0.010746420454217  0.042511589137686  0.000000000000000  0.025898278265250  0.450937689191125  0.000000000000000  0.210661707375788  0.032531924927628  0.006528648116577  0.000000000000000  0.022219959540426  0.002278026112868  0.069540632536552  0.033984012214215  0.046811279200756  0.000000000000000  0.000000000000000  0.956608158091874  0.021914050791288  0.021300040738789  1.000000000000000  0.000000000000000  0.129677492070701  0.870550563296124  0.064973714698455  0.480297431976738  0.339621571137236 
43.0    W  0.029421202016913  0.003433748284812  0.000000000000000  0.000000000000000  0.009985151275024  0.023051429016919  0.000000000000000  0.007839623035230  0.000000000000000  0.020151066416498  0.013545899429917  0.000000000000000  0.012233660879008  0.000000000000000  0.006024261036750  0.021477948368313  0.002503218601875  0.000000000000000  0.839149637106542  0.011210543239115  0.946713631236714  0.053400608805608  0.000000000000000  0.271119352210766  0.729004689408289  0.348927691030542  0.651122094784514  0.064390872101255  0.446273485736488  0.335875856430324 
44.0    G  0.021747599872361  0.006749517089065  0.000000000000000  0.000000000000000  0.000000000000000  0.899378312147752  0.000000000000000  0.003377098559796  0.021448194238358  0.020760715845258  0.000000000000000  0.006824788249349  0.000000000000000  0.000000000000000  0.012267626854275  0.000000000000000  0.000000000000000  0.000000000000000  0.007427024228358  0.000000000000000  0.948684315140454  0.031995215638389  0.019330194979487  0.188547509585822  0.811689580977279  0.315344352207812  0.684916489982783  0.060371020557803  0.421615555125056  0.350139080221801 
45.0    C  0.020221025851295  0.828170661334546  0.000000000000000  0.032644867589507  0.000000000000000  0.042629619839980  0.000000000000000  0.000000000000000  0.000000000000000  0.025137761591935  0.014023594541676  0.000000000000000  0.000000000000000  0.000000000000000  0.000000000000000  0.025541729015259  0.011874412940637  0.000000000000000  0.000000000000000  0.000000000000000  0.984184022033800  0.000000000000000  0.016030908520893  0.000000000000000  0.000000000000000  0.129947429396910  0.869947352708651  0.058679484207216  1.000000000000000  0.377356492130140 
46.0    S  0.106063487713237  0.013859317268002  0.000000000000000  0.021050524638526  0.052958277184132  0.000000000000000  0.013066349998657  0.000000000000000  0.049138580758771  0.000000000000000  0.000000000000000  0.000000000000000  0.013470992890900  0.011940441568478  0.033866436463899  0.676893139526230  0.004468480364077  0.000000000000000  0.000000000000000  0.003351447384487  0.972654947412286  0.003522950696806  0.023781771575615  0.244007940194056  0.755759964158113  0.356753626429470  0.643048741715302  0.058395459180199  0.467163673441590  0.377879982079057 
47.0    G  0.023914012028479  0.007114608074937  0.002885425905435  0.005244423838985  0.099304300012013  0.707597080163328  0.003241775724961  0.012090351512050  0.007154169425142  0.056289123740496  0.000000000000000  0.022892201165802  0.000000000000000  0.001701473031528  0.003440895992684  0.010635266535152  0.000000000000000  0.000000000000000  0.036448417805890  0.000000000000000  0.975355461527642  0.024740183308477  0.000000000000000  0.142892291926755  0.857376036634172  0.616853584904748  0.382889499273596  0.057711394420587  0.475000191437443  0.393653988284602 
48.0    K  0.042777619159120  0.000000000000000  0.000000000000000  0.001686210075341  0.000000000000000  0.031098741306878  0.038929294236546  0.000000000000000  0.607097442197523  0.008986655416802  0.010452559021767  0.044439919080852  0.022608357591727  0.005999258866024  0.126744934973754  0.017277041458129  0.035723072981689  0.006057759424586  0.000000000000000  0.000000000000000  0.937571096457110  0.062543336716411  0.000000000000000  0.250000000000000  0.750019494642909  0.178748123295211  0.821310700752066  0.050695447223565  0.427797512841301  0.456915725114700 
49.0    L  0.047629525948118  0.006684336138145  0.000000000000000  0.008924580053504  0.004556052225736  0.000000000000000  0.125695072549809  0.055900306361413  0.022876338999150  0.504875648798343  0.000000000000000  0.000000000000000  0.016435965300061  0.145692649766820  0.004749528449934  0.023552107961850  0.021433332634228  0.010075533208249  0.000000000000000  0.001011701917539  0.977385766410805  0.015975445790780  0.006684336138145  1.000000000000000  0.000000000000000  0.000000000000000  1.000000000000000  0.050380176968310  0.482968164462423  0.464580337125457 
50.0    I  0.000000000000000  0.050450067156548  0.000000000000000  0.000000000000000  0.010926688146394  0.000000000000000  0.000000000000000  0.554016173932463  0.000000000000000  0.090433430366908  0.049721030234682  0.023357019509921  0.028855697210294  0.000000000000000  0.001131929640532  0.011343424061749  0.011589804170634  0.167937928215162  0.000000000000000  0.000000000000000  0.958599438492977  0.000000000000000  0.041377778449856  0.000000000000000  0.000000000000000  0.000000000000000  1.000000000000000  0.051012690384431  1.000000000000000  0.455650640318571 
51.0    C  0.006416489849626  0.853226098112067  0.000000000000000  0.044102370106522  0.000000000000000  0.011117683290895  0.017689045345479  0.004431466738031  0.020179021098474  0.024063661694877  0.000000000000000  0.000000000000000  0.000000000000000  0.005376935943714  0.010452559021767  0.000000000000000  0.000000000000000  0.000000000000000  0.001732414658500  0.001492555196060  0.906261938267334  0.048832992510770  0.044780051574159  0.106431713468618  0.893785162356787  0.000000000000000  1.000000000000000  0.052921582022658  0.421615555125056  0.406971592535217 
52.0    T  0.019024469041609  0.000000000000000  0.013075410041928  0.000000000000000  0.000000000000000  0.009453078822026  0.160317075345281  0.000000000000000  0.000000000000000  0.025506345192216  0.000000000000000  0.035182455816774  0.055552667572911  0.025844480263852  0.029873291174804  0.019263317585372  0.523405140987288  0.000000000000000  0.000000000000000  0.083562530962821  1.000000000000000  0.000000000000000  0.000000000000000  0.017241152188156  0.982820598545251  0.000000000000000  1.000000000000000  0.061939347704005  0.500000000000000  0.332401777045429 
53.0    T  0.000000000000000  0.000000000000000  0.000000000000000  0.000000000000000  0.000000000000000  0.044563303667629  0.000000000000000  0.000000000000000  0.004499561102927  0.013387218043259  0.000000000000000  0.006610614035940  0.000000000000000  0.026042287723726  0.000000000000000  0.089188406607367  0.803293996757034  0.012630013575087  0.000000000000000  0.000000000000000  0.991029563264079  0.000000000000000  0.009099481144285  0.000000000000000  0.000000000000000  0.102379587232478  0.897510050667261  0.062370169937441  1.000000000000000  0.332401777045429 
54.0    N  0.136881558849197  0.007609408347994  0.010237448467643  0.012638771068152  0.007129417879246  0.007085080694790  0.004944361695196  0.024637505439259  0.021359178936591  0.014209503934386  0.000000000000000  0.271872097713721  0.000000000000000  0.000000000000000  0.013621222492767  0.184028357771022  0.264621098718783  0.006407600868724  0.012682649702770  0.000000000000000  1.000000000000000  0.000000000000000  0.000000000000000  0.000000000000000  0.000000000000000  0.250520401269908  0.749499800877774  0.062068280964815  1.000000000000000  0.340328529124868 
55.0    V  0.076045147414629  0.016187230680625  0.000000000000000  0.004900008611410  0.000000000000000  0.007026393063654  0.000000000000000  0.030311309698179  0.000000000000000  0.043194756454018  0.000000000000000  0.000000000000000  0.034410674940561  0.000000000000000  0.000000000000000  0.012276133072931  0.000000000000000  0.775393206347005  0.000000000000000  0.000000000000000  0.957271458195298  0.000000000000000  0.042747978246953  0.199990032083188  0.799960128332753  0.614719433627290  0.385018587118036  0.057432055217441  0.463615273217731  0.374230746698173 
56.0    P  0.041579032533771  0.000000000000000  0.000000000000000  0.032963197408377  0.000000000000000  0.008454880035357  0.004094775294988  0.002096211496862  0.047136877396456  0.024535253708549  0.000000000000000  0.000000000000000  0.778624691061662  0.013868927144836  0.009525430422471  0.013267128850732  0.007159130036526  0.016584737639841  0.000000000000000  0.000000000000000  0.953959550547558  0.020948634243443  0.025260027150174  0.166662334636400  0.833353207159218  0.000000000000000  1.000000000000000  0.054258764225065  0.476318999021969  0.405001736816023 
57.0    W  0.000000000000000  0.000000000000000  0.000000000000000  0.000000000000000  0.000000000000000  0.039363436873356  0.000000000000000  0.000000000000000  0.034482304376311  0.073863221683398  0.000000000000000  0.000000000000000  0.003026780980309  0.000000000000000  0.012344395497865  0.000000000000000  0.009895580107213  0.008820034412548  0.818469181590804  0.000000000000000  0.831622098374906  0.042541066140609  0.125607977552973  0.193848301586751  0.806082831492968  0.169340622185671  0.830470024090894  0.055745532463756  0.433769343576034  0.384751805040216 
58.0    N  0.000000000000000  0.000000000000000  0.036880448229256  0.032374461361251  0.000000000000000  0.010768790257622  0.000000000000000  0.018085784640471  0.024671683959392  0.000000000000000  0.000000000000000  0.751580739032781  0.007790869151188  0.006564951189323  0.013267128850732  0.038340155539181  0.049549008538143  0.009011606289531  0.000000000000000  0.001236090423799  0.961927454664775  0.001878764559892  0.036146505747040  0.166662334636400  0.833353207159218  0.000000000000000  1.000000000000000  0.066569262712089  0.499653546495226  0.272815969263734 
59.0    A  0.094339123032535  0.015799251263302  0.039010329653175  0.019613624863791  0.000831497761474  0.005715121955876  0.003564708939623  0.032106294980593  0.029584800976147  0.047333322371155  0.006772949714958  0.080940187428402  0.010202029586632  0.021929245719361  0.013583508751407  0.436483795566881  0.130398574191232  0.007254037908646  0.000000000000000  0.004559211335228  0.967947026893737  0.007855942034363  0.023980407750014  0.280485870132621  0.719466790005410  0.191976283712762  0.807760777609608  0.074686950303549  0.486327473706143  0.257563488405019 
60.0    S  0.022608357591727  0.000000000000000  0.017873921456309  0.001405208574229  0.000000000000000  0.001084315267215  0.030353359235676  0.007489058113226  0.001100976964986  0.047104215923699  0.000000000000000  0.014926295880976  0.025559439329931  0.023243965038039  0.005961950035002  0.582366793234228  0.161544103829687  0.039774841727373  0.000000000000000  0.017506081471784  0.987600861445373  0.003358423774387  0.008765183441644  0.160873655912659  0.839149637106542  0.014328188175073  0.985549336939371  0.071198961076382  0.496202187342909  0.281850103036355 
61.0    W  0.000000000000000  0.007002083590386  0.000000000000000  0.000000000000000  0.007551610133320  0.085259239679960  0.000000000000000  0.005707204603694  0.005051753640185  0.054296386571914  0.000000000000000  0.000000000000000  0.000000000000000  0.004645340292979  0.000000000000000  0.000000000000000  0.000000000000000  0.010888884677246  0.808881348361739  0.010438078737423  0.967947026893737  0.021285281791258  0.010709240663904  0.465547409915115  0.534402995605504  0.668037039195050  0.331711285149290  0.071446145963377  0.437089310205187  0.281264621172202 
62.0    S  0.028755864082027  0.006992383366625  0.000000000000000  0.042247213532129  0.001661843221692  0.083678453561153  0.023880883136956  0.007572576694805  0.011874412940637  0.000000000000000  0.009936820365184  0.027565355162412  0.025172634095273  0.004044003608755  0.026278012976679  0.527411158534031  0.078945453865362  0.088388347648318  0.000000000000000  0.005551140793677  0.873572895916694  0.050800975124020  0.075677067746910  0.670356295790168  0.329648403623092  0.200267469397406  0.799960128332753  0.052156830072213  0.451250363731215  0.403320879611063 
63.0    N  0.001399376611692  0.000000000000000  0.008662505028149  0.027795593548059  0.016008700359888  0.032894723584670  0.021807980689409  0.030969673852002  0.037759932605936  0.061128967090459  0.000000000000000  0.579547975952228  0.033169475279681  0.011312016971715  0.009099481144285  0.022624033943431  0.011662331119507  0.064123634083571  0.004169239601719  0.026024242840017  0.924663278113700  0.029076551803219  0.046327094056339  0.933032991536807  0.067032288551121  0.122597375498569  0.877213548732822  0.057432055217441  0.426908857195622  0.352574490121097 
64.0    K  0.014823192424070  0.000000000000000  0.035648866120888  0.019316800951890  0.000000000000000  0.060371020557803  0.003584530790279  0.016243428674614  0.472046209575125  0.006740166754239  0.000000000000000  0.119079749755492  0.000000000000000  0.012595044242078  0.110414381435183  0.017701310707747  0.020460709735681  0.036778335538086  0.002536403520957  0.051688960527704  0.869947352708651  0.078074757853336  0.052012420919470  0.293819082104943  0.706127202192377  0.544876056106664  0.455334916795989  0.058112808913323  0.382889499273596  0.339151081861918 
65.0    S  0.005474716597972  0.000000000000000  0.030841142058933  0.014013877494719  0.000000000000000  0.064034801439550  0.004496443325499  0.000000000000000  0.022749836703111  0.031271668358206  0.000000000000000  0.138792354203580  0.008138620539127  0.032712821311705  0.006376586298054  0.457866843209063  0.145390005193481  0.008826150113829  0.000000000000000  0.029016151634585  0.958599438492977  0.009665097489744  0.031950891581560  0.620713745763056  0.379191886343611  0.544876056106664  0.455334916795989  0.054447137008891  0.481630947010074  0.377879982079057 
66.0    L  0.009264957026648  0.000000000000000  0.006483551449922  0.034770316268276  0.012647534633553  0.006367752596896  0.021314809919990  0.066338950559362  0.043767385027725  0.324659650682471  0.027016788478371  0.016504462896123  0.030018589498546  0.148136596367698  0.023847800140009  0.003778423162554  0.021627339313304  0.061853541025950  0.003212695580908  0.138408073060536  0.934975197751455  0.060454770600871  0.004746237468379  0.305236628167284  0.694959109921168  0.615145672375572  0.384751805040216  0.052301640167712  0.416965521912482  0.411510172639354 
67.0    T  0.012895397008010  0.003223849252003  0.192109397661002  0.159099366909493  0.000000000000000  0.058638824781292  0.005347202394890  0.062240609568404  0.056367211148891  0.004400856361317  0.034794425569646  0.082812938565325  0.027988927190339  0.021448194238358  0.044501568612408  0.090621677054928  0.123535706437592  0.009200959293711  0.000935483611546  0.009759344731667  1.000000000000000  0.000000000000000  0.000000000000000  1.000000000000000  0.000000000000000  0.038022573707315  0.961927454664775  0.053586002289636  0.498270131413934  0.409234590795402 
68.0    K  0.023276210361292  0.007442484359718  0.185951720304313  0.245875518506562  0.002073092204980  0.034554082916258  0.027054267672489  0.010738974184156  0.059005776196891  0.021123606766064  0.033679160782615  0.007159130036526  0.117034030929312  0.063901783163120  0.051474438579223  0.039254449410735  0.026114592466308  0.014568538850576  0.000000000000000  0.029769937438873  0.960594863953477  0.008132981231907  0.030969673852002  0.920187650624875  0.079992025865269  0.025880333166705  0.974004268543241  0.053511767784154  0.493458272942921  0.412366774305041 
69.0    I  0.007982188146205  0.000000000000000  0.051832471613403  0.010075533208249  0.009499056899868  0.034866853822655  0.002386314651706  0.650220073274240  0.024705909893873  0.055706905993561  0.006176477473468  0.049240867878084  0.019478143660548  0.006665828891501  0.026904662135591  0.000000000000000  0.003503469373680  0.029360085912938  0.000000000000000  0.011581773514085  0.982820598545251  0.013840117485974  0.003316782212683  0.241819082403483  0.757858283255199  0.755236292781413  0.244685412599359  0.054447137008891  0.434672280045011  0.385018587118036 
70.0    W  0.011485838565539  0.000000000000000  0.000000000000000  0.000000000000000  0.072343138561883  0.017409275794052  0.007688937672139  0.030883926609398  0.000000000000000  0.008850655353873  0.000000000000000  0.000000000000000  0.000000000000000  0.015103220266640  0.026259804757290  0.000000000000000  0.000000000000000  0.000000000000000  0.775393206347005  0.034554082916258  0.938871747315452  0.015474107373954  0.045879707376066  0.412081042476620  0.588045625145482  0.202641279971327  0.797192476540536  0.050800975124020  0.480297431976738  0.466839972457657 
71.0    D  0.006381007743047  0.000000000000000  0.217788548035564  0.134436798807172  0.020818356642063  0.172181255797892  0.040190546357206  0.011249463425896  0.035427169149326  0.008614602836476  0.016607744911852  0.180992271547445  0.000000000000000  0.034722147770472  0.018853811245637  0.026387527731993  0.053105312446166  0.017133931071686  0.000000000000000  0.005055256462824  0.948684315140454  0.025719385789960  0.025559439329931  0.630688704415625  0.369078601420708  0.482299092292069  0.517632461920689  0.053400608805608  0.474013482564323  0.424548123223420 
72.0    N  0.000000000000000  0.007520269086732  0.009472756398920  0.012525395771866  0.000000000000000  0.017849160107009  0.026424133980547  0.055168937268166  0.067826835742613  0.000000000000000  0.000000000000000  0.639049681601526  0.000000000000000  0.024671683959392  0.028855697210294  0.037214276542655  0.073403873200853  0.000000000000000  0.000000000000000  0.000000000000000  0.993781093322555  0.006376586298054  0.000000000000000  0.418993567333974  0.580754365962861  0.213750544472993  0.786217292140332  0.052994997789572  0.485317234884773  0.431370672271328 
73.0    M  0.019143520811011  0.021567458646822  0.014538275901610  0.038983299122314  0.004166350706374  0.010166733245640  0.000000000000000  0.051118878659861  0.000000000000000  0.139370777340962  0.550570799048982  0.000000000000000  0.006501552614934  0.004996037426865  0.007780076196050  0.030374405874417  0.074583483939483  0.000000000000000  0.007324774191071  0.018984949873516  0.994470168673214  0.005656008485858  0.000000000000000  1.000000000000000  0.000000000000000  0.042896388476716  0.957271458195298  0.052556025953357  0.495514781632040  0.445655247948486 
74.0    T  0.002939935053537  0.022577037467555  0.026700304402804  0.000000000000000  0.000000000000000  0.041091961256408  0.008899870134548  0.007839623035230  0.000000000000000  0.013763583970734  0.000000000000000  0.000000000000000  0.040442051702589  0.009258537272981  0.011002689272751  0.035206850890540  0.770571108358408  0.009565128065627  0.000000000000000  0.000000000000000  0.917639882311365  0.063197005053207  0.019410754402882  0.483973513446869  0.515841589650680  0.000000000000000  1.000000000000000  0.052628934600526  0.430474594169452  0.447822835045425 
75.0    W  0.006501552614934  0.039254449410735  0.021314809919990  0.000000000000000  0.000000000000000  0.050240686921447  0.000000000000000  0.000000000000000  0.000000000000000  0.019846109102169  0.000000000000000  0.000000000000000  0.024826075003003  0.000000000000000  0.002557588716960  0.000000000000000  0.000000000000000  0.000000000000000  0.812815601984320  0.022686848123498  1.000000000000000  0.000000000000000  0.000000000000000  0.000000000000000  0.000000000000000  0.726482524785685  0.273383864371158  0.058924033494890  1.000000000000000  0.387427965479586 
76.0    M  0.021373989123476  0.027872766231878  0.014568538850576  0.003786288347403  0.000000000000000  0.035182455816774  0.016481598704188  0.065880713955671  0.016921485086343  0.192242603908784  0.278548412704833  0.016379101179952  0.012735505193791  0.194791144915125  0.020890632740705  0.023163547028169  0.005782864445313  0.035847094507068  0.004822510183178  0.012673861805891  1.000000000000000  0.000000000000000  0.000000000000000  0.000000000000000  0.000000000000000  0.000000000000000  1.000000000000000  0.051083458030518  1.000000000000000  0.467163673441590 
77.0    Q  0.039692218204337  0.037240080455439  0.012073602338250  0.265723918589638  0.000000000000000  0.078237278665875  0.029666941279704  0.000000000000000  0.038821508805764  0.004537143484085  0.000000000000000  0.044811101500495  0.011343424061749  0.398320048142791  0.010488847677971  0.017579038823263  0.011414409207388  0.000000000000000  0.000000000000000  0.000000000000000  0.996540262827868  0.000000000000000  0.003188293149027  0.000000000000000  0.000000000000000  0.000000000000000  1.000000000000000  0.051083458030518  1.000000000000000  0.467163673441590 
78.0    W  0.016862941195382  0.027795593548059  0.012691443693066  0.000000000000000  0.000000000000000  0.041839226780576  0.000000000000000  0.047563543151230  0.007790869151188  0.006202218210404  0.020588749245846  0.023051429016919  0.000000000000000  0.000000000000000  0.002473895026803  0.024723040662045  0.019998006466317  0.002262290637099  0.719965659257343  0.026314467300263  0.972654947412286  0.027584468634083  0.000000000000000  0.096991356784357  0.903126510151822  0.087960523457837  0.911933165519769  0.050977343333688  0.468136123717246  0.463936738235641 
79.0    E  0.009971318506476  0.000000000000000  0.367546834097260  0.345079338349157  0.000000000000000  0.071694189014135  0.014833470639852  0.027757087370075  0.007031265076512  0.016839580391307  0.000000000000000  0.029482445340480  0.023195680791079  0.006886563733650  0.016131227116926  0.035822255804012  0.000000000000000  0.019998006466317  0.000000000000000  0.007796271242180  0.976031760776225  0.023847800140009  0.000000000000000  0.617709318563465  0.382094130191292  0.308640651723385  0.691116103264291  0.051083458030518  0.474013482564323  0.467163673441590 
80.0    R  0.000930310544965  0.000000000000000  0.000000000000000  0.033702513490452  0.000000000000000  0.012904338514621  0.025242524300300  0.042042725266307  0.401925495371576  0.015218816695988  0.009407323290870  0.002520629864164  0.000000000000000  0.082640912821411  0.345558051632146  0.009472756398920  0.009466192659611  0.000000000000000  0.000000000000000  0.008936960728155  0.966606097064973  0.014101573866600  0.019451159927846  0.745872013345733  0.254017535748425  0.000000000000000  1.000000000000000  0.050555084272609  0.482968164462423  0.477641468191219 
81.0    E  0.002999629433012  0.000000000000000  0.007124477855623  0.538120062391899  0.000000000000000  0.004752821713414  0.000000000000000  0.005648173025569  0.152512563784028  0.069782060123911  0.002351830822718  0.023519480428298  0.000000000000000  0.092205716067677  0.069830446129514  0.004632478513324  0.006301888743923  0.020305297850866  0.000000000000000  0.000000000000000  1.000000000000000  0.000000000000000  0.000000000000000  0.000000000000000  0.000000000000000  0.527411158534031  0.472373520498603  0.052229184932616  1.000000000000000  0.452189688780544 
82.0    I  0.000000000000000  0.000000000000000  0.000000000000000  0.000000000000000  0.000000000000000  0.000000000000000  0.000000000000000  0.596254436165316  0.059995578814932  0.097328086382708  0.000000000000000  0.017193415771346  0.000000000000000  0.022483337187669  0.019956464987428  0.012665079998208  0.019330194979487  0.154856087222989  0.000000000000000  0.000000000000000  0.938871747315452  0.042985681816867  0.018123432101647  0.493800430722686  0.506277403675246  0.000000000000000  1.000000000000000  0.050555084272609  0.450937689191125  0.477641468191219 
83.0    D  0.048832992510770  0.000000000000000  0.248101093671455  0.055514174740150  0.000000000000000  0.046070913040347  0.010627897284422  0.024637505439259  0.036651092163496  0.046520164223954  0.000000000000000  0.089064850884299  0.000000000000000  0.007742418463001  0.048160694272400  0.274904037328638  0.036322315859941  0.017122058850745  0.000000000000000  0.009638337264137  1.000000000000000  0.000000000000000  0.000000000000000  0.000000000000000  0.000000000000000  0.000000000000000  1.000000000000000  0.051832471613403  1.000000000000000  0.456915725114700 
84.0    N  0.040498155169792  0.000000000000000  0.020934118787935  0.014988501864457  0.015570941606685  0.016584737639841  0.005554989885107  0.094273754792911  0.016538818669924  0.019887420863687  0.026644840367749  0.597081593537295  0.000000000000000  0.040638754579640  0.008561029425373  0.022624033943431  0.007960087473568  0.009137403625406  0.000000000000000  0.042511589137686  1.000000000000000  0.000000000000000  0.000000000000000  0.000000000000000  0.000000000000000  0.472046209575125  0.528142812675929  0.051832471613403  1.000000000000000  0.456915725114700 
85.0    Y  0.035772630018709  0.001762696733325  0.010613174098039  0.000000000000000  0.018186352100033  0.000000000000000  0.031336763621909  0.129228842030996  0.000000000000000  0.147317425976460  0.016299821773904  0.000000000000000  0.000000000000000  0.000000000000000  0.000000000000000  0.012691443693066  0.031862427593693  0.024637505439259  0.002327505028465  0.537747195228689  0.993781093322555  0.006180760165511  0.000000000000000  1.000000000000000  0.000000000000000  0.000000000000000  1.000000000000000  0.050555084272609  0.492433221447775  0.477641468191219 
86.0    T  0.003802067867806  0.000000000000000  0.013470992890900  0.064524908467703  0.005129379396188  0.000000000000000  0.076415017355754  0.016232173489026  0.024603374267788  0.002925704950047  0.003757529119784  0.000000000000000  0.012824087637664  0.051296350550656  0.012717862266726  0.108217070689957  0.599569956895556  0.004410017206274  0.000000000000000  0.000000000000000  1.000000000000000  0.000000000000000  0.000000000000000  0.000000000000000  0.000000000000000  0.281069730944654  0.718968266423479  0.050660319992832  1.000000000000000  0.468460723436213 
87.0    D  0.091315273659105  0.000000000000000  0.153148166488085  0.038207508677877  0.000000000000000  0.157890907730725  0.047136877396456  0.002188260183973  0.043434944370073  0.001105565334092  0.003692977018558  0.094208431847399  0.000000000000000  0.147726443366796  0.051545846788130  0.096856991369896  0.051868411599374  0.005912565597537  0.000000000000000  0.013820944302055  0.993781093322555  0.000000000000000  0.006180760165511  0.000000000000000  0.000000000000000  0.000000000000000  1.000000000000000  0.050660319992832  1.000000000000000  0.477641468191219 
88.0    L  0.014477938467037  0.000000000000000  0.015399208389678  0.034007576302213  0.009558500321343  0.023732370153352  0.030905341136904  0.184539300710354  0.008832270055661  0.133415667254995  0.002754488204071  0.132494097924660  0.037603219562484  0.068535724286743  0.020109206989082  0.004726539411013  0.216134307826966  0.050871449066902  0.000846618714370  0.010995065432230  0.996540262827868  0.000000000000000  0.003192716126907  0.000000000000000  0.000000000000000  0.000000000000000  1.000000000000000  0.050660319992832  1.000000000000000  0.468460723436213 
89.0    I  0.000000000000000  0.000000000000000  0.000000000000000  0.016898043179432  0.000000000000000  0.000000000000000  0.011017952816284  0.774855930959171  0.000000000000000  0.004410017206274  0.008379036068890  0.039830019603727  0.002005253018984  0.028242272710971  0.023163547028169  0.026205255763779  0.002885425905435  0.005150756306611  0.004242116626259  0.052483218309009  1.000000000000000  0.000000000000000  0.000000000000000  0.000000000000000  0.000000000000000  0.091188771515011  0.908778116448520  0.050800975124020  1.000000000000000  0.465224828851508 
90.0    Y  0.000000000000000  0.000000000000000  0.009381276777228  0.013820944302055  0.050380176968310  0.000000000000000  0.012770864507629  0.056055509978876  0.023163547028169  0.000000000000000  0.004010506037969  0.000000000000000  0.000000000000000  0.044842172956459  0.000000000000000  0.081672828368323  0.077696854306496  0.000000000000000  0.001150917390441  0.625031151292605  1.000000000000000  0.000000000000000  0.000000000000000  0.000000000000000  0.000000000000000  0.000000000000000  1.000000000000000  0.050906722691888  1.000000000000000  0.468460723436213 
91.0    D  0.033936933010072  0.001085819489763  0.065289735179014  0.083910781423766  0.000000000000000  0.061086610400675  0.004872912390289  0.015452670568452  0.072846324883410  0.020934118787935  0.020207014560742  0.108142086323124  0.016874633747389  0.083910781423766  0.083273426568251  0.147113342152346  0.147624082678691  0.020235046857100  0.003708367659963  0.009499056899868  0.975355461527642  0.024416496255385  0.000000000000000  1.000000000000000  0.000000000000000  0.281069730944654  0.718968266423479  0.050906722691888  0.472701058375372  0.468460723436213 
92.0    L  0.036778335538086  0.034506213973847  0.022436632978491  0.036727385263118  0.004876291206647  0.017373111836205  0.000000000000000  0.036701936600427  0.020789516266886  0.641712948781452  0.017289021142067  0.000000000000000  0.023147496844068  0.011998517732048  0.005558841645448  0.038393343138927  0.017145811524676  0.009978232493714  0.005332397335489  0.019410754402882  0.993092495437036  0.007050786933300  0.000000000000000  0.058476468614463  0.941478464541206  1.000000000000000  0.000000000000000  0.050765774772265  0.470087101254563  0.477641468191219 
93.0    L  0.009929935072701  0.031293351740979  0.000000000000000  0.000000000000000  0.003825860537449  0.000000000000000  0.010934264574962  0.332401777045429  0.000000000000000  0.559030925482931  0.003614470422023  0.008912216530222  0.000000000000000  0.000000000000000  0.000000000000000  0.000000000000000  0.020039634418160  0.007520269086732  0.000000000000000  0.012447501504462  1.000000000000000  0.000000000000000  0.000000000000000  0.000000000000000  0.000000000000000  0.000000000000000  0.000000000000000  0.050171086794747  1.000000000000000  1.000000000000000 
94.0    E  0.009099481144285  0.015474107373954  0.016097718025314  0.549427108788440  0.010934264574962  0.018123432101647  0.001983136915761  0.001515489949756  0.099029351365621  0.030353359235676  0.000946572086851  0.005974360460480  0.024877753086837  0.100551046367739  0.033984012214215  0.019117000642685  0.031077192771038  0.031532863557646  0.000000000000000  0.000000000000000  0.972654947412286  0.027110583973502  0.000000000000000  0.333324669272800  0.666649338545599  0.000000000000000  0.000000000000000  0.050171086794747  0.463615273217731  1.000000000000000 
95.0    K  0.032758202359904  0.000000000000000  0.063240825064183  0.406689599066063  0.000000000000000  0.029096713119695  0.001920902488333  0.012709049970814  0.142595464483553  0.017289021142067  0.000000000000000  0.082927821287323  0.000000000000000  0.064748922722501  0.077535456107212  0.015625000000000  0.010569126805080  0.042452696392155  0.000000000000000  0.000000000000000  0.994470168673214  0.001069387178509  0.004146184409960  1.000000000000000  0.000000000000000  0.000000000000000  1.000000000000000  0.051225287977345  0.500000000000000  0.463615273217731 
96.0    S  0.255784367433608  0.000000000000000  0.000000000000000  0.000000000000000  0.002863509291385  0.013677989526473  0.013405789537948  0.019037660369925  0.000000000000000  0.007218926347241  0.000000000000000  0.026150820083856  0.000000000000000  0.000000000000000  0.083794536973771  0.568014632393343  0.006606033495137  0.000000000000000  0.003353771236085  0.000000000000000  0.983502074026248  0.000000000000000  0.016390458243359  0.000000000000000  0.000000000000000  0.148033951481704  0.852044095074866  0.051260806949795  1.000000000000000  0.457232544749951 
97.0    Q  0.056798632278033  0.000000000000000  0.000000000000000  0.001977646108106  0.000000000000000  0.000000000000000  0.046134825177589  0.000000000000000  0.106137030805855  0.001831193547768  0.000000000000000  0.014427848605147  0.006341324851385  0.641712948781452  0.082812938565325  0.000000000000000  0.015854102290326  0.000000000000000  0.000000000000000  0.025826572442319  0.988970916380931  0.000000000000000  0.011210543239115  0.000000000000000  0.000000000000000  0.653835674268380  0.346277367027731  0.053697547184199  1.000000000000000  0.444729496768949 
98.0    T  0.015964376292411  0.000000000000000  0.051617354058483  0.112266546610492  0.003066906713569  0.004603669561764  0.002080289459753  0.157344646688107  0.042896388476716  0.002575378153305  0.003353771236085  0.326691313473293  0.035599480538191  0.026571067502006  0.003604462861929  0.027757087370075  0.121919432690955  0.031818287492644  0.000000000000000  0.030269318413332  1.000000000000000  0.000000000000000  0.000000000000000  0.000000000000000  0.000000000000000  1.000000000000000  0.000000000000000  0.052738487258126  1.000000000000000  0.470087101254563 
99.0    Q  0.012191335627714  0.000000000000000  0.000000000000000  0.005566553180269  0.000000000000000  0.000000000000000  0.009840859218339  0.000000000000000  0.011702819800189  0.020389921057640  0.000000000000000  0.027393928791126  0.092589987376270  0.699792932797598  0.001383942770028  0.079715274479909  0.039554893561571  0.000000000000000  0.000000000000000  0.000000000000000  1.000000000000000  0.000000000000000  0.000000000000000  0.000000000000000  0.000000000000000  0.000000000000000  0.000000000000000  0.050205874797315  1.000000000000000  1.000000000000000 
100.0    Q  0.050730598811080  0.000000000000000  0.004619652344704  0.057312752700292  0.000000000000000  0.012191335627714  0.012191335627714  0.000000000000000  0.016956708935653  0.001827389644202  0.000000000000000  0.000000000000000  0.008104843254419  0.689680460913530  0.080492601844364  0.058517015464656  0.007535923317064  0.000000000000000  0.000000000000000  0.000000000000000  0.972654947412286  0.027167017502813  0.000000000000000  1.000000000000000  0.000000000000000  0.000000000000000  0.000000000000000  0.050205874797315  0.463615273217731  1.000000000000000 
101.0    E  0.005083366622820  0.000000000000000  0.046198825977308  0.636397467637971  0.000000000000000  0.049652150006007  0.000000000000000  0.000000000000000  0.123193667117421  0.000000000000000  0.000000000000000  0.016424576704495  0.011469926844016  0.033284631356044  0.065063849855257  0.010525262319263  0.001420879573862  0.001242102545648  0.000000000000000  0.000000000000000  0.975355461527642  0.024382671255428  0.000000000000000  0.130670012525646  0.869344560090022  1.000000000000000  0.000000000000000  0.051438771579919  0.473685035299634  0.463615273217731 
102.0    K  0.013066349998657  0.000000000000000  0.001189853773120  0.063636574985289  0.000000000000000  0.020404059173264  0.005742919282770  0.009611651130868  0.564873607285062  0.001938289794308  0.010012874407502  0.047071577082307  0.002138774357019  0.069492447344819  0.156908998910330  0.018161157929971  0.011335564123705  0.002752579599887  0.000000000000000  0.001549480162483  0.999307092990453  0.000000000000000  0.000834384512588  0.000000000000000  0.000000000000000  0.000000000000000  0.000000000000000  0.050205874797315  1.000000000000000  1.000000000000000 
103.0    N  0.000000000000000  0.019343598294335  0.011800567074710  0.012673861805891  0.000000000000000  0.000000000000000  0.000000000000000  0.005770851810869  0.059870951138919  0.010783729323411  0.089808761034004  0.751059963470465  0.000000000000000  0.015953314464175  0.008820034412548  0.007080171392714  0.006801176275751  0.000000000000000  0.000000000000000  0.000000000000000  1.000000000000000  0.000000000000000  0.000000000000000  0.000000000000000  0.000000000000000  1.000000000000000  0.000000000000000  0.050136322897030  1.000000000000000  0.500000000000000 
104.0    E  0.000000000000000  0.022219959540426  0.010033717257730  0.605836330215122  0.000000000000000  0.003825860537449  0.000000000000000  0.010330114102676  0.070560275300383  0.017738157846032  0.105403888781264  0.035133716368082  0.000000000000000  0.023683071351725  0.009725579963923  0.026024242840017  0.020517517584752  0.038902319855693  0.000000000000000  0.000000000000000  0.951977908497532  0.047994070928191  0.000000000000000  0.823020345278708  0.177144674563527  0.000000000000000  0.000000000000000  0.050171086794747  0.442270217665770  1.000000000000000 
105.0    Q  0.002518883302062  0.000000000000000  0.014377932041014  0.001580941829194  0.026830169888680  0.000000000000000  0.036752851571593  0.000000000000000  0.333093706273005  0.016676958406874  0.000000000000000  0.022390025787080  0.003479269142995  0.330105710253750  0.115103212150630  0.000000000000000  0.011998517732048  0.000000000000000  0.000000000000000  0.085141127165031  0.980779003988551  0.000000000000000  0.019518689463334  0.000000000000000  0.000000000000000  1.000000000000000  0.000000000000000  0.053474689105163  1.000000000000000  0.454389058224260 
106.0    E  0.027718634536005  0.000000000000000  0.306296332976169  0.320189965332443  0.012404436420807  0.015538596385519  0.011125392153102  0.023083407243478  0.100551046367739  0.002627670329144  0.000000000000000  0.043015487549709  0.000000000000000  0.013725476066224  0.027930786323650  0.005758864130043  0.063022028430912  0.024063661694877  0.000000000000000  0.002935862261847  1.000000000000000  0.000000000000000  0.000000000000000  0.000000000000000  0.000000000000000  0.921464186198704  0.078454499455165  0.052265399994629  1.000000000000000  0.478304079045937 
107.0    L  0.022844647631251  0.000000000000000  0.000000000000000  0.000000000000000  0.033353916813749  0.000000000000000  0.000000000000000  0.072795849154279  0.000000000000000  0.763658748980350  0.000000000000000  0.000000000000000  0.002769804757186  0.000000000000000  0.000000000000000  0.007060568177743  0.006824788249349  0.008321157839011  0.000000000000000  0.082183922512817  0.997231251352069  0.002810417148459  0.000000000000000  1.000000000000000  0.000000000000000  0.000000000000000  1.000000000000000  0.049997508020797  0.497579860910041  0.500000000000000 
108.0    L  0.006497047643554  0.021418481327808  0.000000000000000  0.009232902710425  0.007036140467562  0.007139308204917  0.000000000000000  0.012577595900330  0.009479324689443  0.635515844652833  0.009806812431896  0.000000000000000  0.000000000000000  0.122767449407924  0.000000000000000  0.013003105229868  0.053031743856619  0.001089589181958  0.045975210807992  0.045562793088018  1.000000000000000  0.000000000000000  0.000000000000000  0.000000000000000  0.000000000000000  1.000000000000000  0.000000000000000  0.050136322897030  1.000000000000000  0.500000000000000 
109.0    E  0.301243078748697  0.020890632740705  0.001748095841656  0.260075066630496  0.000000000000000  0.028399316139016  0.057751410777926  0.007139308204917  0.165396429988515  0.004869535915137  0.000000000000000  0.035698320214017  0.005843303743603  0.034125642054552  0.009368280576493  0.052994997789572  0.002748766358057  0.002923677708579  0.000000000000000  0.008820034412548  0.971307495541633  0.028716027608720  0.000000000000000  1.000000000000000  0.000000000000000  0.000000000000000  0.000000000000000  0.050171086794747  0.464258426153364  1.000000000000000 
110.0    L  0.000000000000000  0.000000000000000  0.000000000000000  0.000000000000000  0.015377875344278  0.007139308204917  0.000000000000000  0.080047491333111  0.000000000000000  0.726986258660155  0.003041502699460  0.000000000000000  0.013166356710987  0.023930593704600  0.000000000000000  0.006172197748933  0.000000000000000  0.000000000000000  0.114466710802266  0.009479324689443  0.984184022033800  0.003505898635419  0.012216713173884  0.390393246303696  0.609627547038152  0.000000000000000  0.000000000000000  0.050171086794747  0.497579860910041  1.000000000000000 
111.0    D  0.056484545421943  0.000000000000000  0.533292890415882  0.004440691301703  0.000000000000000  0.090370768409109  0.005928981456930  0.016435965300061  0.022955759894974  0.007094909513449  0.000000000000000  0.066384949155961  0.016827912128016  0.066569262712089  0.009105790610426  0.015975445790780  0.076097876166437  0.004651784567832  0.000000000000000  0.007385954037115  0.955945317593742  0.013907433332070  0.029852591761951  0.142200653484063  0.857970530428691  1.000000000000000  0.000000000000000  0.050380176968310  0.482968164462423  0.484980955170867 
112.0    K  0.006492545793700  0.000000000000000  0.058233776831548  0.083910781423766  0.000000000000000  0.000000000000000  0.012456132445946  0.000000000000000  0.385820043764734  0.018840747307668  0.040695130924032  0.064883704408941  0.000000000000000  0.083273426568251  0.009342342162313  0.189990607050190  0.015920174947136  0.030101934188130  0.000000000000000  0.000000000000000  0.979420297586927  0.014121136355486  0.006574058455355  1.000000000000000  0.000000000000000  0.606256409530869  0.393926943024673  0.055092509869198  0.485317234884773  0.458502021602336 
113.0    W  0.016379101179952  0.011816937478781  0.000000000000000  0.017898717155934  0.009131072254385  0.139854637629464  0.000000000000000  0.000000000000000  0.000000000000000  0.059954007457829  0.016550286479436  0.011156281091290  0.000000000000000  0.000000000000000  0.000000000000000  0.000000000000000  0.000000000000000  0.027988927190339  0.689202576487815  0.000000000000000  0.924022572446823  0.050555084272609  0.025435724533451  0.132402291835485  0.867538687152068  0.317097849831467  0.683020128377198  0.050380176968310  0.436181352885379  0.476318999021969 
114.0    A  0.352086056728020  0.003309892324008  0.096924150793376  0.010896434893363  0.000000000000000  0.097937148368668  0.004391714546010  0.001730014685747  0.123450107680672  0.000000000000000  0.001214855130174  0.045248067886861  0.016447361792335  0.115262889739079  0.003071161297423  0.041752314949691  0.086329653008991  0.000000000000000  0.000000000000000  0.000000000000000  0.985549336939371  0.008974205898414  0.005321320447814  0.333324669272800  0.666649338545599  0.252963300256732  0.746906728556171  0.056680645558321  0.492774668469685  0.395294558301972 
115.0    S  0.006801176275751  0.000000000000000  0.030458738465361  0.000000000000000  0.043015487549709  0.031664278129971  0.000804288102800  0.069540632536552  0.033585911651734  0.000000000000000  0.006693609021629  0.198470982732913  0.008771261109950  0.041521431690516  0.007055675860561  0.401090583176243  0.039968299414920  0.054674047806614  0.000000000000000  0.025862400502444  0.982820598545251  0.017027376753333  0.000000000000000  0.408667664244142  0.591315500122071  0.000000000000000  1.000000000000000  0.055861572647299  0.435275281648062  0.413798408039103 
116.0    L  0.017074652173452  0.089064850884299  0.000000000000000  0.000000000000000  0.119908014915658  0.000000000000000  0.004674410012620  0.060329189054485  0.000000000000000  0.609627547038152  0.005362048559589  0.000000000000000  0.003056296022408  0.000000000000000  0.000000000000000  0.020977695355942  0.000000000000000  0.012595044242078  0.057432055217441  0.000000000000000  0.988285651500733  0.000000000000000  0.011694710834318  0.500000000000000  0.500000000000000  0.523768063549899  0.476318999021969  0.057035343033966  0.492774668469685  0.403041415746484 
117.0    W  0.015657525079369  0.019451159927846  0.003064781632409  0.017775081685508  0.018710604759671  0.202922395244320  0.000000000000000  0.000000000000000  0.000000000000000  0.027680234971949  0.001135072370623  0.000000000000000  0.002429710260349  0.021255794568843  0.003479269142995  0.012490716099257  0.007149212250999  0.033008925792246  0.602903913845380  0.010941846256931  0.995159721820083  0.004772629303412  0.000000000000000  1.000000000000000  0.000000000000000  0.190122344155126  0.810003473632046  0.053996136712517  0.495514781632040  0.436483795566881 
118.0    N  0.010650020369395  0.001429771187447  0.016356410655853  0.029523345031163  0.000000000000000  0.017253106986923  0.000000000000000  0.047794883683837  0.006881791985367  0.027930786323650  0.005742919282770  0.560194607097088  0.000000000000000  0.005219039368711  0.000000000000000  0.181872585454345  0.046681670534761  0.035772630018709  0.000000000000000  0.006528648116577  0.999307092990453  0.000541781968783  0.000275626075392  1.000000000000000  0.000000000000000  0.000000000000000  1.000000000000000  0.053586002289636  0.500000000000000  0.448133349784702 
119.0    W  0.000000000000000  0.000000000000000  0.000000000000000  0.006628967982077  0.000000000000000  0.094863703310878  0.000000000000000  0.017015578364627  0.000000000000000  0.031686233743438  0.000000000000000  0.000000000000000  0.000000000000000  0.000000000000000  0.002536403520957  0.000000000000000  0.003239529475838  0.022860487823505  0.799960128332753  0.021226348196077  0.956608158091874  0.007114608074937  0.036271997324491  0.500000000000000  0.500000000000000  0.000000000000000  1.000000000000000  0.053586002289636  0.495514781632040  0.447822835045425 
120.0    F  0.000000000000000  0.010642640895629  0.000000000000000  0.000000000000000  0.635956503371787  0.016470178488918  0.000000000000000  0.000000000000000  0.000000000000000  0.230685623163450  0.002043134648032  0.000000000000000  0.000000000000000  0.007704943003854  0.011327709631866  0.016665402825496  0.000000000000000  0.062803988776487  0.000000000000000  0.005815020527994  0.981459063853479  0.014639397607382  0.004066490615954  0.409234590795402  0.590905773467183  0.180241108932528  0.819604607637517  0.055168937268166  0.484644908467533  0.412366774305041 
121.0    D  0.052884912287518  0.019451159927846  0.514770041716999  0.004304316858893  0.005543450610158  0.040386025957422  0.042482132559586  0.003522950696806  0.003360752463326  0.028735938942239  0.000000000000000  0.071446145963377  0.000000000000000  0.009766111738947  0.007391075365044  0.118503370641081  0.069444295540943  0.002754488204071  0.000884408186541  0.004307301418238  0.955282936382437  0.044439919080852  0.000000000000000  0.540362701019676  0.459775023075829  0.941478464541206  0.058435949859466  0.053734780390188  0.428390977384285  0.423666217473059 
122.0    I  0.006104124063846  0.000000000000000  0.002543445682752  0.000000000000000  0.019640833976904  0.000000000000000  0.032871930600121  0.579146403097322  0.021211640310625  0.143886186415970  0.008138620539127  0.008206598000084  0.000000000000000  0.016232173489026  0.027565355162412  0.050555084272609  0.009578397344165  0.033400187225344  0.020221025851295  0.020876157474845  0.956608158091874  0.043105028807096  0.000000000000000  0.239982315259727  0.759962428200758  0.888226795842405  0.111645731544095  0.057312752700292  0.460732093099352  0.459138081150462 
123.0    T  0.026278012976679  0.000000000000000  0.011025592526630  0.000000000000000  0.012665079998208  0.025506345192216  0.001922234418035  0.025934205799687  0.030649343874642  0.004769322315114  0.007976657232087  0.008525499039492  0.003388822996688  0.075467536967906  0.023519480428298  0.284795844305529  0.408384495555011  0.006099894473495  0.016254691664406  0.026811579075897  0.932386486436833  0.059457392270737  0.008355836624103  0.478635729097649  0.521232880420561  0.066661611301985  0.933032991536807  0.057511728164055  0.436786447958347  0.497235084336607 
124.0    N  0.003129179209334  0.001251609300938  0.011382805577328  0.001437721545086  0.000000000000000  0.000000000000000  0.028027754989438  0.020221025851295  0.266277050848354  0.011833330592789  0.003544996700458  0.306933920978765  0.003486511607316  0.076999879590360  0.036854893508163  0.117115180859053  0.029278795214763  0.013926726498390  0.055629733328281  0.012700243781005  0.968618189226628  0.007223931860263  0.024433426347769  0.333324669272800  0.666649338545599  0.104675810938553  0.895645670090849  0.066109435226152  0.495171435966512  0.464902471306581 
125.0    W  0.010532560404196  0.007218926347241  0.000000000000000  0.009779659833234  0.012665079998208  0.056798632278033  0.000000000000000  0.052811649025782  0.002309826172352  0.016980232226970  0.006953716666035  0.000000000000000  0.000000000000000  0.000000000000000  0.009394291007017  0.005284563402540  0.000000000000000  0.009964409309989  0.793883930931653  0.005288227652549  0.993781093322555  0.006249688502600  0.000000000000000  0.557483109363849  0.442270217665770  0.635956503371787  0.363997387249772  0.066754088002991  0.482968164462423  0.445964259710046 
126.0    L  0.054258764225065  0.063504383937106  0.001803481075643  0.000000000000000  0.062716984281844  0.006074578405332  0.000000000000000  0.098618355106558  0.000000000000000  0.615999036722878  0.032803646363221  0.000000000000000  0.000000000000000  0.007269137950805  0.000000000000000  0.011171757705951  0.000000000000000  0.044378354954482  0.000000000000000  0.001428780488969  0.988970916380931  0.011171757705951  0.000000000000000  1.000000000000000  0.000000000000000  1.000000000000000  0.000000000000000  0.062978360025657  0.472046209575125  0.480963727332387 
127.0    W  0.004224510794858  0.012877532577394  0.013696964395563  0.038580081465423  0.000000000000000  0.070903467808497  0.000000000000000  0.012233660879008  0.065063849855257  0.006848482197782  0.004954653903617  0.015744590006414  0.000000000000000  0.020948634243443  0.039719740290802  0.001878764559892  0.012586317047637  0.054901904264898  0.613867841957530  0.010881339692727  1.000000000000000  0.000000000000000  0.000000000000000  1.000000000000000  0.000000000000000  0.000000000000000  0.000000000000000  0.077213664820433  1.000000000000000  1.000000000000000 
