No:  residues  hmm_col_1  hmm_col_2  hmm_col_3  hmm_col_4  hmm_col_5  hmm_col_6  hmm_col_7  hmm_col_8  hmm_col_9  hmm_col_10  hmm_col_11  hmm_col_12  hmm_col_13  hmm_col_14  hmm_col_15  hmm_col_16  hmm_col_17  hmm_col_18  hmm_col_19  hmm_col_20  hmm_col_21   hmm_col_22   hmm_col_23   hmm_col_24   hmm_col_25   hmm_col_26   hmm_col_27   hmm_col_28   hmm_col_29   hmm_col_30   
1.0    M  0.000000000000000  0.000000000000000  0.000000000000000  0.005108091205222  0.024757337841405  0.000000000000000  0.003131348942966  0.022374511581268  0.000000000000000  0.015040538173465  0.894404901782606  0.000000000000000  0.000000000000000  0.000000000000000  0.000000000000000  0.010337276874282  0.015854102290326  0.009017854824350  0.000000000000000  0.000000000000000  1.000000000000000  0.000000000000000  0.000000000000000  0.000000000000000  0.000000000000000  0.000000000000000  0.000000000000000  0.061767853218796  1.000000000000000  1.000000000000000 
2.0    A  0.722465198961763  0.000000000000000  0.000000000000000  0.003741934446182  0.000000000000000  0.017062821027276  0.000000000000000  0.000000000000000  0.011164016716727  0.005016858628865  0.002106407093153  0.000000000000000  0.034101996157967  0.000000000000000  0.000000000000000  0.091505355996602  0.064257114166004  0.048866852695537  0.000000000000000  0.000000000000000  0.973329374158238  0.020876157474845  0.005520443921417  0.401090583176243  0.599154510669709  0.000000000000000  0.000000000000000  0.061725053840336  0.490389501994276  1.000000000000000 
3.0    R  0.000000000000000  0.017181502333040  0.008955563951003  0.015722778492153  0.002125473518888  0.029831906691866  0.032396909406866  0.000000000000000  0.022189177477241  0.018224208902945  0.007753159177233  0.002396259721199  0.022813000166477  0.000000000000000  0.768970415635134  0.036524289017539  0.000000000000000  0.000000000000000  0.004474679288983  0.010373165299863  0.971980987981352  0.006601456128223  0.021226348196077  0.390934821564297  0.609205131837596  0.000000000000000  1.000000000000000  0.060875266783953  0.496546247718518  0.499653546495226 
4.0    T  0.001674562571551  0.014915953345933  0.007238969233519  0.030458738465361  0.000000000000000  0.026904662135591  0.000000000000000  0.052229184932616  0.010843693117309  0.022266212721075  0.042335155546418  0.004283482767921  0.025934205799687  0.000000000000000  0.015155654849090  0.047104215923699  0.695440985854994  0.000000000000000  0.000000000000000  0.003028879712293  1.000000000000000  0.000000000000000  0.000000000000000  0.000000000000000  0.000000000000000  0.000000000000000  1.000000000000000  0.059087632296921  1.000000000000000  0.490729531926740 
5.0    K  0.036549614501623  0.000000000000000  0.012473412286823  0.013377941946038  0.000000000000000  0.000000000000000  0.000000000000000  0.002586111153116  0.747942879181195  0.006049367405103  0.004256844188333  0.014160342785427  0.003933420117409  0.024298313621330  0.048596627242660  0.010620533139896  0.040498155169792  0.024097044146999  0.000000000000000  0.010738974184156  0.931094819830229  0.019654452684938  0.049446081324091  0.356012548899268  0.643940814754913  0.534773543942622  0.465224828851508  0.056172195413189  0.494142825750366  0.490729531926740 
6.0    Q  0.024569290379385  0.006254021958252  0.000000000000000  0.054978067245152  0.000000000000000  0.005742919282770  0.088879838161705  0.016909760070714  0.031271668358206  0.022876338999150  0.067920928907879  0.013012121420009  0.065789447169340  0.516915368123982  0.034410674940561  0.021285281791258  0.016064278541501  0.011319860582460  0.001969438388466  0.000000000000000  0.971307495541633  0.022955759894974  0.005815020527994  0.426613049056034  0.573156092864189  0.658383461029622  0.341510064188599  0.053289680735497  0.489710148793463  0.470739232270603 
7.0    T  0.061213768599183  0.000000000000000  0.009671799147168  0.024808872841614  0.016504462896123  0.017738157846032  0.000000000000000  0.021672358892678  0.011597840395539  0.020053529649420  0.017157700215423  0.014792400488074  0.025952188252840  0.021914050791288  0.050730598811080  0.055245470691479  0.600818024763425  0.025630403474898  0.004680894614607  0.000000000000000  0.921464186198704  0.031120304784202  0.047333322371155  0.252963300256732  0.746906728556171  0.797745239809033  0.202220337090435  0.052012420919470  0.482968164462423  0.489031736723670 
8.0    A  0.615999036722878  0.000000000000000  0.010337276874282  0.034363004666080  0.000000000000000  0.005609158244623  0.000000000000000  0.006372167916711  0.039227249727583  0.000000000000000  0.007134361328219  0.007850498597061  0.034650020112596  0.015134659206666  0.012031830847439  0.077267203807559  0.076733480244691  0.044255482444204  0.000000000000000  0.013166356710987  0.977385766410805  0.010272990314102  0.012665079998208  0.428985265214345  0.571173123424273  0.877213548732822  0.123108305361944  0.048664043191354  0.496890546661277  0.465870214652387 
9.0    R  0.031120304784202  0.030905341136904  0.010525262319263  0.022765611154656  0.000000000000000  0.022987605403996  0.040526236082844  0.010539863549529  0.076203443379769  0.008021012075937  0.006438766288697  0.031358492140922  0.023019495090883  0.028497911422493  0.520150133260993  0.051438771579919  0.022765611154656  0.046294993688135  0.010828670981644  0.005766853147199  0.948026965128645  0.029935475569459  0.022266212721075  1.000000000000000  0.000000000000000  0.000000000000000  1.000000000000000  0.050730598811080  0.485317234884773  0.492774668469685 
10.0    K  0.032599643547808  0.000000000000000  0.000000000000000  0.002905495629755  0.008166875782853  0.017973310833603  0.009030364894959  0.010746420454217  0.583983697306559  0.000000000000000  0.027872766231878  0.013461658745500  0.011541703621739  0.012904338514621  0.143786486668826  0.033889919026346  0.064480198706335  0.026497498894786  0.000000000000000  0.000000000000000  0.974004268543241  0.025755065154789  0.000000000000000  0.345558051632146  0.654289035727505  0.351842093831349  0.647970482716667  0.049859077488065  0.488692883205403  0.468460723436213 
11.0    S  0.095523532547823  0.008626553493462  0.000000000000000  0.026979361205450  0.012797448404060  0.043706752585577  0.000000000000000  0.023552107961850  0.022066475068512  0.000000000000000  0.000000000000000  0.005083366622820  0.071297732241776  0.009400804890621  0.066800374450688  0.497579860910041  0.082927821287323  0.028478165019911  0.000000000000000  0.005101014793316  0.990342871933025  0.000000000000000  0.009381276777228  0.000000000000000  0.000000000000000  0.000000000000000  1.000000000000000  0.053178983094159  1.000000000000000  0.480297431976738 
12.0    T  0.063724855187387  0.003554839156566  0.000000000000000  0.015821168864851  0.004373487846306  0.023131457781251  0.013630667277668  0.025952188252840  0.078291527414008  0.005978503007120  0.010019817209080  0.017518219969195  0.010322956294205  0.025862400502444  0.102877543159839  0.041120453907157  0.516557193842066  0.034482304376311  0.000000000000000  0.006934463572418  0.997922718999051  0.002369831172361  0.000000000000000  1.000000000000000  0.000000000000000  0.178006274449634  0.821880187294851  0.053289680735497  0.500000000000000  0.472701058375372 
13.0    G  0.054033576956742  0.011304178795863  0.011493802701998  0.020861692238999  0.000000000000000  0.533662669019980  0.001400346921890  0.016769691974898  0.053252755942179  0.002950141768677  0.000000000000000  0.009895580107213  0.045436641166260  0.033913417871306  0.024981432198515  0.089746531913965  0.066615421004246  0.012293163208649  0.000000000000000  0.011218316489246  0.961260928388761  0.014397877909355  0.024365776331604  0.449689156073876  0.550189304683069  0.000000000000000  1.000000000000000  0.053178983094159  0.489370825198718  0.477972658796871 
14.0    G  0.038553349056547  0.008104843254419  0.000000000000000  0.022297101651842  0.001889211581277  0.529609167341938  0.006045175756025  0.011202775375124  0.044347604881262  0.005806964782934  0.000000000000000  0.028895727441053  0.052374195916747  0.008887540842754  0.043525358770907  0.084027187134539  0.056172195413189  0.025137761591935  0.026114592466308  0.007089993400915  0.980099415341871  0.012056876367648  0.008104843254419  0.399149193178325  0.600818024763425  0.321301584367343  0.678772489940003  0.053215856734309  0.495858365369147  0.461691155364697 
15.0    K  0.059829466137206  0.000000000000000  0.013926726498390  0.060580613558442  0.000000000000000  0.009971318506476  0.020574483157176  0.006853230849475  0.569986636346731  0.011573748422034  0.000000000000000  0.025330159996416  0.032963197408377  0.053809324271181  0.055360469943898  0.030691862351981  0.029543816148461  0.018971795068673  0.000000000000000  0.000000000000000  0.973329374158238  0.023683071351725  0.003287029227677  0.140437487878956  0.859756486243006  0.332632260270172  0.667574151647954  0.052701944390632  0.486664687079119  0.468136123717246 
16.0    A  0.504525816922341  0.006528648116577  0.007365504186861  0.006180760165511  0.000000000000000  0.037917298757772  0.012824087637664  0.006796463693036  0.032735503971869  0.022143084320441  0.010272990314102  0.013239569296033  0.068109507013333  0.041435180009333  0.041035035169505  0.066247048962330  0.067545337627459  0.055092509869198  0.000000000000000  0.000000000000000  1.000000000000000  0.000000000000000  0.000000000000000  0.062500000000000  0.937571096457110  0.220828762870366  0.779164579660500  0.049859077488065  0.500000000000000  0.477310507069858 
17.0    P  0.055092509869198  0.000000000000000  0.006456643110580  0.016198454703433  0.006877023543462  0.015690117863109  0.010061575230546  0.010813669656652  0.046294993688135  0.012595044242078  0.004940935712320  0.025755065154789  0.583174684894234  0.048562954299003  0.020446532366485  0.097598311575924  0.025755065154789  0.010828670981644  0.000000000000000  0.002699672278376  0.975355461527642  0.011915637916065  0.012577595900330  0.118257205840699  0.881480157907170  0.000000000000000  1.000000000000000  0.050590138534213  0.485990493990676  0.482968164462423 
18.0    R  0.016042024151875  0.011899130778932  0.004896613361096  0.017217267435572  0.002577163888228  0.028775803037658  0.015239929086369  0.013754047086924  0.109651693591603  0.015538596385519  0.005640348420010  0.010738974184156  0.032531924927628  0.027872766231878  0.597081593537295  0.036473690681827  0.036473690681827  0.012107123921237  0.000000000000000  0.005482311429840  0.979420297586927  0.009685216405773  0.010934264574962  0.296067902963408  0.703684187662699  0.214047071136614  0.785672516667580  0.049002528379734  0.488354264481114  0.474671060475260 
19.0    K  0.013276328111541  0.000000000000000  0.000000000000000  0.027167017502813  0.003503469373680  0.032509383328812  0.011187255790634  0.027148193285957  0.582366793234228  0.007396200244037  0.006488047063210  0.016886334406865  0.022514527325593  0.016277241078253  0.123621364547616  0.052265399994629  0.016758072137780  0.025790794016021  0.008367428306183  0.006447698504005  0.917639882311365  0.076045147414629  0.006015915423719  0.198884120938730  0.801069877589622  0.000000000000000  1.000000000000000  0.048731552663208  0.446892581178393  0.472373520498603 
20.0    Q  0.041636713284126  0.000000000000000  0.000000000000000  0.018998113799736  0.006886563733650  0.009571760405505  0.018465805420849  0.018427446754082  0.102592701101312  0.013175486097658  0.017265070074999  0.013897796774030  0.072997962163320  0.382094130191292  0.072493728406590  0.076680311078363  0.094077921713192  0.016030908520893  0.016619260513956  0.008275143239718  0.988285651500733  0.000000000000000  0.011973593439123  0.000000000000000  0.000000000000000  0.000000000000000  1.000000000000000  0.048866852695537  1.000000000000000  0.463936738235641 
21.0    L  0.046843737554861  0.002937897951931  0.000000000000000  0.014189819026899  0.005644259366889  0.014608987464866  0.008620576094078  0.084846561242500  0.036778335538086  0.454074208860755  0.036146505747040  0.002012214753164  0.065199287095616  0.025172634095273  0.023179608341268  0.067405026980903  0.026060345119530  0.049206748535575  0.027204705103004  0.009936820365184  0.967276329613932  0.015690117863109  0.016792955825867  0.317537745634697  0.682546858942583  0.264071406337964  0.736113431084089  0.048968574184334  0.493458272942921  0.457549584063964 
22.0    A  0.517273790759455  0.003217152411201  0.008906041192918  0.008252231448061  0.000000000000000  0.053178983094159  0.002656974321105  0.027393928791126  0.044010757091003  0.016956708935653  0.016561762240583  0.004325252283142  0.068440779424598  0.014338123161115  0.033330805650993  0.085023178275372  0.032894723584670  0.036196650193583  0.012994095287108  0.014130927774392  0.916368644675351  0.076946525834057  0.006862738033112  0.251913440102626  0.747942879181195  0.522317881432116  0.477972658796871  0.047267749915124  0.434070113800521  0.449066186441967 
23.0    T  0.117115180859053  0.011477879947487  0.000000000000000  0.005535771080110  0.012430257558671  0.036448417805890  0.011179504062679  0.014268722656437  0.061128967090459  0.023486898094774  0.013313188985545  0.020039634418160  0.059995578814932  0.019901210551977  0.021448194238358  0.192109397661002  0.347479554960584  0.022498926851792  0.000000000000000  0.010166733245640  0.970634469769547  0.020305297850866  0.009381276777228  0.274332984394811  0.725979139951947  0.278548412704833  0.721464343430814  0.048294409352999  0.491410299272626  0.466516495768404 
24.0    K  0.033123524481165  0.000000000000000  0.013706461698950  0.018287478773040  0.007411596212035  0.013003105229868  0.006306258394568  0.016642315678022  0.556710809114343  0.017640068825096  0.013148116910709  0.029076551803219  0.052592467642836  0.011866185076676  0.097193254485320  0.027073026762503  0.059251685320540  0.018723578458428  0.008269409334962  0.000000000000000  0.954621014139717  0.037395280100960  0.008093615340313  0.088388347648318  0.911301280637141  0.189464570813800  0.810565119885309  0.049859077488065  0.468460723436213  0.468785548228555 
25.0    A  0.445346450303340  0.009118422670457  0.011605882192663  0.019736363466341  0.000000000000000  0.037838533873455  0.000000000000000  0.006896117158521  0.077374393177340  0.021255794568843  0.005847355417159  0.007614684616340  0.031250000000000  0.021196942616370  0.029728696135369  0.124050546835727  0.084846561242500  0.061767853218796  0.000000000000000  0.004410017206274  0.902500727462430  0.049686578184311  0.047761766273911  0.259714775824416  0.740206649000025  0.075467536967906  0.924663278113700  0.050942020775164  0.466839972457657  0.455334916795989 
26.0    A  0.418123199957031  0.004578212045604  0.013377941946038  0.018710604759671  0.011195012893540  0.044102370106522  0.010322956294205  0.023195680791079  0.046908721797324  0.050625217102003  0.000000000000000  0.011825131195075  0.076468002570742  0.022266212721075  0.071594868623735  0.079164640857701  0.060748811748835  0.034794425569646  0.000000000000000  0.002020600745154  0.963261894020148  0.014588749139302  0.022250784306204  0.092782723164316  0.907519155317161  0.104530799989258  0.895645670090849  0.052738487258126  0.477972658796871  0.423959982316574 
27.0    R  0.034078366645789  0.014288517023436  0.009011606289531  0.021959667190730  0.000000000000000  0.084085450532614  0.034602018265134  0.001567846462336  0.088021514182005  0.031012636708932  0.000000000000000  0.009290680585959  0.054636163775648  0.044532425442150  0.460412848602520  0.068821349881123  0.019103754338939  0.019103754338939  0.000000000000000  0.005332397335489  0.931094819830229  0.021241066279793  0.047960815500028  0.145995924326640  0.853817714391245  0.037214276542655  0.962594443101751  0.049962864397030  0.487339815445774  0.410370804405249 
28.0    K  0.038287041622021  0.000000000000000  0.016367751985934  0.011841535675862  0.012779719664965  0.047267749915124  0.015733680469636  0.014130927774392  0.532923368033971  0.007002083590386  0.007774685326719  0.036372704200067  0.035822255804012  0.032128557083002  0.071893243334413  0.052592467642836  0.054787857582252  0.009868181733170  0.000000000000000  0.002384661157557  0.938871747315452  0.045531222309313  0.015700997194122  0.232451235653290  0.767373048000443  0.295862755438143  0.704172113456040  0.051048061944376  0.459775023075829  0.380508345209840 
29.0    S  0.098073012237094  0.003303016747568  0.000000000000000  0.005652089397932  0.005928981456930  0.066569262712089  0.015570941606685  0.005937206470318  0.047398985792951  0.011557714916007  0.020179021098474  0.044997853703584  0.035896823593657  0.025190088484155  0.083968964107581  0.436181352885379  0.067920928907879  0.022923958502614  0.000000000000000  0.002697801656531  0.978741650397436  0.016458766186794  0.004496443325499  0.333324669272800  0.666649338545599  0.000000000000000  1.000000000000000  0.054484889971066  0.492433221447775  0.401368694357977 
30.0    A  0.425431864753270  0.000000000000000  0.036473690681827  0.039145763707004  0.006434304822403  0.072192861534599  0.014680042956469  0.013239569296033  0.017050998078983  0.015549370653439  0.012586317047637  0.003474449193507  0.102877543159839  0.010124538792448  0.053474689105163  0.083042863381032  0.029400815859806  0.064973714698455  0.000000000000000  0.000000000000000  0.868742185150623  0.089871033302935  0.041492661199451  0.547905883223845  0.451876363375543  0.000000000000000  1.000000000000000  0.054258764225065  0.441657525740733  0.398596238270268 
31.0    P  0.012123919598045  0.000000000000000  0.005648173025569  0.024063661694877  0.004802495575213  0.072092850316251  0.002960383918966  0.008734858210671  0.070511383591032  0.032667503131411  0.000000000000000  0.024946824573645  0.548285794293947  0.025172634095273  0.025488671666844  0.068440779424598  0.046455718263469  0.023357019509921  0.000000000000000  0.004346289533535  0.953959550547558  0.015103220266640  0.030755750688556  0.151459082553780  0.848507901705896  0.058964890680960  0.940826107513788  0.060917476930722  0.487677730763821  0.378141999320990 
32.0    A  0.249480679749763  0.014558444207887  0.020545980628204  0.018211581220852  0.004046807670156  0.034291623049351  0.007562086147607  0.021807980689409  0.042629619839980  0.041810236087066  0.003786288347403  0.024501264189867  0.060875266783953  0.019750048413325  0.036071419297401  0.250867937127376  0.105403888781264  0.037864770638445  0.000000000000000  0.005786874211017  0.883927531063671  0.068869069742288  0.046973796189549  0.332171453524128  0.667574151647954  0.183773417048630  0.816203046150902  0.059333882559407  0.444113397921202  0.362989569975974 
33.0    T  0.088510964888409  0.006434304822403  0.008235089244459  0.017457611532378  0.014467906601989  0.040723348417603  0.010287241578588  0.021672358892678  0.041723384477997  0.023584780758134  0.004575039770386  0.010791206626124  0.067125279476258  0.033377044001495  0.037917298757772  0.107023535568307  0.409518348929914  0.032963197408377  0.000000000000000  0.023552107961850  0.973329374158238  0.005863590224666  0.020919613390288  0.222982129855023  0.777007268784049  0.299992845593304  0.699792932797598  0.054901904264898  0.499307333050514  0.352818960852173 
34.0    G  0.051760666333409  0.008484233252518  0.042071877164899  0.026442456143759  0.000000000000000  0.513700719689482  0.006578616825066  0.018389167769043  0.038687196588670  0.012015162744299  0.003303016747568  0.014761672515581  0.037943590137345  0.040470093714201  0.049446081324091  0.078726873746712  0.021035938582450  0.036221748497014  0.000000000000000  0.000000000000000  0.944747040997206  0.020137103601328  0.034818551588104  0.124394965227510  0.875391329694264  0.324884765613860  0.675018992561373  0.057154068093744  0.484980955170867  0.377356492130140 
35.0    G  0.056641371141708  0.000000000000000  0.006350121890502  0.015722778492153  0.000000000000000  0.493458272942921  0.012709049970814  0.010194960528820  0.056484545421943  0.011461979251307  0.002511909147325  0.030862526920168  0.059622471909222  0.054825846795801  0.037317599596081  0.087171479146900  0.044378354954482  0.006624374723696  0.002008034817688  0.011525714508460  0.948026965128645  0.032803646363221  0.019357010902874  0.094404536597677  0.905633983017823  0.159873197659679  0.840313752233282  0.058354996557207  0.472046209575125  0.389852421305662 
36.0    V  0.041406469282663  0.000000000000000  0.030143693268254  0.016288527513143  0.036574957546081  0.013583508751407  0.002248221662750  0.073251392729657  0.060245612983790  0.033284631356044  0.013424386796050  0.007065463887196  0.094404536597677  0.065108964313014  0.015145153389610  0.043949787497285  0.061896429495814  0.392020227037869  0.000000000000000  0.000000000000000  0.917004043204671  0.065425642623411  0.017277041458129  0.195874296737335  0.804408370941916  0.246387334234843  0.753667454779191  0.057831526752366  0.454389058224260  0.387159513926610 
37.0    K  0.039637231228933  0.000000000000000  0.003127010979126  0.020361674208801  0.008315392050417  0.016288527513143  0.017652300227658  0.021627339313304  0.477972658796871  0.004684140288247  0.010888884677246  0.016131227116926  0.045720975647010  0.041781265481410  0.188155843426383  0.045499673406221  0.026848773592100  0.015176679617838  0.000000000000000  0.000000000000000  0.944747040997206  0.024416496255385  0.030777076340486  0.390393246303696  0.609627547038152  0.422493192206257  0.577542892276792  0.058842404033825  0.468460723436213  0.400534938794811 
38.0    K  0.031774208540374  0.000000000000000  0.013424386796050  0.018919266936727  0.000000000000000  0.009316475565083  0.022266212721075  0.000000000000000  0.588045625145482  0.025295069267107  0.006241030597259  0.021211640310625  0.022828818414776  0.041579032533771  0.132402291835485  0.019223302261737  0.030564483545229  0.011998517732048  0.000000000000000  0.004917020209003  0.982139595263391  0.011257263662796  0.006642766875502  0.107246316303586  0.892546971472977  0.426317445883978  0.573553512113083  0.062760471452436  0.475000191437443  0.418413121341696 
39.0    P  0.027016788478371  0.000000000000000  0.000000000000000  0.014308338850283  0.000000000000000  0.018478609378815  0.020731955321831  0.006537705020964  0.169693122485001  0.016816251949747  0.007641120886307  0.016379101179952  0.490389501994276  0.027412923397901  0.080828058242968  0.045943354262158  0.045091521464426  0.008820034412548  0.000000000000000  0.003906250000000  0.895025070927972  0.049617745683228  0.055360469943898  0.293819082104943  0.706127202192377  0.458502021602336  0.541487522762962  0.061128967090459  0.473028823362798  0.443805668634749 
40.0    H  0.005023818294651  0.000000000000000  0.000000000000000  0.026424133980547  0.022987605403996  0.006070369287375  0.456915725114700  0.013621222492767  0.080325396091836  0.002857560977938  0.000000000000000  0.020818356642063  0.006323767316777  0.023503183615448  0.207905524593727  0.022828818414776  0.027950153180706  0.013734993139247  0.000000000000000  0.062760471452436  0.973329374158238  0.019424213576624  0.006920058742987  0.214047071136614  0.786217292140332  0.632001549226403  0.368056715542045  0.059251685320540  0.486327473706143  0.429878243121503 
41.0    R  0.022592692102277  0.018224208902945  0.000000000000000  0.022467758325734  0.005734963422008  0.007294374569651  0.024998754010399  0.000000000000000  0.083852639055141  0.005172222306232  0.000000000000000  0.021418481327808  0.024450368179266  0.006592310907266  0.703684187662699  0.024382671255428  0.016619260513956  0.010591127553125  0.000000000000000  0.002124000763388  0.978063473447339  0.018148573936339  0.003508329581578  0.095391200560035  0.904379377561088  0.088082547196376  0.911933165519769  0.052410511527558  0.475329550614909  0.468136123717246 
42.0    Y  0.039637231228933  0.009551877169469  0.000000000000000  0.002829965145615  0.209932873236035  0.007943552135093  0.026904662135591  0.014884968719437  0.028537445312875  0.011573748422034  0.003900838539457  0.028359973603661  0.009169126392823  0.015876095984277  0.046908721797324  0.019303416205108  0.008292368819920  0.008844522672740  0.071694189014135  0.435879119768531  0.993092495437036  0.000000000000000  0.006679704514781  0.000000000000000  0.000000000000000  0.291991848653279  0.708087719107272  0.052665426843947  1.000000000000000  0.467487598875728 
43.0    R  0.011940441568478  0.011525714508460  0.016769691974898  0.000000000000000  0.007109678313132  0.003022587878012  0.020361674208801  0.010445316370353  0.182883902588041  0.005288227652549  0.000000000000000  0.013696964395563  0.032374461361251  0.000000000000000  0.645728675151168  0.012208248127692  0.018148573936339  0.008350046806336  0.000000000000000  0.000000000000000  0.985549336939371  0.001466913991153  0.013157233650131  0.210369870571345  0.789493886700555  0.000000000000000  1.000000000000000  0.052665426843947  0.496890546661277  0.471392267959120 
44.0    P  0.049928244778072  0.000000000000000  0.000000000000000  0.000000000000000  0.000000000000000  0.000000000000000  0.003522950696806  0.005778857458003  0.025988190574216  0.009335868787944  0.000000000000000  0.009565128065627  0.729510172120088  0.012370091654239  0.072242919159675  0.049036506118547  0.013602352551502  0.006176477473468  0.012850782323632  0.000000000000000  0.973329374158238  0.015474107373954  0.011187255790634  0.652929893544459  0.347238783941278  0.137833645383614  0.862143545017596  0.050730598811080  0.476979775273779  0.460093825312437 
45.0    G  0.022498926851792  0.000000000000000  0.006886563733650  0.011833330592789  0.004440691301703  0.716977624007914  0.019437682082789  0.005516618767128  0.031380235726218  0.017506081471784  0.006763566918122  0.005945442893904  0.000000000000000  0.016688522000748  0.071843428002167  0.041234622211653  0.005237158560861  0.014457881688091  0.001624261910888  0.000000000000000  0.959264119325264  0.030926770512975  0.009624984948795  0.324659650682471  0.675487042267819  0.029319412390646  0.970634469769547  0.050101583087462  0.474342157570227  0.456599125005996 
46.0    T  0.044904380517002  0.013129902378645  0.021687386234619  0.024808872841614  0.023179608341268  0.004337261068862  0.020832791829550  0.034866853822655  0.030841142058933  0.035133716368082  0.018893057434896  0.011735311929226  0.014150530984653  0.046617000834108  0.007499447351866  0.068251284109103  0.562919293068381  0.010430846119499  0.005961950035002  0.000000000000000  0.987600861445373  0.008367428306183  0.003982803449212  0.112033337446176  0.888226795842405  0.330105710253750  0.669891801213920  0.049446081324091  0.489710148793463  0.441045682598588 
47.0    V  0.019998006466317  0.017960857000542  0.000000000000000  0.016299821773904  0.003839142963067  0.015865095326085  0.005211809256554  0.009505643426829  0.144285677189605  0.106505511884358  0.022577037467555  0.031077192771038  0.015335297872711  0.022923958502614  0.083042863381032  0.000000000000000  0.019196671569463  0.455334916795989  0.007041019239147  0.004058043372257  0.995849753094458  0.002070220280073  0.002254463706088  0.644387315242508  0.355765865308649  0.326691313473293  0.673150034638391  0.043525358770907  0.494485458190466  0.457232544749951 
48.0    A  0.665725806618185  0.002941973567644  0.000000000000000  0.004021640950914  0.010813669656652  0.004301334367570  0.008472479756586  0.020531744174209  0.000000000000000  0.021717472185037  0.013499034178129  0.019600034445641  0.000000000000000  0.000000000000000  0.006758880395195  0.071446145963377  0.039912929974856  0.092525831125003  0.017701310707747  0.000000000000000  0.980099415341871  0.010287241578588  0.009718841041394  0.266092545613340  0.734075318017052  0.083678453561153  0.916368644675351  0.041781265481410  0.486327473706143  0.468136123717246 
49.0    L  0.011525714508460  0.001635559545915  0.011727180449331  0.022097086912080  0.021373989123476  0.000000000000000  0.013075410041928  0.056055509978876  0.003796800734302  0.751580739032781  0.013066349998657  0.018710604759671  0.008200911590805  0.012931200251222  0.009840859218339  0.008212288352248  0.000000000000000  0.021094343517543  0.004352318948513  0.010791206626124  1.000000000000000  0.000000000000000  0.000000000000000  0.027776333786455  0.971980987981352  0.316000774613202  0.683967651951245  0.039857637239955  0.497235084336607  0.462011286223412 
50.0    R  0.011117683290895  0.046487930076078  0.010911551034902  0.006254021958252  0.001200623893803  0.009387781636929  0.048093975630027  0.007119541254978  0.162329825341235  0.016839580391307  0.014538275901610  0.003900838539457  0.024467321758017  0.068298608693810  0.526315577354719  0.019236631458514  0.001898400367151  0.002424663069387  0.007411596212035  0.011670417633690  0.980099415341871  0.005941323254848  0.013754047086924  0.333324669272800  0.666649338545599  0.452503231441453  0.547526235396787  0.039363436873356  0.496546247718518  0.474671060475260 
51.0    E  0.004736378199460  0.000000000000000  0.030122806491895  0.866937563514687  0.000000000000000  0.004091937996484  0.000000000000000  0.000000000000000  0.037291741969741  0.000000000000000  0.003508329581578  0.000000000000000  0.007530701622974  0.014518135535171  0.007463147940488  0.016379101179952  0.000000000000000  0.007463147940488  0.000000000000000  0.000000000000000  0.996540262827868  0.001594146574513  0.001535580648712  1.000000000000000  0.000000000000000  0.104024841838941  0.896266699569405  0.039996012932635  0.500000000000000  0.471719125447680 
52.0    I  0.000000000000000  0.006905683836435  0.000000000000000  0.000000000000000  0.006319385534076  0.004091937996484  0.000000000000000  0.863938187400277  0.004917020209003  0.018073252873520  0.008257953441886  0.000000000000000  0.010481579881893  0.007530701622974  0.000000000000000  0.007452808988653  0.009512234520805  0.052229184932616  0.000000000000000  0.000000000000000  0.998614666101029  0.001433740855502  0.000000000000000  0.333324669272800  0.666649338545599  0.000000000000000  1.000000000000000  0.039968299414920  0.500000000000000  0.472701058375372 
53.0    R  0.010995065432230  0.039996012932635  0.000000000000000  0.007080171392714  0.000000000000000  0.006977858221506  0.062197482613755  0.003728988336483  0.058883204619051  0.020789516266886  0.007355300504228  0.011597840395539  0.013820944302055  0.018529914053296  0.680657058249737  0.022097086912080  0.009732323559137  0.014864348067684  0.003680200288691  0.006881791985367  1.000000000000000  0.000000000000000  0.000000000000000  0.000000000000000  0.000000000000000  0.000000000000000  1.000000000000000  0.039968299414920  1.000000000000000  0.472701058375372 
54.0    R  0.023486898094774  0.015463385256488  0.001437721545086  0.010110512925647  0.060454770600871  0.000000000000000  0.082812938565325  0.001887902533330  0.265355802237449  0.030522141530070  0.005083366622820  0.024981432198515  0.021065120808392  0.055398856199679  0.307786103336229  0.029914733068603  0.014558444207887  0.004910208494226  0.001347032150222  0.043555538708983  0.985549336939371  0.000000000000000  0.014348065035952  0.000000000000000  0.000000000000000  0.118257205840699  0.881480157907170  0.039996012932635  1.000000000000000  0.472701058375372 
55.0    Y  0.006434304822403  0.008110463051118  0.007442484359718  0.018827692421794  0.107172004579271  0.000000000000000  0.020861692238999  0.008437316873694  0.003282475594661  0.160428237195363  0.006447698504005  0.002131374759873  0.000000000000000  0.025648175275328  0.000000000000000  0.002909526295162  0.000000000000000  0.000000000000000  0.000000000000000  0.622005826649234  0.976708528962227  0.009348820025240  0.014170161389580  0.524494663787473  0.475329550614909  0.000000000000000  1.000000000000000  0.040470093714201  0.490729531926740  0.463936738235641 
56.0    Q  0.006528648116577  0.000000000000000  0.000000000000000  0.023798261557863  0.000000000000000  0.000000000000000  0.007370611335120  0.000000000000000  0.031077192771038  0.000000000000000  0.008373230176065  0.013021143861863  0.014328188175073  0.844400887423782  0.025102937398657  0.006271385849343  0.007747786958893  0.011841535675862  0.000000000000000  0.000000000000000  1.000000000000000  0.000000000000000  0.000000000000000  0.000000000000000  0.000000000000000  0.282632641781148  0.717474767303352  0.041263213781719  1.000000000000000  0.445037866626248 
57.0    K  0.031752191968553  0.000000000000000  0.003831167984330  0.019050860844942  0.000000000000000  0.006707542472170  0.018866884241977  0.000000000000000  0.576343173399432  0.007249011534932  0.018236845340914  0.025225033578274  0.006939271842519  0.034125642054552  0.147828875030518  0.085200162955157  0.018684684324627  0.000000000000000  0.000000000000000  0.000000000000000  0.985549336939371  0.007254037908646  0.007036140467562  0.495858365369147  0.504176227447298  0.000000000000000  1.000000000000000  0.040162698045918  0.493116352246680  0.460732093099352 
58.0    S  0.023699492896476  0.002135811440400  0.005863590224666  0.006815333638834  0.018440224114628  0.041694474052430  0.025772923394065  0.004328251358847  0.010547171758771  0.007109678313132  0.003606962151287  0.030948214747907  0.014091802787223  0.010650020369395  0.021883692513863  0.660211420507500  0.109348095613228  0.002958332648197  0.000000000000000  0.000000000000000  0.995849753094458  0.004259795830724  0.000000000000000  0.125000000000000  0.874784764905822  0.304391504665747  0.695440985854994  0.040274207202657  0.498270131413934  0.450625231305415 
59.0    T  0.017615631439772  0.002173144766767  0.017861536490844  0.050450067156548  0.005280901691516  0.020474896935287  0.009772883438385  0.015733680469636  0.000000000000000  0.000000000000000  0.006920058742987  0.008413956064008  0.042866665268456  0.009426905622818  0.006968191557969  0.055591187096119  0.668500247702567  0.049446081324091  0.009578397344165  0.003075421783473  0.982820598545251  0.000000000000000  0.017337023001060  0.000000000000000  0.000000000000000  0.000000000000000  1.000000000000000  0.039940605100095  1.000000000000000  0.465870214652387 
60.0    E  0.016458766186794  0.015843116871719  0.161432168787792  0.368311921454120  0.003405305623192  0.060120465916548  0.042247213532129  0.000000000000000  0.083215725827273  0.003938876776932  0.005916665296394  0.100900134313096  0.006768256690626  0.047464740306704  0.030185510278901  0.025277542136304  0.012551468699329  0.011109979770213  0.000000000000000  0.004852688600720  0.990342871933025  0.000000000000000  0.009532035236502  0.000000000000000  0.000000000000000  0.132310549359392  0.867538687152068  0.040695130924032  1.000000000000000  0.449066186441967 
61.0    L  0.021974893748642  0.007183984735560  0.005399344556752  0.004440691301703  0.091315273659105  0.006215128779335  0.007274178279924  0.018465805420849  0.006328152137750  0.721464343430814  0.020977695355942  0.011025592526630  0.017050998078983  0.000000000000000  0.014179986801831  0.016120049676584  0.023131457781251  0.007593601468604  0.000000000000000  0.000000000000000  0.999307092990453  0.000000000000000  0.000839605943597  0.142892291926755  0.857376036634172  0.346998179753898  0.652929893544459  0.040134869030920  0.489710148793463  0.446582926176380 
62.0    L  0.018048215383650  0.011210543239115  0.000000000000000  0.006350121890502  0.038101721689884  0.000000000000000  0.010301512613222  0.124308771084152  0.000000000000000  0.723467442935263  0.022939853688033  0.000000000000000  0.005154327776457  0.000000000000000  0.001583134999776  0.013782677581206  0.000000000000000  0.024586326417299  0.000000000000000  0.000000000000000  0.998614666101029  0.000000000000000  0.001128795611870  0.000000000000000  0.000000000000000  0.327598350964591  0.672217497076313  0.039118639332937  1.000000000000000  0.463936738235641 
63.0    I  0.000000000000000  0.009485897534336  0.000000000000000  0.001984511998035  0.071843428002167  0.000000000000000  0.009847682746742  0.675487042267819  0.000000000000000  0.137356777197110  0.019263317585372  0.011509747545441  0.004799167892366  0.002638621258859  0.014508075817293  0.000000000000000  0.007604135735611  0.027242444985533  0.000000000000000  0.006606033495137  0.985549336939371  0.014508075817293  0.000000000000000  0.146706022285169  0.853226098112067  0.000000000000000  1.000000000000000  0.037943590137345  0.485317234884773  0.474671060475260 
64.0    R  0.029977003728915  0.022844647631251  0.006977858221506  0.009739071830274  0.006688970973019  0.001883980829266  0.028047189083352  0.000000000000000  0.018945512797840  0.086569341756933  0.000000000000000  0.003692977018558  0.316439148492570  0.031995215638389  0.387427965479586  0.037525107108913  0.011343424061749  0.000000000000000  0.000000000000000  0.000000000000000  0.996540262827868  0.000000000000000  0.003781043073804  0.000000000000000  0.000000000000000  0.159873197659679  0.840313752233282  0.038234001285371  1.000000000000000  0.462652214018926 
65.0    K  0.028497911422493  0.005325010184697  0.005129379396188  0.009813612352684  0.019804883156788  0.000000000000000  0.013303964183577  0.006142322594846  0.661127302571287  0.004224510794858  0.000000000000000  0.002671748640435  0.015690117863109  0.042777619159120  0.137833645383614  0.009971318506476  0.010159688644910  0.027412923397901  0.000000000000000  0.000000000000000  1.000000000000000  0.000000000000000  0.000000000000000  0.000000000000000  0.000000000000000  0.000000000000000  1.000000000000000  0.038154578520910  1.000000000000000  0.464258426153364 
66.0    L  0.209206560670848  0.000000000000000  0.001894456856136  0.033400187225344  0.010452559021767  0.017325010056298  0.000000000000000  0.059581159080510  0.014487977288054  0.519789717587639  0.018697640050480  0.006104124063846  0.005132936043552  0.010173782731008  0.024484287092167  0.036347501298370  0.025207554975691  0.006267040362129  0.000000000000000  0.001664148623193  0.996540262827868  0.003419497381618  0.000000000000000  0.500000000000000  0.500000000000000  0.000000000000000  1.000000000000000  0.038101721689884  0.498270131413934  0.464258426153364 
67.0    P  0.032217759962337  0.014437852694482  0.010401965728409  0.006193626067268  0.000000000000000  0.005459558483793  0.003781043073804  0.053105312446166  0.000000000000000  0.029096713119695  0.000000000000000  0.002434767957569  0.689202576487815  0.008425628372613  0.038848427153248  0.069204036530268  0.019290040732712  0.014111351721122  0.000000000000000  0.003841804976665  0.991716730738293  0.008275143239718  0.000000000000000  1.000000000000000  0.000000000000000  0.000000000000000  1.000000000000000  0.038181034427297  0.495858365369147  0.464258426153364 
68.0    F  0.009658400475945  0.000000000000000  0.000000000000000  0.000000000000000  0.926588061890371  0.000000000000000  0.000000000000000  0.003781043073804  0.000000000000000  0.036347501298370  0.005859527301898  0.000000000000000  0.000000000000000  0.000000000000000  0.000000000000000  0.005945442893904  0.003079688179907  0.004736378199460  0.000000000000000  0.003841804976665  1.000000000000000  0.000000000000000  0.000000000000000  0.000000000000000  0.000000000000000  0.443805668634749  0.556325060292417  0.038181034427297  1.000000000000000  0.464258426153364 
69.0    Q  0.137929217505245  0.025506345192216  0.009957504900932  0.023195680791079  0.012040173568100  0.024501264189867  0.018478609378815  0.037786114869793  0.017349044275447  0.002159630182266  0.014720801154763  0.006596881932998  0.022312562182579  0.399425958224574  0.046102858033839  0.119741902277837  0.042071877164899  0.033796086358863  0.006301888743923  0.000000000000000  0.997231251352069  0.002595089480657  0.000000000000000  0.333324669272800  0.666649338545599  0.068726009332159  0.931094819830229  0.037812315288103  0.498961359499525  0.480963727332387 
70.0    R  0.028144561870248  0.019357010902874  0.027622735345740  0.003282475594661  0.000000000000000  0.022235366581791  0.053809324271181  0.000000000000000  0.027853452996780  0.006824788249349  0.005516618767128  0.000000000000000  0.000000000000000  0.024382671255428  0.698823485925533  0.039857637239955  0.018010724168732  0.006721504926652  0.001974906407913  0.015635834179103  0.980779003988551  0.000000000000000  0.019077289260455  0.000000000000000  0.000000000000000  0.000000000000000  1.000000000000000  0.037629293163482  1.000000000000000  0.482633512435878 
71.0    L  0.007541148631811  0.012199788946990  0.002625849597954  0.007651721074898  0.028935813203979  0.010180837104401  0.003186083958356  0.022405550750247  0.000000000000000  0.763129604480280  0.010054603494541  0.000000000000000  0.000000000000000  0.016980232226970  0.000000000000000  0.014792400488074  0.001720447996342  0.092654188112677  0.000000000000000  0.005782864445313  0.985549336939371  0.008379036068890  0.006215128779335  0.609205131837596  0.390663940086159  0.515841589650680  0.484309094613314  0.037551126547714  0.476979775273779  0.462652214018926 
72.0    V  0.062370169937441  0.015187202937209  0.000000000000000  0.000000000000000  0.000000000000000  0.016515906883772  0.000000000000000  0.074068298183849  0.000000000000000  0.024964122389036  0.007129417879246  0.000000000000000  0.017062821027276  0.009971318506476  0.008992886650998  0.025207554975691  0.000000000000000  0.732042847972813  0.006341324851385  0.000000000000000  0.984866442895551  0.010373165299863  0.004736378199460  0.204617295397701  0.795536483754919  0.000000000000000  1.000000000000000  0.037786114869793  0.491751037013124  0.473685035299634 
73.0    R  0.033609199701793  0.038340155539181  0.016311123865964  0.000000000000000  0.000000000000000  0.008379036068890  0.020361674208801  0.000000000000000  0.119410367047805  0.011454037165541  0.000000000000000  0.000000000000000  0.002885425905435  0.068916822691807  0.629814989973700  0.014812921330135  0.001450735274083  0.011359160291565  0.015854102290326  0.007164094087536  0.981459063853479  0.014397877909355  0.004224510794858  0.285784583853509  0.714497069870547  0.360732171715407  0.639492790638714  0.037655384843587  0.491751037013124  0.469761374607006 
74.0    E  0.011025592526630  0.002771725305079  0.028775803037658  0.782411781736511  0.000000000000000  0.011063870611051  0.004508927412175  0.000000000000000  0.043797732783773  0.000000000000000  0.002409584316034  0.006569503244170  0.006862738033112  0.016758072137780  0.024826075003003  0.042926132294676  0.010131559020711  0.003035184643688  0.000000000000000  0.002248221662750  0.967947026893737  0.000000000000000  0.032217759962337  0.000000000000000  0.000000000000000  0.276241121199978  0.723467442935263  0.037629293163482  1.000000000000000  0.475659138165900 
75.0    I  0.002102031493718  0.004930672000438  0.004742948767168  0.000000000000000  0.018866884241977  0.000000000000000  0.000000000000000  0.742776460330414  0.000000000000000  0.062326953209504  0.006452169257310  0.000000000000000  0.000000000000000  0.000000000000000  0.000000000000000  0.024654588776640  0.019410754402882  0.113754853010112  0.000000000000000  0.000000000000000  0.991716730738293  0.004268663043363  0.003892735401671  0.242154547306657  0.757858283255199  0.319303439798847  0.680657058249737  0.040302132832996  0.497924876547229  0.453445164466571 
76.0    A  0.375790369516391  0.062068280964815  0.034626010870779  0.014150530984653  0.000000000000000  0.013257935964155  0.001301147290129  0.036498981081660  0.000000000000000  0.058964890680960  0.044378354954482  0.021418481327808  0.026479138592066  0.010836179446339  0.004982204654994  0.070218743939478  0.138792354203580  0.073658712988230  0.006791754375703  0.005628631831398  0.978063473447339  0.003332914445750  0.018517074545962  1.000000000000000  0.000000000000000  0.041636713284126  0.958599438492977  0.038794609110191  0.498270131413934  0.463936738235641 
77.0    Q  0.032240099353167  0.009618315729257  0.030969673852002  0.097665985021540  0.005516618767128  0.027054267672489  0.039609766313576  0.020404059173264  0.028008334361544  0.073658712988230  0.033031813767543  0.039037378926668  0.014052786127309  0.400812664699697  0.039445376003504  0.033913417871306  0.023147496844068  0.039145763707004  0.002103489016002  0.010598471308185  0.942131273904809  0.005652089397932  0.051976381148432  0.264437740904607  0.735603372927869  0.137642699762245  0.862143545017596  0.039747281460737  0.495858365369147  0.447822835045425 
78.0    D  0.038606832410217  0.000000000000000  0.313817997820661  0.172898828626371  0.020109206989082  0.019956464987428  0.007457976672967  0.015953314464175  0.099304300012013  0.012456132445946  0.010481579881893  0.052012420919470  0.004687388212395  0.053996136712517  0.038848427153248  0.075939799494064  0.041120453907157  0.011841535675862  0.004746237468379  0.005810991259510  0.930449657703015  0.020151066416498  0.049172652834598  0.464580337125457  0.535515411595727  0.242658617442387  0.757333157938488  0.041984482053791  0.480963727332387  0.406407800992160 
79.0    F  0.011179504062679  0.055668306287918  0.000000000000000  0.040779842115280  0.386891248385597  0.004772629303412  0.026755883892077  0.093169399174933  0.009017854824350  0.103020260619155  0.032531924927628  0.033585911651734  0.000000000000000  0.011808749439971  0.005347202394890  0.020574483157176  0.005734963422008  0.042718357873182  0.016198454703433  0.100203166174924  0.802181166352486  0.181746564665039  0.015964376292411  0.470413053756894  0.529609167341938  0.054978067245152  0.944747040997206  0.048562954299003  0.326917837134190  0.399149193178325 
80.0    K  0.036322315859941  0.007080171392714  0.027641888604111  0.053178983094159  0.018645870984871  0.081164912670618  0.017050998078983  0.023617498879941  0.343647173893007  0.031077192771038  0.010365977660915  0.049928244778072  0.003639611051972  0.025488671666844  0.066661611301985  0.109651693591603  0.066477042055824  0.007651721074898  0.004799167892366  0.015799251263302  0.817335328488283  0.177021929776818  0.005605271619557  0.472701058375372  0.527411158534031  0.543367431263029  0.456599125005996  0.047267749915124  0.327598350964591  0.388234437500520 
81.0    T  0.066017851584491  0.002146199643705  0.035847094507068  0.079660039207454  0.001798487689854  0.064659223844932  0.063065727115293  0.020053529649420  0.022608357591727  0.022112408755104  0.003137867174832  0.024912264891892  0.073353011142585  0.027337023903307  0.063504383937106  0.089995707407168  0.279903222163560  0.049240867878084  0.005819052590323  0.004866161779568  0.950659101229818  0.036473690681827  0.013066349998657  0.362738051958545  0.637280313659631  0.313383255110173  0.686818116714811  0.039609766313576  0.444729496768949  0.427204870444866 
82.0    D  0.029036271070341  0.000000000000000  0.389312345530831  0.101742898133804  0.000000000000000  0.044842172956459  0.033100572958871  0.018173750649185  0.032486857349227  0.009264957026648  0.010012874407502  0.119410367047805  0.056680645558321  0.023115429832013  0.014160342785427  0.039445376003504  0.042335155546418  0.034054753506667  0.000000000000000  0.002974782694733  0.927230546435463  0.059581159080510  0.013239569296033  0.373712312158735  0.626332219312064  0.345079338349157  0.654742711541783  0.040610595701733  0.383686524000222  0.435577096071128 
83.0    L  0.000000000000000  0.022297101651842  0.003876579588616  0.005444442338623  0.139951611081780  0.003344485486510  0.059457392270737  0.058883204619051  0.000000000000000  0.446273485736488  0.044780051574159  0.017062821027276  0.015821168864851  0.000000000000000  0.009806812431896  0.009131072254385  0.011767894270577  0.052556025953357  0.002925704950047  0.096521891636473  0.969961910341735  0.027950153180706  0.002155144023519  0.535886731268147  0.464258426153364  0.420156876116641  0.579949827252717  0.039968299414920  0.443805668634749  0.441657525740733 
84.0    R  0.003039395220920  0.029584800976147  0.002752579599887  0.003611965930132  0.016734856612366  0.010194960528820  0.033054717613076  0.003554839156566  0.048765342510856  0.004655010056930  0.003991094073103  0.013433695097547  0.004527718562127  0.069782060123911  0.671751712860648  0.030755750688556  0.000000000000000  0.017985773301996  0.020574483157176  0.011296346051139  0.993092495437036  0.007070362991273  0.000000000000000  0.329191730514811  0.670821112441131  0.226565484566834  0.773246337455317  0.040107059298841  0.491751037013124  0.464258426153364 
85.0    F  0.000000000000000  0.006679704514781  0.000000000000000  0.000000000000000  0.504875648798343  0.000000000000000  0.000000000000000  0.128425179922370  0.000000000000000  0.016176014435022  0.016220926102235  0.000000000000000  0.000000000000000  0.000000000000000  0.002857560977938  0.016435965300061  0.006551313940945  0.038740865623093  0.235859562723840  0.027280237222930  1.000000000000000  0.000000000000000  0.000000000000000  0.000000000000000  0.000000000000000  0.325561047392257  0.674551267169849  0.040386025957422  1.000000000000000  0.472701058375372 
86.0    Q  0.021182255106250  0.002361632179362  0.006651982091789  0.027148193285957  0.000000000000000  0.003513196531827  0.015239929086369  0.000000000000000  0.019263317585372  0.002316239256662  0.000000000000000  0.012430257558671  0.000000000000000  0.580351957191860  0.101250434204006  0.044563303667629  0.156583054828016  0.000000000000000  0.003865846314122  0.003481681624598  0.991716730738293  0.000000000000000  0.008183875992967  0.000000000000000  0.000000000000000  0.000000000000000  1.000000000000000  0.039609766313576  1.000000000000000  0.482299092292069 
87.0    S  0.167937928215162  0.018274807250812  0.010488847677971  0.038393343138927  0.003365414686375  0.031250000000000  0.050345268190547  0.009024107691825  0.047431851655439  0.011638105180646  0.008350046806336  0.008048859012657  0.055475708579344  0.015176679617838  0.035599480538191  0.381300413314071  0.047894373756493  0.040582456335309  0.000000000000000  0.019505164826588  0.996540262827868  0.000000000000000  0.003547454756725  0.000000000000000  0.000000000000000  0.124050546835727  0.875998315067126  0.039445376003504  1.000000000000000  0.472046209575125 
88.0    S  0.141316320890574  0.000000000000000  0.060203868376259  0.115103212150630  0.010416395914775  0.063372467486877  0.023211764385325  0.005738939973743  0.015635834179103  0.013048248741068  0.016390458243359  0.018958649378886  0.038794609110191  0.089312133733818  0.029137077701151  0.275476278969153  0.066846692992828  0.009712106788312  0.000000000000000  0.007370611335120  1.000000000000000  0.000000000000000  0.000000000000000  0.000000000000000  0.000000000000000  0.000000000000000  1.000000000000000  0.041694474052430  1.000000000000000  0.471392267959120 
89.0    A  0.760489376620505  0.021959667190730  0.005916665296394  0.003513196531827  0.000000000000000  0.017003788151106  0.005883947135288  0.005966083976409  0.000000000000000  0.000000000000000  0.003443281866825  0.000000000000000  0.002843729587889  0.000000000000000  0.026886019706607  0.051438771579919  0.026737344552581  0.060037178997092  0.000000000000000  0.007780076196050  0.996540262827868  0.003791540897537  0.000000000000000  0.075572229739585  0.924663278113700  0.406126198178118  0.593779833036705  0.041810236087066  0.485317234884773  0.471392267959120 
90.0    V  0.000000000000000  0.000000000000000  0.012115518849172  0.000000000000000  0.015082297263621  0.000000000000000  0.005843303743603  0.321078952247356  0.000000000000000  0.419574818553271  0.036322315859941  0.006336930902946  0.000000000000000  0.000000000000000  0.000000000000000  0.015134659206666  0.018300159081544  0.143388378028271  0.000000000000000  0.006891338790603  0.982820598545251  0.006891338790603  0.010194960528820  1.000000000000000  0.000000000000000  0.147521792917025  0.852634891767957  0.041463910643661  0.497235084336607  0.483973513446869 
91.0    M  0.052556025953357  0.006939271842519  0.090684512989636  0.134716643130459  0.024399577893981  0.105403888781264  0.013350152201402  0.041406469282663  0.016933218231950  0.176654205485341  0.114466710802266  0.027016788478371  0.010358795002333  0.032374461361251  0.007203930608692  0.044842172956459  0.023486898094774  0.051688960527704  0.023454360898662  0.001994164308022  1.000000000000000  0.000344072449986  0.000000000000000  1.000000000000000  0.000000000000000  0.252262908461170  0.747424624317469  0.042013593567270  0.500000000000000  0.478304079045937 
92.0    A  0.664342907048256  0.029749309640548  0.003974530047276  0.000000000000000  0.000000000000000  0.005875795903862  0.017960857000542  0.021522656974737  0.000000000000000  0.049721030234682  0.023601134149419  0.007609408347994  0.023930593704600  0.000000000000000  0.020832791829550  0.054825846795801  0.022923958502614  0.052958277184132  0.000000000000000  0.000000000000000  1.000000000000000  0.000000000000000  0.000000000000000  0.000000000000000  0.000000000000000  0.000000000000000  1.000000000000000  0.041406469282663  1.000000000000000  0.484309094613314 
93.0    L  0.019290040732712  0.014498023069864  0.000000000000000  0.000000000000000  0.014588749139302  0.000000000000000  0.007609408347994  0.108292107050011  0.000000000000000  0.761544369851631  0.032017400719775  0.000000000000000  0.013687473672924  0.000000000000000  0.007254037908646  0.009335868787944  0.000000000000000  0.011727180449331  0.000000000000000  0.000000000000000  1.000000000000000  0.000000000000000  0.000000000000000  0.000000000000000  0.000000000000000  0.000000000000000  1.000000000000000  0.041406469282663  1.000000000000000  0.484309094613314 
94.0    Q  0.000000000000000  0.012149156810665  0.000000000000000  0.013387218043259  0.000000000000000  0.006896117158521  0.045689295262501  0.000000000000000  0.014278616409834  0.007041019239147  0.000000000000000  0.000000000000000  0.001777419578283  0.827023368443266  0.038446604523473  0.010979833595365  0.019915009801863  0.000000000000000  0.002546974092302  0.000000000000000  1.000000000000000  0.000000000000000  0.000000000000000  0.000000000000000  0.000000000000000  0.000000000000000  1.000000000000000  0.041463910643661  1.000000000000000  0.484309094613314 
95.0    D  0.019572881853502  0.009200959293711  0.014528202228331  0.615145672375572  0.017373111836205  0.018658799798040  0.022173802440631  0.000000000000000  0.045279442329840  0.014884968719437  0.002404578932314  0.000000000000000  0.000000000000000  0.012023493907507  0.026424133980547  0.034578042284134  0.053474689105163  0.081333865965121  0.000000000000000  0.013066349998657  0.996540262827868  0.003721242179859  0.000000000000000  1.000000000000000  0.000000000000000  0.137547326170767  0.862143545017596  0.041463910643661  0.499653546495226  0.484309094613314 
96.0    A  0.645281245225889  0.006829520471956  0.000000000000000  0.010598471308185  0.000000000000000  0.004619652344704  0.006982696580912  0.051296350550656  0.000000000000000  0.022235366581791  0.013157233650131  0.000000000000000  0.020905118043533  0.012421644546078  0.009718841041394  0.072644631719882  0.073914437515259  0.049514675682811  0.000000000000000  0.000000000000000  0.996540262827868  0.000000000000000  0.003634568975402  0.000000000000000  0.000000000000000  0.000000000000000  1.000000000000000  0.041492661199451  1.000000000000000  0.487002134271620 
97.0    S  0.371903440608626  0.021006796783635  0.000000000000000  0.000000000000000  0.016886334406865  0.004250947037777  0.012250632094933  0.004063672916102  0.005839254877480  0.011638105180646  0.000000000000000  0.006129563264818  0.011249463425896  0.006987538295177  0.013527133836245  0.312732270028317  0.125000000000000  0.076733480244691  0.000000000000000  0.000000000000000  1.000000000000000  0.000000000000000  0.000000000000000  0.000000000000000  0.000000000000000  0.000000000000000  1.000000000000000  0.041550222130679  1.000000000000000  0.482299092292069 
98.0    E  0.012098734810207  0.000000000000000  0.000000000000000  0.879649075922436  0.000000000000000  0.003030979899511  0.000000000000000  0.000000000000000  0.020193012978711  0.000000000000000  0.002681024279795  0.013878543685038  0.008795613954193  0.008223680896167  0.045499673406221  0.005656008485858  0.000000000000000  0.000000000000000  0.000000000000000  0.000000000000000  0.991716730738293  0.000000000000000  0.008263679403269  0.000000000000000  0.000000000000000  0.072644631719882  0.927230546435463  0.041926319527571  1.000000000000000  0.482299092292069 
99.0    A  0.491751037013124  0.018211581220852  0.083968964107581  0.020053529649420  0.036271997324491  0.008413956064008  0.011025592526630  0.014150530984653  0.012267626854275  0.032871930600121  0.053996136712517  0.007855942034363  0.043015487549709  0.009143739386520  0.000000000000000  0.075362989230673  0.030101934188130  0.032017400719775  0.000000000000000  0.019613624863791  0.976031760776225  0.015356571852270  0.008832270055661  1.000000000000000  0.000000000000000  0.144485838319350  0.855595025682602  0.042688758023575  0.490389501994276  0.477641468191219 
100.0    Y  0.000000000000000  0.015113692650218  0.001094888748075  0.012638771068152  0.184795303909230  0.000000000000000  0.040358042196948  0.046681670534761  0.000000000000000  0.022844647631251  0.039527485698561  0.012797448404060  0.025665959398502  0.005679580145782  0.012318752719629  0.000000000000000  0.064257114166004  0.020789516266886  0.004149059322248  0.491410299272626  1.000000000000000  0.000000000000000  0.000000000000000  0.000000000000000  0.000000000000000  0.474671060475260  0.525586454543853  0.042777619159120  1.000000000000000  0.470739232270603 
101.0    L  0.007839623035230  0.000000000000000  0.000000000000000  0.000000000000000  0.001893144173701  0.000000000000000  0.000000000000000  0.077804639711386  0.005723050291451  0.724973416439426  0.051760666333409  0.000000000000000  0.010881339692727  0.000000000000000  0.016164805961233  0.006394290481178  0.017122058850745  0.044378354954482  0.035158077646525  0.000000000000000  0.992404374685819  0.000000000000000  0.007641120886307  0.000000000000000  0.000000000000000  0.000000000000000  1.000000000000000  0.042071877164899  1.000000000000000  0.485653747770817 
102.0    V  0.034818551588104  0.029749309640548  0.000000000000000  0.000000000000000  0.009964409309989  0.007715631730042  0.003501041795193  0.078291527414008  0.000000000000000  0.019209982300853  0.003496191683312  0.003479269142995  0.003642134712644  0.003820560443154  0.012065236454559  0.020361674208801  0.138792354203580  0.618137630460476  0.008638520729065  0.004221583601716  0.986916545885842  0.008974205898414  0.003781043073804  1.000000000000000  0.000000000000000  0.397217200048052  0.602903913845380  0.042629619839980  0.495514781632040  0.475659138165900 
103.0    G  0.034674046002120  0.022686848123498  0.043525358770907  0.049583365199446  0.000000000000000  0.257742079698697  0.078726873746712  0.022577037467555  0.036146505747040  0.013574096642978  0.003264324058288  0.030905341136904  0.000000000000000  0.110337874536332  0.054334035005626  0.128158404736074  0.085318357367823  0.014062530153024  0.014298424501999  0.000000000000000  0.994470168673214  0.000000000000000  0.005839254877480  0.500000000000000  0.500000000000000  0.336341802130457  0.663422570298581  0.042247213532129  0.496202187342909  0.483638164806966 
104.0    L  0.000000000000000  0.008668511500530  0.000000000000000  0.025790794016021  0.048866852695537  0.000000000000000  0.011117683290895  0.036271997324491  0.000000000000000  0.676424115525137  0.055283777208221  0.000000000000000  0.002195857273005  0.007817917089551  0.052012420919470  0.006189334460351  0.010152648925433  0.043888902366812  0.008999122205854  0.006470083291676  0.983502074026248  0.000000000000000  0.016504462896123  0.000000000000000  0.000000000000000  0.260616440210280  0.739181215636921  0.042247213532129  1.000000000000000  0.485317234884773 
105.0    F  0.000000000000000  0.000000000000000  0.000000000000000  0.000000000000000  0.714497069870547  0.000000000000000  0.000000000000000  0.000000000000000  0.013859317268002  0.154963462492373  0.063504383937106  0.000000000000000  0.012040173568100  0.000000000000000  0.012191335627714  0.018632951130166  0.000000000000000  0.000000000000000  0.000000000000000  0.010237448467643  0.995159721820083  0.004869535915137  0.000000000000000  0.500000000000000  0.500000000000000  0.145087989297965  0.855002177891973  0.043344717785356  0.496202187342909  0.477641468191219 
106.0    E  0.039554893561571  0.010701820155981  0.008484233252518  0.636397467637971  0.000000000000000  0.046198825977308  0.001366783071870  0.000000000000000  0.106801217611217  0.002684743546039  0.002487651318997  0.002987180230240  0.001500854669227  0.049138580758771  0.017886315009354  0.047794883683837  0.018274807250812  0.003906250000000  0.003903543331994  0.000000000000000  0.997231251352069  0.001425812510405  0.001203957349086  0.250000000000000  0.750019494642909  0.781869643128594  0.218241897783441  0.043465061615937  0.500000000000000  0.481297221550876 
107.0    D  0.021898866391887  0.038526635170744  0.581963267201068  0.026848773592100  0.000000000000000  0.014936645587402  0.039281667953807  0.018762553554456  0.036982844429768  0.043495199744722  0.019695365493484  0.025330159996416  0.000000000000000  0.010438078737423  0.018414678247058  0.012473412286823  0.013129902378645  0.012913286221160  0.000000000000000  0.065108964313014  0.995159721820083  0.000000000000000  0.004992575637512  0.000000000000000  0.000000000000000  0.000000000000000  1.000000000000000  0.043919334381460  1.000000000000000  0.494485458190466 
108.0    T  0.300409012381713  0.033866436463899  0.032396909406866  0.000000000000000  0.003300728064111  0.026060345119530  0.000000000000000  0.012735505193791  0.027699428099840  0.011662331119507  0.002094759017223  0.019263317585372  0.008765183441644  0.011833330592789  0.003520509619574  0.168871760566955  0.326464946772229  0.010866265403984  0.000000000000000  0.000000000000000  1.000000000000000  0.000000000000000  0.000000000000000  0.000000000000000  0.000000000000000  0.000000000000000  1.000000000000000  0.044102370106522  1.000000000000000  0.490049707670935 
109.0    N  0.013175486097658  0.000000000000000  0.006488047063210  0.001942324548190  0.003713512114179  0.028835702895431  0.008280881120291  0.027718634536005  0.006740166754239  0.033866436463899  0.032240099353167  0.461371246326899  0.029076551803219  0.056916864599499  0.006867496569623  0.057591511637419  0.026387527731993  0.074635199192162  0.000000000000000  0.124222636665319  0.989656656415207  0.001999700977399  0.008662505028149  0.142892291926755  0.857376036634172  0.000000000000000  1.000000000000000  0.044102370106522  0.499307333050514  0.490049707670935 
110.0    L  0.037707622491274  0.008869078923016  0.000000000000000  0.015271652600169  0.003203800434362  0.000000000000000  0.010888884677246  0.042511589137686  0.066523136403335  0.614719433627290  0.046166814486955  0.007769298192759  0.025453361345944  0.011265069308283  0.034866853822655  0.017689045345479  0.032150834621674  0.010672189505894  0.002640450845758  0.011485838565539  0.949342120950519  0.045185384204555  0.005433132701992  0.147624082678691  0.852634891767957  0.483638164806966  0.516557193842066  0.044316876114983  0.460412848602520  0.483973513446869 
111.0    C  0.062586703481958  0.523768063549899  0.003120515298629  0.000000000000000  0.014649548382142  0.027853452996780  0.000000000000000  0.036246864203295  0.000000000000000  0.149063609041329  0.022718320583130  0.003107564389668  0.000000000000000  0.000000000000000  0.022281651833815  0.017385158134138  0.051976381148432  0.047994070928191  0.000000000000000  0.017027376753333  0.993781093322555  0.000000000000000  0.005966083976409  0.000000000000000  0.000000000000000  0.370359949505080  0.629814989973700  0.044378354954482  1.000000000000000  0.486327473706143 
112.0    A  0.569591688611057  0.029728696135369  0.000000000000000  0.000000000000000  0.003731573970244  0.001590835084122  0.011957006014240  0.040526236082844  0.009558500321343  0.000000000000000  0.061001985048514  0.000000000000000  0.012976094126420  0.000000000000000  0.000000000000000  0.105403888781264  0.127096834161495  0.026848773592100  0.000000000000000  0.000000000000000  0.966606097064973  0.033609199701793  0.000000000000000  0.270181350509838  0.730016005327261  0.101250434204006  0.898755126611030  0.043919334381460  0.470413053756894  0.488015880388112 
113.0    I  0.048260945818237  0.002954234369695  0.010896434893363  0.002925704950047  0.009957504900932  0.000000000000000  0.015733680469636  0.407253781535108  0.030819772015417  0.170636714735646  0.023650262390150  0.024013674707625  0.023781771575615  0.026904662135591  0.032917532373589  0.024180703024100  0.070267432736164  0.039912929974856  0.000000000000000  0.035060733766578  1.000000000000000  0.000000000000000  0.000000000000000  0.000000000000000  0.000000000000000  0.000000000000000  1.000000000000000  0.044997853703584  1.000000000000000  0.489370825198718 
114.0    H  0.013621222492767  0.000000000000000  0.001911604785932  0.008626553493462  0.016176014435022  0.011792390379067  0.786217292140332  0.000000000000000  0.003930694623038  0.007396200244037  0.006963363249195  0.008999122205854  0.008537326086726  0.012430257558671  0.035329080222643  0.022608357591727  0.009881871424640  0.007483868892365  0.000000000000000  0.038075320739850  1.000000000000000  0.000000000000000  0.000000000000000  0.000000000000000  0.000000000000000  0.000000000000000  1.000000000000000  0.044966674375338  1.000000000000000  0.489370825198718 
115.0    A  0.598324481615357  0.039582320428851  0.007483868892365  0.011792390379067  0.000000000000000  0.077160162930846  0.040864729641774  0.003120515298629  0.000000000000000  0.008195229121679  0.003925249298530  0.003047833906929  0.017627845897758  0.015722778492153  0.071198961076382  0.045279442329840  0.032758202359904  0.009971318506476  0.000000000000000  0.013792234317041  1.000000000000000  0.000000000000000  0.000000000000000  0.000000000000000  0.000000000000000  0.000000000000000  1.000000000000000  0.044966674375338  1.000000000000000  0.489370825198718 
116.0    K  0.016086563803656  0.000000000000000  0.024197469620413  0.003537632746163  0.000000000000000  0.086449414313185  0.024946824573645  0.004074955443476  0.561360711036804  0.000000000000000  0.000000000000000  0.058112808913323  0.010209103546040  0.026132699997314  0.096655792181915  0.078726873746712  0.009598335784732  0.000000000000000  0.000000000000000  0.000000000000000  0.994470168673214  0.000000000000000  0.005855467194358  0.000000000000000  0.000000000000000  0.000000000000000  1.000000000000000  0.046007089442756  1.000000000000000  0.489370825198718 
117.0    R  0.021868529149925  0.061426287409078  0.000000000000000  0.017337023001060  0.000000000000000  0.006336930902946  0.037214276542655  0.020179021098474  0.009036626436760  0.005827125104264  0.000000000000000  0.000000000000000  0.006185045827119  0.005433132701992  0.780245480173703  0.019478143660548  0.000000000000000  0.000000000000000  0.000000000000000  0.009433442120988  0.982139595263391  0.017861536490844  0.000000000000000  0.459138081150462  0.540737381741809  0.256672386430000  0.743291492215508  0.045752677998301  0.483303048532487  0.484980955170867 
118.0    V  0.046230859664026  0.004416135027830  0.014578640492763  0.038499939795180  0.000000000000000  0.000000000000000  0.013212066990274  0.083620472174132  0.027450952132449  0.028438713252528  0.006104124063846  0.000000000000000  0.000000000000000  0.007483868892365  0.000000000000000  0.017133931071686  0.015356571852270  0.697371833175203  0.000000000000000  0.000000000000000  0.997922718999051  0.000000000000000  0.002086065250093  0.000000000000000  0.000000000000000  0.339621571137236  0.660211420507500  0.045029054651185  1.000000000000000  0.489370825198718 
119.0    T  0.000000000000000  0.000000000000000  0.010387555532670  0.005888026990462  0.000000000000000  0.000000000000000  0.018581361171918  0.037891025595679  0.016131227116926  0.012577595900330  0.018161157929971  0.015711884068726  0.021612353578296  0.000000000000000  0.034172983046395  0.003159692767038  0.803293996757034  0.002211130668185  0.000000000000000  0.000000000000000  0.990342871933025  0.009466192659611  0.000000000000000  1.000000000000000  0.000000000000000  0.183010711993203  0.816768991110023  0.045816148662163  0.497235084336607  0.492092011016900 
120.0    I  0.000000000000000  0.000000000000000  0.000000000000000  0.000000000000000  0.005551140793677  0.000000000000000  0.018568486016515  0.425431864753270  0.010387555532670  0.378929141627600  0.005258984645612  0.008961773626767  0.000000000000000  0.000000000000000  0.000000000000000  0.018866884241977  0.005908468739390  0.122342706299679  0.000000000000000  0.000000000000000  1.000000000000000  0.000000000000000  0.000000000000000  0.000000000000000  0.000000000000000  0.000000000000000  1.000000000000000  0.045943354262158  1.000000000000000  0.494142825750366 
121.0    M  0.016804599850897  0.022421086478230  0.012824087637664  0.050730598811080  0.052048485680034  0.000000000000000  0.007855942034363  0.023798261557863  0.043404847992660  0.020992241026895  0.434973676354325  0.042836962655616  0.000000000000000  0.073454770526236  0.023880883136956  0.011094588738621  0.138600080450384  0.005097480264410  0.000000000000000  0.019103754338939  1.000000000000000  0.000000000000000  0.000000000000000  0.000000000000000  0.000000000000000  0.753667454779191  0.246046005508450  0.045943354262158  1.000000000000000  0.494142825750366 
122.0    P  0.076839929203411  0.000000000000000  0.020545980628204  0.017265070074999  0.000000000000000  0.012859692894980  0.001215697495490  0.018236845340914  0.051296350550656  0.044966674375338  0.000000000000000  0.002434767957569  0.404160434402784  0.076362068854594  0.037136972033029  0.050590138534213  0.039609766313576  0.146604368653985  0.000000000000000  0.000000000000000  0.993092495437036  0.006963363249195  0.000000000000000  0.070121467533155  0.929804942613162  1.000000000000000  0.000000000000000  0.046038990181765  0.494828328207603  0.500000000000000 
123.0    K  0.006129563264818  0.000000000000000  0.027988927190339  0.027167017502813  0.000000000000000  0.024535253708549  0.001588631246352  0.000000000000000  0.556325060292417  0.000000000000000  0.000000000000000  0.024912264891892  0.011367036590897  0.016909760070714  0.235369616135302  0.019103754338939  0.035427169149326  0.013048248741068  0.000000000000000  0.000000000000000  1.000000000000000  0.000000000000000  0.000000000000000  0.000000000000000  0.000000000000000  0.000000000000000  0.000000000000000  0.045879707376066  1.000000000000000  1.000000000000000 
124.0    D  0.000000000000000  0.000000000000000  0.865736565519658  0.008686555918102  0.000000000000000  0.000000000000000  0.025190088484155  0.000000000000000  0.008875228631146  0.000000000000000  0.000000000000000  0.032622247731929  0.000000000000000  0.000000000000000  0.005451995172352  0.019627224705368  0.033655824256033  0.000000000000000  0.000000000000000  0.000000000000000  0.985549336939371  0.000000000000000  0.014680042956469  0.000000000000000  0.000000000000000  0.000000000000000  0.000000000000000  0.045879707376066  1.000000000000000  1.000000000000000 
125.0    I  0.004839252725718  0.000000000000000  0.000000000000000  0.000000000000000  0.053772039413215  0.000000000000000  0.000000000000000  0.404440674180870  0.012850782323632  0.082070070339009  0.280680355518402  0.000000000000000  0.000000000000000  0.000000000000000  0.000000000000000  0.025952188252840  0.055360469943898  0.076999879590360  0.002948097594767  0.000000000000000  0.994470168673214  0.005570412958454  0.000000000000000  0.123964591342287  0.875998315067126  0.753145233316906  0.246729136471460  0.046714039019842  0.479299719246488  0.491751037013124 
126.0    Q  0.083042863381032  0.006924857024960  0.015324671937321  0.061767853218796  0.005961950035002  0.000000000000000  0.031077192771038  0.015292838287460  0.125520942904872  0.031598502526603  0.005193777766335  0.020025748815003  0.008419790195654  0.496202187342909  0.049104532291724  0.023666661185578  0.000000000000000  0.010054603494541  0.003402946063056  0.007525483547032  1.000000000000000  0.000000000000000  0.000000000000000  0.500000000000000  0.500000000000000  1.000000000000000  0.000000000000000  0.045689295262501  0.500000000000000  0.500000000000000 
127.0    L  0.044811101500495  0.000000000000000  0.008384845987449  0.006104124063846  0.033100572958871  0.000000000000000  0.000000000000000  0.013405789537948  0.000000000000000  0.837987134667949  0.005147187311461  0.000000000000000  0.000000000000000  0.000000000000000  0.000000000000000  0.015997607819194  0.014043048853297  0.008807815719886  0.012174446557195  0.000000000000000  0.996540262827868  0.003788913712272  0.000000000000000  0.446582926176380  0.553248676546136  0.000000000000000  0.000000000000000  0.046359216682535  0.497579860910041  1.000000000000000 
128.0    A  0.544876056106664  0.006740166754239  0.006104124063846  0.005632534654142  0.000000000000000  0.000000000000000  0.009578397344165  0.053586002289636  0.000000000000000  0.030081076346930  0.079054971397121  0.000000000000000  0.005570412958454  0.000000000000000  0.000000000000000  0.008212288352248  0.029238234307231  0.186468003336433  0.016075417310837  0.018788582014034  0.997922718999051  0.001922234418035  0.000000000000000  0.199990032083188  0.799960128332753  0.000000000000000  1.000000000000000  0.046166814486955  0.500000000000000  0.500000000000000 
129.0    R  0.091378590525002  0.014751444049223  0.007954571873161  0.003710938995605  0.021990130864459  0.009840859218339  0.023019495090883  0.018684684324627  0.047267749915124  0.118914784541475  0.069588851139293  0.003577084712571  0.010517969291225  0.043828101582575  0.438606774366411  0.027469986278493  0.025312608551001  0.014629253866164  0.000000000000000  0.008912216530222  0.997922718999051  0.001995547036551  0.000000000000000  1.000000000000000  0.000000000000000  0.000000000000000  1.000000000000000  0.046681670534761  0.500000000000000  0.500000000000000 
130.0    R  0.009124745270415  0.022436632978491  0.004975302637994  0.011312016971715  0.042423280621250  0.045279442329840  0.042452696392155  0.007807086663988  0.059870951138919  0.026479138592066  0.013574096642978  0.063680699788545  0.001926235750964  0.012344395497865  0.557869661162482  0.010481579881893  0.019316800951890  0.002019200656734  0.000000000000000  0.046649324478030  0.992404374685819  0.000000000000000  0.007845058931554  0.000000000000000  0.000000000000000  1.000000000000000  0.000000000000000  0.048327896090957  1.000000000000000  0.500000000000000 
131.0    I  0.007006938747359  0.009472756398920  0.000000000000000  0.000000000000000  0.028537445312875  0.000000000000000  0.000000000000000  0.587230985606827  0.013830527571555  0.285982743300952  0.027814866664141  0.000000000000000  0.000000000000000  0.000000000000000  0.000000000000000  0.004713452811409  0.004710186826917  0.014318260073052  0.000000000000000  0.016435965300061  1.000000000000000  0.000000000000000  0.000000000000000  0.000000000000000  0.000000000000000  0.773782496771195  0.225938181687771  0.050380176968310  1.000000000000000  0.495858365369147 
132.0    R  0.031818287492644  0.019722688001752  0.011343424061749  0.000000000000000  0.008638520729065  0.091568804663209  0.039609766313576  0.000000000000000  0.056016668723088  0.034842694335241  0.006896117158521  0.011533706294397  0.000000000000000  0.011630041055989  0.633317126861609  0.025594896808120  0.000000000000000  0.012208248127692  0.005143620789294  0.000000000000000  0.990342871933025  0.002966546269169  0.006560402288626  0.323312232971872  0.676893139526230  0.000000000000000  1.000000000000000  0.061896429495814  0.498961359499525  0.500000000000000 
133.0    G  0.021492840908433  0.000000000000000  0.026024242840017  0.025277542136304  0.000000000000000  0.744838731561351  0.007432174033842  0.000000000000000  0.029852591761951  0.009446528717448  0.000000000000000  0.023019495090883  0.000000000000000  0.024637505439259  0.056759276107594  0.016723260912916  0.003488929110753  0.000000000000000  0.000000000000000  0.011257263662796  0.985549336939371  0.007213924302573  0.007427024228358  0.419574818553271  0.580351957191860  0.775393206347005  0.224377512666815  0.077428043611494  0.496890546661277  0.495858365369147 
134.0    E  0.042305821220389  0.006601456128223  0.087534770055450  0.375529981735232  0.007447644885064  0.008149910886952  0.009143739386520  0.103449602009776  0.033077637339848  0.036880448229256  0.008127345832203  0.032150834621674  0.017948411796829  0.038101721689884  0.127980862553555  0.001779885313744  0.010679589468295  0.038393343138927  0.002088959156026  0.012735505193791  0.993781093322555  0.006452169257310  0.000000000000000  0.607518395952508  0.392292048948375  0.572758948989878  0.427501088945986  0.081559684230560  0.495514781632040  0.494485458190466 
135.0    R  0.000000000000000  0.000000000000000  0.048731552663208  0.034410674940561  0.010873799936180  0.051976381148432  0.092911436526938  0.017591227908387  0.054334035005626  0.046487930076078  0.023051429016919  0.035182455816774  0.022530138616566  0.059292769696278  0.378404198242395  0.035476315692065  0.008899870134548  0.030691862351981  0.039857637239955  0.009374776424791  0.992404374685819  0.007572576694805  0.000000000000000  0.574349177498517  0.425726853874473  1.000000000000000  0.000000000000000  0.096789878481653  0.496546247718518  0.499307333050514 
136.0    A  0.392564059336786  0.000000000000000  0.045879707376066  0.035624164771671  0.050590138534213  0.086569341756933  0.027969533466499  0.060706718471352  0.000000000000000  0.030862526920168  0.018958649378886  0.023340835267380  0.035231262879544  0.027872766231878  0.012335841979696  0.039719740290802  0.057233355401133  0.031034140482407  0.000000000000000  0.023568438698228  1.000000000000000  0.000000000000000  0.000000000000000  1.000000000000000  0.000000000000000  0.000000000000000  0.000000000000000  0.100272645794061  1.000000000000000  1.000000000000000 
