No:  residues  hmm_col_1  hmm_col_2  hmm_col_3  hmm_col_4  hmm_col_5  hmm_col_6  hmm_col_7  hmm_col_8  hmm_col_9  hmm_col_10  hmm_col_11  hmm_col_12  hmm_col_13  hmm_col_14  hmm_col_15  hmm_col_16  hmm_col_17  hmm_col_18  hmm_col_19  hmm_col_20  hmm_col_21   hmm_col_22   hmm_col_23   hmm_col_24   hmm_col_25   hmm_col_26   hmm_col_27   hmm_col_28   hmm_col_29   hmm_col_30   
1.0    M  0.000000000000000  0.000000000000000  0.000000000000000  0.005433132701992  0.026096497482137  0.000000000000000  0.000000000000000  0.019572881853502  0.000000000000000  0.012806321994336  0.899378312147752  0.000000000000000  0.000000000000000  0.000000000000000  0.000000000000000  0.010881339692727  0.016390458243359  0.009538644630228  0.000000000000000  0.000000000000000  1.000000000000000  0.000000000000000  0.000000000000000  0.000000000000000  0.000000000000000  0.000000000000000  0.000000000000000  0.060203868376259  1.000000000000000  1.000000000000000 
2.0    A  0.726482524785685  0.000000000000000  0.000000000000000  0.003781043073804  0.000000000000000  0.014538275901610  0.000000000000000  0.000000000000000  0.011226095129250  0.005215423059750  0.002113720008839  0.000000000000000  0.034554082916258  0.000000000000000  0.000000000000000  0.086869888740146  0.065926394816754  0.049480366616954  0.000000000000000  0.000000000000000  0.976031760776225  0.018376425785796  0.005539609514373  0.367037659008526  0.632878296985140  0.000000000000000  0.000000000000000  0.060412881066561  0.491751037013124  1.000000000000000 
3.0    R  0.000000000000000  0.017433426911328  0.009049162548396  0.015942260300757  0.002132852628409  0.030122806491895  0.033423346496414  0.000000000000000  0.022281651833815  0.018427446754082  0.007801677078914  0.002520629864164  0.017385158134138  0.000000000000000  0.773246337455317  0.034626010870779  0.000000000000000  0.000000000000000  0.005072807041914  0.010467059393968  0.971980987981352  0.006647372886770  0.021463066147338  0.390393246303696  0.609627547038152  0.000000000000000  1.000000000000000  0.059581159080510  0.496546247718518  0.499653546495226 
4.0    T  0.001779885313744  0.015271652600169  0.007556846325109  0.031598502526603  0.000000000000000  0.025016087833009  0.000000000000000  0.053289680735497  0.011171757705951  0.023243965038039  0.042926132294676  0.004468480364077  0.027185854772145  0.000000000000000  0.014843755982420  0.048327896090957  0.693515484565693  0.000000000000000  0.000000000000000  0.000000000000000  1.000000000000000  0.000000000000000  0.000000000000000  0.000000000000000  0.000000000000000  0.000000000000000  1.000000000000000  0.057392260143808  1.000000000000000  0.490729531926740 
5.0    K  0.036778335538086  0.000000000000000  0.012542771698687  0.013489680602725  0.000000000000000  0.000000000000000  0.000000000000000  0.002589698750583  0.749499800877774  0.006078790441839  0.004316267518750  0.014268722656437  0.004256844188333  0.024774504269071  0.049172652834598  0.010664794670978  0.038633601903780  0.022051185053261  0.000000000000000  0.010798689113505  0.929804942613162  0.019915009801863  0.050101583087462  0.351354675051680  0.648869383469592  0.536258308408971  0.463615273217731  0.055092509869198  0.493800430722686  0.490729531926740 
6.0    Q  0.024637505439259  0.004177918312052  0.000000000000000  0.055591187096119  0.000000000000000  0.005762857254230  0.087595465567547  0.017086491523197  0.031818287492644  0.023324662239015  0.068535724286743  0.013048248741068  0.066477042055824  0.516199267741621  0.034650020112596  0.021448194238358  0.016108879981169  0.011501772360689  0.002002475074001  0.000000000000000  0.971307495541633  0.023051429016919  0.005831165559754  0.427204870444866  0.572758948989878  0.658839975867070  0.341273429471292  0.052337905469277  0.489370825198718  0.470413053756894 
7.0    T  0.063065727115293  0.000000000000000  0.009854511006494  0.025365299405540  0.016862941195382  0.016746460352130  0.000000000000000  0.021974893748642  0.011973593439123  0.019478143660548  0.017689045345479  0.015335297872711  0.025772923394065  0.022498926851792  0.050695447223565  0.051688960527704  0.600401713742604  0.025862400502444  0.004849326138774  0.000000000000000  0.922103117912631  0.030649343874642  0.047464740306704  0.251738887514180  0.748461493396346  0.798298386356650  0.201520707873242  0.050240686921447  0.482968164462423  0.488692883205403 
8.0    A  0.614719433627290  0.000000000000000  0.010430846119499  0.034530140149997  0.000000000000000  0.005632534654142  0.000000000000000  0.006394290481178  0.039500096826650  0.000000000000000  0.007169061580558  0.007872295003207  0.032712821311705  0.015218816695988  0.012438876543418  0.077912574642194  0.077481731246187  0.044718016250716  0.000000000000000  0.013276328111541  0.976708528962227  0.010373165299863  0.012717862266726  0.333324669272800  0.666649338545599  0.876605721316035  0.123108305361944  0.047728671811272  0.498961359499525  0.465547409915115 
9.0    R  0.030248344590429  0.032084048303750  0.011117683290895  0.023650262390150  0.000000000000000  0.023519480428298  0.039582320428851  0.011109979770213  0.076415017355754  0.008350046806336  0.006363340336486  0.032780916486717  0.023470623858452  0.029197729590099  0.515126976810037  0.051438771579919  0.023308500417054  0.045562793088018  0.011430243911753  0.005354620331952  0.947370070599268  0.030691862351981  0.022066475068512  1.000000000000000  0.000000000000000  0.000000000000000  1.000000000000000  0.047038960856596  0.485317234884773  0.492774668469685 
10.0    K  0.032917532373589  0.000000000000000  0.000000000000000  0.003330605045969  0.008144263756571  0.018853811245637  0.009112104451472  0.011343424061749  0.573553512113083  0.000000000000000  0.028261855548784  0.013744516811288  0.011915637916065  0.014199658069508  0.147215348699373  0.034891030061955  0.065789447169340  0.026793001144818  0.000000000000000  0.000000000000000  0.973329374158238  0.026681803574726  0.000000000000000  0.346277367027731  0.653835674268380  0.351842093831349  0.648419777325505  0.046843737554861  0.488015880388112  0.468136123717246 
11.0    S  0.093169399174933  0.008578850107711  0.000000000000000  0.028242272710971  0.013452331067795  0.044102370106522  0.000000000000000  0.023292349793733  0.022702578899553  0.000000000000000  0.000000000000000  0.005277242517717  0.070511383591032  0.009645020366356  0.065880713955671  0.496546247718518  0.084905392784309  0.028795755818709  0.000000000000000  0.004903406215948  0.990342871933025  0.000000000000000  0.009916178797030  0.000000000000000  0.000000000000000  0.000000000000000  1.000000000000000  0.049275010878517  1.000000000000000  0.480297431976738 
12.0    T  0.063592480756418  0.003765350811487  0.000000000000000  0.016379101179952  0.004622855553721  0.023699492896476  0.013527133836245  0.027185854772145  0.076999879590360  0.006032618227280  0.010569126805080  0.018224208902945  0.009591685030586  0.024964122389036  0.104966436618018  0.041206050452886  0.513700719689482  0.033866436463899  0.000000000000000  0.007264101114165  0.997231251352069  0.002496287818756  0.000000000000000  1.000000000000000  0.000000000000000  0.177513419817928  0.822450068712464  0.049721030234682  0.500000000000000  0.472373520498603 
13.0    G  0.051760666333409  0.012065236454559  0.012040173568100  0.020361674208801  0.000000000000000  0.534402995605504  0.001551629687688  0.016792955825867  0.053511767784154  0.003024683702552  0.000000000000000  0.010075533208249  0.046007089442756  0.034220389712299  0.024046987815013  0.089933348750676  0.066800374450688  0.012525395771866  0.000000000000000  0.010919116967586  0.960594863953477  0.014477938467037  0.024998754010399  0.451250363731215  0.548665968789621  0.000000000000000  1.000000000000000  0.052811649025782  0.489031736723670  0.477641468191219 
14.0    G  0.039064446955788  0.008195229121679  0.000000000000000  0.022436632978491  0.001918241396999  0.525586454543853  0.006112592044816  0.011280696840020  0.044749023162536  0.005827125104264  0.000000000000000  0.029137077701151  0.052811649025782  0.008974205898414  0.043858491438721  0.084729020425000  0.056562903930182  0.025242524300300  0.026259804757290  0.007109678313132  0.979420297586927  0.012107123921237  0.008195229121679  0.399702915176236  0.600401713742604  0.320634150690562  0.679243142274472  0.052265399994629  0.495858365369147  0.460732093099352 
15.0    K  0.061426287409078  0.000000000000000  0.013773127467300  0.059870951138919  0.000000000000000  0.010265872087104  0.020617311105826  0.007109678313132  0.565657231422950  0.011948720920959  0.000000000000000  0.025612643988672  0.033936933010072  0.055437269072009  0.055130710324824  0.030713143704539  0.029360085912938  0.019236631458514  0.000000000000000  0.000000000000000  0.972654947412286  0.024247839196089  0.003405305623192  0.141610485661975  0.858565436437754  0.328735690051268  0.671286251390132  0.050555084272609  0.486327473706143  0.467487598875728 
16.0    A  0.501735874254751  0.006610614035940  0.007427024228358  0.006275734349664  0.000000000000000  0.038260512262506  0.012717862266726  0.006857982793824  0.033008925792246  0.021522656974737  0.010430846119499  0.013405789537948  0.068583246098703  0.041636713284126  0.040893064732969  0.065926394816754  0.068773663085384  0.055784185717061  0.000000000000000  0.000000000000000  1.000000000000000  0.000000000000000  0.000000000000000  0.062500000000000  0.937571096457110  0.219303387183206  0.780786492607391  0.049309177553279  0.500000000000000  0.476979775273779 
17.0    P  0.055475708579344  0.000000000000000  0.006474569566312  0.016277241078253  0.006896117158521  0.015799251263302  0.010117523428550  0.010919116967586  0.046649324478030  0.009739071830274  0.004975302637994  0.025898278265250  0.583579050909234  0.048799155787962  0.020545980628204  0.098345305669196  0.026042287723726  0.010881339692727  0.000000000000000  0.002743056397926  0.975355461527642  0.012048522073500  0.012726680672972  0.118914784541475  0.880869374126979  0.000000000000000  1.000000000000000  0.049686578184311  0.485653747770817  0.482633512435878 
18.0    R  0.016198454703433  0.012015162744299  0.004917020209003  0.017253106986923  0.002602294580258  0.029016151634585  0.013965393161825  0.013849714049920  0.110414381435183  0.015679246070461  0.005679580145782  0.010806176789148  0.032735503971869  0.027969533466499  0.595428424682484  0.037214276542655  0.036727385263118  0.012166010797838  0.000000000000000  0.005493723437161  0.979420297586927  0.009793226722193  0.011048543456040  0.295862755438143  0.704172113456040  0.210807777562528  0.788946840852465  0.048160694272400  0.488354264481114  0.474342157570227 
19.0    K  0.013405789537948  0.000000000000000  0.000000000000000  0.027795593548059  0.003574606125500  0.032712821311705  0.011226095129250  0.027204705103004  0.579146403097322  0.007463147940488  0.006569503244170  0.016992006107108  0.022702578899553  0.016424576704495  0.124394965227510  0.052556025953357  0.016874633747389  0.025970183174801  0.008402299925448  0.006465600125611  0.917639882311365  0.076468002570742  0.006061959799022  0.199160024071396  0.800514810656303  0.000000000000000  1.000000000000000  0.047894373756493  0.446273485736488  0.472046209575125 
20.0    Q  0.041926319527571  0.000000000000000  0.000000000000000  0.019064070473003  0.006963363249195  0.009624984948795  0.018736561152986  0.018529914053296  0.103306289769276  0.013322420183874  0.017373111836205  0.014023594541676  0.073812041339346  0.377356492130140  0.072997962163320  0.077160162930846  0.094666644742311  0.016097718025314  0.016665402825496  0.008315392050417  0.988285651500733  0.000000000000000  0.012015162744299  0.000000000000000  0.000000000000000  0.000000000000000  1.000000000000000  0.047994070928191  1.000000000000000  0.463294030945185 
21.0    L  0.047104215923699  0.002952187359993  0.000000000000000  0.014318260073052  0.005659930291230  0.014751444049223  0.008698606392412  0.085436715746363  0.037008487870426  0.449689156073876  0.036498981081660  0.002040304224344  0.065880713955671  0.025277542136304  0.023276210361292  0.067826835742613  0.026187097958373  0.049928244778072  0.027299152997397  0.010075533208249  0.966606097064973  0.015799251263302  0.017349044275447  0.317537745634697  0.682546858942583  0.261884031774949  0.738157202841417  0.048093975630027  0.493458272942921  0.456915725114700 
22.0    A  0.509445598308361  0.003395877187852  0.009226505167418  0.008373230176065  0.000000000000000  0.054183597719668  0.002829965145615  0.026886019706607  0.045091521464426  0.016447361792335  0.017241152188156  0.004493327708401  0.070316155293051  0.015050967094065  0.034054753506667  0.086509357253217  0.033960464453939  0.035353576963934  0.013725476066224  0.013564691056266  0.915099168127928  0.077804639711386  0.007041019239147  0.251738887514180  0.748461493396346  0.518350550509860  0.481630947010074  0.043706752585577  0.433468781757343  0.448444079831007 
23.0    T  0.118421258824908  0.011525714508460  0.000000000000000  0.005667782061852  0.012516716837338  0.036651092163496  0.011265069308283  0.014447863720527  0.061767853218796  0.023584780758134  0.013433695097547  0.020263118041422  0.060329189054485  0.020011872833278  0.021627339313304  0.193713982739793  0.336808394216423  0.027641888604111  0.000000000000000  0.010230354867840  0.970634469769547  0.020151066416498  0.009400804890621  0.277392368016961  0.722465198961763  0.275285399524491  0.724471077277439  0.047530586038782  0.491069797631696  0.465870214652387 
24.0    K  0.033492920704259  0.000000000000000  0.013907433332070  0.018338252785646  0.007515058239569  0.012259126529637  0.006091444082901  0.017217267435572  0.555169416814320  0.017725866952124  0.013517760790390  0.029502888098445  0.052556025953357  0.012132326171891  0.098005056759467  0.027622735345740  0.058354996557207  0.018376425785796  0.008280881120291  0.000000000000000  0.954621014139717  0.037996227599472  0.007070362991273  0.088327102742671  0.911933165519769  0.187764990867616  0.812252396356236  0.049549008538143  0.467811748915700  0.468136123717246 
25.0    A  0.437089310205187  0.008638520729065  0.012081974022739  0.020039634418160  0.000000000000000  0.038446604523473  0.000000000000000  0.007164094087536  0.078781461973937  0.022020636799094  0.006070369287375  0.007515058239569  0.031708204580653  0.021929245719361  0.030522141530070  0.125000000000000  0.087050717541815  0.061982295671143  0.000000000000000  0.003982803449212  0.900625979847929  0.050836199883258  0.048428495684948  0.259534817635764  0.740719899010160  0.075310769687174  0.924663278113700  0.048934643516034  0.466516495768404  0.454704125900367 
26.0    A  0.416099367355762  0.004645340292979  0.013443009853304  0.018801609781242  0.010964622859680  0.043676467870346  0.010373165299863  0.023601134149419  0.046455718263469  0.051438771579919  0.000000000000000  0.011694710834318  0.076786686277853  0.022844647631251  0.071843428002167  0.079770548051810  0.060454770600871  0.035599480538191  0.000000000000000  0.001418911181222  0.963261894020148  0.014179986801831  0.022498926851792  0.092847057541302  0.906890328933143  0.103736823198748  0.896266699569405  0.052265399994629  0.477972658796871  0.423079298300145 
27.0    R  0.033913417871306  0.014720801154763  0.009162773040874  0.016254691664406  0.000000000000000  0.084787770465479  0.035896823593657  0.001589732783341  0.089560103148319  0.031576607702711  0.000000000000000  0.009485897534336  0.055977854380678  0.051189793616239  0.450937689191125  0.070170088879601  0.019736363466341  0.019478143660548  0.000000000000000  0.005410583859808  0.929160674250913  0.021582413252248  0.049172652834598  0.146097156070156  0.853817714391245  0.036880448229256  0.963261894020148  0.046941247716904  0.487339815445774  0.409518348929914 
28.0    K  0.039281667953807  0.000000000000000  0.016723260912916  0.012276133072931  0.013470992890900  0.047234997759882  0.016220926102235  0.014548356559847  0.524494663787473  0.006929658634001  0.008104843254419  0.036423162441705  0.036829356494115  0.033353916813749  0.072896835611779  0.052446852319159  0.055939066932998  0.010280113476789  0.000000000000000  0.002487651318997  0.936921446872426  0.046973796189549  0.016164805961233  0.232773704957557  0.767373048000443  0.295248165357383  0.704660377571010  0.048900736358532  0.459456441739525  0.379191886343611 
29.0    S  0.102237757319723  0.003159692767038  0.000000000000000  0.005970220784239  0.006146581604325  0.068345966092790  0.016232173489026  0.006280085865181  0.047398985792951  0.011630041055989  0.020193012978711  0.045752677998301  0.035723072981689  0.025277542136304  0.082870360018666  0.430176315305720  0.065652784000672  0.024231037698344  0.000000000000000  0.002843729587889  0.978741650397436  0.017469716421342  0.003721242179859  0.333324669272800  0.666649338545599  0.000000000000000  1.000000000000000  0.050765774772265  0.492092011016900  0.400257405328151 
30.0    A  0.420739741142690  0.000000000000000  0.036803837174843  0.039472726932681  0.006515086279883  0.072543994648983  0.014710601008456  0.013322420183874  0.017289021142067  0.015592542484360  0.012682649702770  0.003491348290456  0.103664943226805  0.010209103546040  0.053809324271181  0.084202098554106  0.029769937438873  0.065289735179014  0.000000000000000  0.000000000000000  0.868140227601043  0.090433430366908  0.041723384477997  0.550189304683069  0.449689156073876  0.000000000000000  1.000000000000000  0.053400608805608  0.440740078953585  0.397217200048052 
31.0    P  0.012208248127692  0.000000000000000  0.005671712030875  0.023814762974059  0.004812492474397  0.072594295745358  0.002976845371757  0.008844522672740  0.071347169195423  0.032826392000336  0.000000000000000  0.025033433674676  0.546010272872826  0.025330159996416  0.024315161767357  0.069156084568267  0.047006367230897  0.023535788541153  0.000000000000000  0.004358356727832  0.953959550547558  0.015208271471222  0.030905341136904  0.153148166488085  0.846745312362527  0.059870951138919  0.940174202509126  0.059995578814932  0.487339815445774  0.376833727389595 
32.0    A  0.250346813927834  0.014639397607382  0.020775111065339  0.018465805420849  0.004058043372257  0.034458411345904  0.007646419143730  0.021974893748642  0.042600081477578  0.041665583659100  0.003796800734302  0.024654588776640  0.061682284117865  0.019859870145401  0.036271997324491  0.248445273330639  0.104530799989258  0.038366740122346  0.000000000000000  0.005810991259510  0.883315051481465  0.069830446129514  0.047038960856596  0.332862903309093  0.667111584838885  0.183010711993203  0.816768991110023  0.058435949859466  0.443190849597434  0.361984543094890 
33.0    T  0.087534770055450  0.006642766875502  0.008478354467827  0.017676788481967  0.014915953345933  0.040695130924032  0.010166733245640  0.021182255106250  0.042042725266307  0.024130472909118  0.004710186826917  0.011304178795863  0.068630800861691  0.033261568201667  0.039010329653175  0.109575715164504  0.402762145524375  0.033725882390763  0.000000000000000  0.023470623858452  0.971980987981352  0.006133813427137  0.021823102069803  0.222673225151670  0.777546035882558  0.299369676154732  0.700763724540373  0.052374195916747  0.499307333050514  0.351598299978280 
34.0    G  0.053105312446166  0.008801712722635  0.042866665268456  0.027016788478371  0.000000000000000  0.506628450079543  0.006782345528133  0.019143520811011  0.039445376003504  0.012430257558671  0.003421868418231  0.013564691056266  0.037786114869793  0.041435180009333  0.049652150006007  0.081164912670618  0.021035938582450  0.035673584597712  0.000000000000000  0.000000000000000  0.946057646725596  0.020631606890859  0.033330805650993  0.123792858991628  0.875998315067126  0.325561047392257  0.674551267169849  0.055437269072009  0.484644908467533  0.376311686852767 
35.0    G  0.056602123938614  0.000000000000000  0.005774853247163  0.015953314464175  0.000000000000000  0.493116352246680  0.012958117903351  0.010423618513108  0.056680645558321  0.010964622859680  0.002504954302270  0.028716027608720  0.060245612983790  0.055245470691479  0.039227249727583  0.086150322060977  0.045029054651185  0.006574058455355  0.002061628354762  0.011825131195075  0.947370070599268  0.033423346496414  0.019249969897590  0.094469995519764  0.905633983017823  0.158878961163208  0.840896415253715  0.058435949859466  0.472046209575125  0.388503634392025 
36.0    V  0.041463910643661  0.000000000000000  0.030479858172739  0.016086563803656  0.036727385263118  0.013820944302055  0.002287519885193  0.073812041339346  0.060917476930722  0.032374461361251  0.013508394239185  0.007169061580558  0.095921631000055  0.066063627535086  0.015420571029466  0.042985681816867  0.062456693311903  0.388503634392025  0.000000000000000  0.000000000000000  0.917004043204671  0.065154110052570  0.017713584574663  0.195874296737335  0.803850990743151  0.245024853835468  0.754712984260280  0.056641371141708  0.453759577658580  0.385820043764734 
37.0    K  0.040414029121484  0.000000000000000  0.003197145240589  0.020803931456818  0.008172538592129  0.016642315678022  0.017615631439772  0.021990130864459  0.475000191437443  0.004749528449934  0.011094588738621  0.016356410655853  0.046455718263469  0.042130241616783  0.187634887189296  0.045879707376066  0.026424133980547  0.015335297872711  0.000000000000000  0.000000000000000  0.945402116750744  0.024130472909118  0.030713143704539  0.390393246303696  0.609627547038152  0.421031476804208  0.578745108495061  0.057751410777926  0.468136123717246  0.399425958224574 
38.0    K  0.031928752584822  0.000000000000000  0.013897796774030  0.018401918587422  0.000000000000000  0.009099481144285  0.022514527325593  0.000000000000000  0.579949827252717  0.026314467300263  0.006381007743047  0.021974893748642  0.022765611154656  0.043015487549709  0.136976470805961  0.019478143660548  0.029956232452906  0.012482061194518  0.000000000000000  0.004975302637994  0.981459063853479  0.011678509754960  0.006551313940945  0.107395094368398  0.892546971472977  0.427501088945986  0.572362080299342  0.061810682273808  0.475000191437443  0.417254640577705 
39.0    P  0.027110583973502  0.000000000000000  0.000000000000000  0.014407861217385  0.000000000000000  0.018581361171918  0.020832791829550  0.006647372886770  0.171347850622463  0.015975445790780  0.007823337935245  0.016424576704495  0.487339815445774  0.027412923397901  0.081503170953660  0.046487930076078  0.045279442329840  0.008899870134548  0.000000000000000  0.003960779217930  0.894404901782606  0.049962864397030  0.055552667572911  0.294226684304692  0.705637921704346  0.455650640318571  0.544498507668053  0.060329189054485  0.472701058375372  0.443190849597434 
40.0    H  0.005023818294651  0.000000000000000  0.000000000000000  0.026350972195316  0.022971677131079  0.006125316047467  0.452189688780544  0.013811367672870  0.081052472165688  0.002869469986872  0.000000000000000  0.021079727099058  0.006336930902946  0.023568438698228  0.210515738402104  0.022971677131079  0.028203147733201  0.013640118611465  0.000000000000000  0.063372467486877  0.973329374158238  0.019491649561157  0.006862738033112  0.214195488692142  0.785672516667580  0.630688704415625  0.369078601420708  0.058395459180199  0.486327473706143  0.428985265214345 
41.0    R  0.022765611154656  0.017481829703683  0.000000000000000  0.022624033943431  0.005388128600887  0.007401328676557  0.025277542136304  0.000000000000000  0.087171479146900  0.005299235654092  0.000000000000000  0.020305297850866  0.024740183308477  0.006679704514781  0.700278160443602  0.024774504269071  0.017039183322895  0.010672189505894  0.000000000000000  0.002153650709119  0.978063473447339  0.018161157929971  0.003530284088871  0.095988141856381  0.903752726751086  0.088265900274047  0.911933165519769  0.051118878659861  0.475000191437443  0.467811748915700 
42.0    Y  0.033516144275561  0.009571760405505  0.000000000000000  0.002845701394332  0.208049683677881  0.008004350179944  0.029646384848139  0.014967737784730  0.028875705388963  0.011727180449331  0.003914381269842  0.028517671516983  0.009086875324593  0.015909143746322  0.047104215923699  0.019236631458514  0.008490116113485  0.015061403245948  0.073965688859536  0.431370672271328  0.993092495437036  0.000000000000000  0.006679704514781  0.000000000000000  0.000000000000000  0.289172045976322  0.710546021590680  0.051868411599374  1.000000000000000  0.467163673441590 
43.0    R  0.012031830847439  0.011597840395539  0.016898043179432  0.000000000000000  0.007031265076512  0.003066906713569  0.020460709735681  0.010532560404196  0.183900843231967  0.005244423838985  0.000000000000000  0.013443009853304  0.033008925792246  0.000000000000000  0.643494623650635  0.012301687133894  0.018671737575887  0.008402299925448  0.000000000000000  0.000000000000000  0.985549336939371  0.001488422685879  0.012895397008010  0.210953949032504  0.788946840852465  0.000000000000000  1.000000000000000  0.051367511705928  0.496890546661277  0.471065636952404 
44.0    P  0.049514675682811  0.000000000000000  0.000000000000000  0.000000000000000  0.000000000000000  0.000000000000000  0.003567180664109  0.005863590224666  0.026223426159579  0.009258537272981  0.000000000000000  0.009739071830274  0.727490341817379  0.012630013575087  0.072997962163320  0.049583365199446  0.013649576498698  0.006661210091937  0.013066349998657  0.000000000000000  0.973329374158238  0.015495573917786  0.011382805577328  0.653382626946587  0.346517471412604  0.137261601723381  0.862741344542656  0.049514675682811  0.476318999021969  0.459775023075829 
45.0    G  0.021403640311962  0.000000000000000  0.007193950759414  0.011923900070004  0.004530858025412  0.716977624007914  0.019750048413325  0.005794902085317  0.031730190652170  0.017615631439772  0.006872258405644  0.005916665296394  0.000000000000000  0.016874633747389  0.071248329543341  0.041263213781719  0.004958089398515  0.014487977288054  0.001673402255407  0.000000000000000  0.959264119325264  0.031055659166330  0.009759344731667  0.325110036637120  0.675018992561373  0.029482445340480  0.970634469769547  0.049070507417098  0.474342157570227  0.456282744271726 
46.0    T  0.044409126349417  0.012753172596108  0.022173802440631  0.025172634095273  0.023486898094774  0.004400856361317  0.015145153389610  0.035206850890540  0.031336763621909  0.035109371969739  0.018998113799736  0.017530366883289  0.014348065035952  0.048731552663208  0.007535923317064  0.065926394816754  0.561360711036804  0.010510681316577  0.005961950035002  0.000000000000000  0.987600861445373  0.008373230176065  0.003952551566511  0.112033337446176  0.888226795842405  0.327598350964591  0.672217497076313  0.048799155787962  0.489370825198718  0.440434687063490 
47.0    V  0.020235046857100  0.018211581220852  0.000000000000000  0.017457611532378  0.003794169904460  0.016379101179952  0.005175808660333  0.009611651130868  0.143886186415970  0.106579361470995  0.022530138616566  0.031511014215456  0.015495573917786  0.022797192878753  0.083968964107581  0.000000000000000  0.019130256131253  0.451563255075911  0.007179006902180  0.004382591720822  0.995159721820083  0.002047387647494  0.002645947221651  0.644387315242508  0.355765865308649  0.323985241358333  0.675955416514063  0.043980261728919  0.494485458190466  0.456599125005996 
48.0    A  0.663422570298581  0.002883426573599  0.000000000000000  0.004117544622229  0.010896434893363  0.004310288047039  0.008472479756586  0.020574483157176  0.000000000000000  0.022081775685668  0.013499034178129  0.019640833976904  0.000000000000000  0.000000000000000  0.006953716666035  0.071644511608024  0.039912929974856  0.093752436830364  0.017652300227658  0.000000000000000  0.980099415341871  0.010380357922629  0.009861344000876  0.265908168223296  0.734075318017052  0.082755556899712  0.917004043204671  0.041206050452886  0.486327473706143  0.467811748915700 
49.0    L  0.011525714508460  0.001645794588873  0.011735311929226  0.022219959540426  0.021747599872361  0.000000000000000  0.013294745773540  0.056172195413189  0.003794169904460  0.750019494642909  0.013139006488339  0.018814646581741  0.008286622979439  0.013003105229868  0.009916178797030  0.008217982650030  0.000000000000000  0.021123606766064  0.004367429105335  0.010828670981644  1.000000000000000  0.000000000000000  0.000000000000000  0.027776333786455  0.971980987981352  0.324434691734796  0.675487042267819  0.039336161672027  0.496890546661277  0.461371246326899 
50.0    R  0.011589804170634  0.046487930076078  0.010926688146394  0.007812500000000  0.001201456391359  0.009472756398920  0.048093975630027  0.007134361328219  0.163912751776956  0.016862941195382  0.014558444207887  0.003911668967622  0.024433426347769  0.068630800861691  0.522317881432116  0.019316800951890  0.001903671154085  0.002433080889784  0.007416735319926  0.011694710834318  0.980099415341871  0.005995101937503  0.013955716443012  0.333324669272800  0.666649338545599  0.448755025333631  0.551334581534456  0.038848427153248  0.496546247718518  0.474342157570227 
51.0    E  0.004739662344721  0.000000000000000  0.030227385300435  0.868140227601043  0.000000000000000  0.004097614560840  0.000000000000000  0.000000000000000  0.037525107108913  0.000000000000000  0.003513196531827  0.000000000000000  0.007551610133320  0.012586317047637  0.007468322793701  0.016458766186794  0.000000000000000  0.007457976672967  0.000000000000000  0.000000000000000  0.996540262827868  0.001605234740810  0.001546261456780  1.000000000000000  0.000000000000000  0.103306289769276  0.896888159662015  0.039500096826650  0.500000000000000  0.471392267959120 
52.0    I  0.000000000000000  0.006910472151028  0.000000000000000  0.000000000000000  0.006328152137750  0.004097614560840  0.000000000000000  0.863339558574412  0.005226279510883  0.015865095326085  0.010532560404196  0.000000000000000  0.010474317121721  0.007556846325109  0.000000000000000  0.007457976672967  0.009591685030586  0.052301640167712  0.000000000000000  0.000000000000000  1.000000000000000  0.000000000000000  0.000000000000000  0.000000000000000  0.000000000000000  0.000000000000000  1.000000000000000  0.039445376003504  1.000000000000000  0.472373520498603 
53.0    R  0.011040887842834  0.039940605100095  0.000000000000000  0.007094909513449  0.000000000000000  0.006992383366625  0.062240609568404  0.003716087016921  0.059005776196891  0.020861692238999  0.007355300504228  0.011849746448238  0.014023594541676  0.018827692421794  0.679714120953369  0.022158438057492  0.009705377201441  0.014864348067684  0.003692977018558  0.006929658634001  1.000000000000000  0.000000000000000  0.000000000000000  0.000000000000000  0.000000000000000  0.000000000000000  1.000000000000000  0.039445376003504  1.000000000000000  0.472373520498603 
54.0    R  0.023765293019391  0.015549370653439  0.001441713286800  0.010903990344704  0.060412881066561  0.000000000000000  0.082812938565325  0.001887902533330  0.267016352011963  0.030543305200338  0.005083366622820  0.024998754010399  0.021006796783635  0.055092509869198  0.304391504665747  0.030437633391976  0.014608987464866  0.004917020209003  0.001352645964952  0.043676467870346  0.985549336939371  0.000000000000000  0.014358013804360  0.000000000000000  0.000000000000000  0.117521775313641  0.882702996290655  0.039472726932681  1.000000000000000  0.472373520498603 
55.0    Y  0.006447698504005  0.008132981231907  0.005478512697822  0.018853811245637  0.107246316303586  0.000000000000000  0.020963159763785  0.008466609115975  0.003289308412533  0.160985203688728  0.006420938963241  0.002179178363916  0.000000000000000  0.025719385789960  0.000000000000000  0.002935862261847  0.000000000000000  0.000000000000000  0.000000000000000  0.622868707784737  0.976031760776225  0.009598335784732  0.014199658069508  0.515841589650680  0.484309094613314  0.000000000000000  1.000000000000000  0.039940605100095  0.490389501994276  0.463615273217731 
56.0    Q  0.006619784648017  0.000000000000000  0.000000000000000  0.023880883136956  0.000000000000000  0.000000000000000  0.004992575637512  0.000000000000000  0.031250000000000  0.000000000000000  0.008384845987449  0.013285533751003  0.014558444207887  0.846158596600290  0.025155191800660  0.006336930902946  0.007737053686977  0.011841535675862  0.000000000000000  0.000000000000000  1.000000000000000  0.000000000000000  0.000000000000000  0.000000000000000  0.000000000000000  0.275476278969153  0.724471077277439  0.040695130924032  1.000000000000000  0.444729496768949 
57.0    K  0.031818287492644  0.000000000000000  0.003993861447695  0.019196671569463  0.000000000000000  0.006712193398025  0.018971795068673  0.000000000000000  0.573156092864189  0.007249011534932  0.018287478773040  0.025400487562010  0.006929658634001  0.034602018265134  0.149270398384324  0.085733330536912  0.018827692421794  0.000000000000000  0.000000000000000  0.000000000000000  0.985549336939371  0.007279222103944  0.007314626933082  0.502083771619487  0.497924876547229  0.000000000000000  1.000000000000000  0.039582320428851  0.492774668469685  0.460093825312437 
58.0    S  0.023748825881274  0.002260723080059  0.005961950035002  0.007002083590386  0.018710604759671  0.041926319527571  0.025808677029241  0.004388671496217  0.010061575230546  0.007139308204917  0.003670010739117  0.031055659166330  0.014318260073052  0.010731533073669  0.022020636799094  0.659753955386447  0.111259466656562  0.000000000000000  0.000000000000000  0.000000000000000  0.995849753094458  0.004262749519746  0.000000000000000  0.125000000000000  0.874784764905822  0.315781815461450  0.683967651951245  0.039692218204337  0.498270131413934  0.449066186441967 
59.0    T  0.017664540111322  0.002176159474257  0.017861536490844  0.050205874797315  0.005302910077656  0.020489093972119  0.007834190905477  0.015755507107728  0.000000000000000  0.000000000000000  0.006915263785778  0.008431470597691  0.043434944370073  0.009446528717448  0.006992383366625  0.055822865772048  0.669427628489221  0.049686578184311  0.009618315729257  0.003086098874466  0.982820598545251  0.000000000000000  0.017361073885236  0.000000000000000  0.000000000000000  0.000000000000000  1.000000000000000  0.039445376003504  1.000000000000000  0.465547409915115 
60.0    E  0.016561762240583  0.015854102290326  0.161656116485936  0.367801686463934  0.003407666819417  0.060329189054485  0.042305821220389  0.000000000000000  0.081390261848064  0.003941607944706  0.005916665296394  0.101110168545217  0.006782345528133  0.047366142703450  0.030416542942445  0.026571067502006  0.012499377005199  0.011148550825921  0.000000000000000  0.004852688600720  0.990342871933025  0.000000000000000  0.009518830184962  0.000000000000000  0.000000000000000  0.134903529563053  0.865136690584988  0.040162698045918  1.000000000000000  0.448444079831007 
61.0    L  0.022173802440631  0.007218926347241  0.005478512697822  0.004459198074714  0.090496135773722  0.006210822273039  0.006601456128223  0.018414678247058  0.006336930902946  0.722465198961763  0.020746330599726  0.011040887842834  0.017122058850745  0.000000000000000  0.014387901518829  0.016153605253874  0.023179608341268  0.007593601468604  0.000000000000000  0.000000000000000  0.999307092990453  0.000000000000000  0.001004017408844  0.142892291926755  0.857376036634172  0.345797657252741  0.654289035727505  0.039609766313576  0.490049707670935  0.446273485736488 
62.0    L  0.018098325096791  0.011218316489246  0.000000000000000  0.006358931133363  0.038419964601706  0.000000000000000  0.010322956294205  0.124308771084152  0.000000000000000  0.722966147272874  0.022892201165802  0.000000000000000  0.005157901722715  0.000000000000000  0.001585331212846  0.013984766733250  0.000000000000000  0.024637505439259  0.000000000000000  0.000000000000000  0.998614666101029  0.000000000000000  0.001130361540029  0.000000000000000  0.000000000000000  0.327144517863753  0.672683604260913  0.038606832410217  1.000000000000000  0.463294030945185 
63.0    I  0.000000000000000  0.009532035236502  0.000000000000000  0.001985888033773  0.071843428002167  0.000000000000000  0.010054603494541  0.672683604260913  0.000000000000000  0.139757731370733  0.019276674528273  0.011694710834318  0.004802495575213  0.002642281701270  0.014518135535171  0.000000000000000  0.007625248131064  0.026700304402804  0.000000000000000  0.006624374723696  0.985549336939371  0.014518135535171  0.000000000000000  0.146401272652351  0.853817714391245  0.000000000000000  1.000000000000000  0.037447156916857  0.485317234884773  0.474342157570227 
64.0    R  0.030122806491895  0.022143084320441  0.006977858221506  0.009786440926751  0.006675076100701  0.001924901048710  0.028656376350146  0.000000000000000  0.019370432811547  0.086689435570712  0.000000000000000  0.003775805066660  0.317097849831467  0.033819520141429  0.383952567425525  0.037759932605936  0.011335564123705  0.000000000000000  0.000000000000000  0.000000000000000  0.996540262827868  0.000000000000000  0.003781043073804  0.000000000000000  0.000000000000000  0.160094982666221  0.839731492944140  0.037759932605936  1.000000000000000  0.462331639056850 
65.0    K  0.028557232819669  0.005362048559589  0.005132936043552  0.009881871424640  0.019901210551977  0.000000000000000  0.013139006488339  0.006129563264818  0.661127302571287  0.004224510794858  0.000000000000000  0.002703417414163  0.015690117863109  0.043015487549709  0.138504043483116  0.009909307807233  0.009355302379835  0.027469986278493  0.000000000000000  0.000000000000000  1.000000000000000  0.000000000000000  0.000000000000000  0.000000000000000  0.000000000000000  0.000000000000000  1.000000000000000  0.037681494615336  1.000000000000000  0.464258426153364 
66.0    L  0.211393071844379  0.000000000000000  0.001899716694165  0.033423346496414  0.010488847677971  0.017277041458129  0.000000000000000  0.059581159080510  0.014568538850576  0.516915368123982  0.018594245254792  0.006104124063846  0.005132936043552  0.010230354867840  0.024877753086837  0.036347501298370  0.025207554975691  0.006310631075075  0.000000000000000  0.001666457222875  0.996540262827868  0.003421868418231  0.000000000000000  0.500000000000000  0.500000000000000  0.000000000000000  1.000000000000000  0.037603219562484  0.498270131413934  0.464258426153364 
67.0    P  0.032780916486717  0.014447863720527  0.010401965728409  0.006189334460351  0.000000000000000  0.005482311429840  0.003786288347403  0.053068515402927  0.000000000000000  0.029137077701151  0.000000000000000  0.002444914958309  0.689680460913530  0.008269409334962  0.038902319855693  0.068345966092790  0.019276674528273  0.014052786127309  0.000000000000000  0.003844468836070  0.991716730738293  0.008298118644495  0.000000000000000  1.000000000000000  0.000000000000000  0.000000000000000  1.000000000000000  0.037681494615336  0.495858365369147  0.464258426153364 
68.0    F  0.009671799147168  0.000000000000000  0.000000000000000  0.000000000000000  0.926588061890371  0.000000000000000  0.000000000000000  0.003786288347403  0.000000000000000  0.036448417805890  0.005863590224666  0.000000000000000  0.000000000000000  0.000000000000000  0.000000000000000  0.006007581372149  0.003081823597080  0.004749528449934  0.000000000000000  0.003844468836070  1.000000000000000  0.000000000000000  0.000000000000000  0.000000000000000  0.000000000000000  0.440434687063490  0.559418550517856  0.037681494615336  1.000000000000000  0.464258426153364 
69.0    Q  0.142003658098336  0.025648175275328  0.009964409309989  0.023276210361292  0.012065236454559  0.024552266145862  0.018478609378815  0.037838533873455  0.017361073885236  0.002152158429447  0.014741222670240  0.006533174999329  0.022390025787080  0.395568650592725  0.046166814486955  0.120742041115606  0.042071877164899  0.032240099353167  0.006310631075075  0.000000000000000  0.997231251352069  0.002629492322806  0.000000000000000  0.333324669272800  0.666649338545599  0.068345966092790  0.931740429304773  0.037317599596081  0.498961359499525  0.480963727332387 
70.0    R  0.028438713252528  0.019397304555096  0.027641888604111  0.003172860923267  0.000000000000000  0.022483337187669  0.054108535344979  0.000000000000000  0.027757087370075  0.006754197119593  0.005562696076551  0.000000000000000  0.000000000000000  0.024399577893981  0.697855382061083  0.039968299414920  0.017998244411709  0.006721504926652  0.001983136915761  0.015614173327976  0.980779003988551  0.000000000000000  0.019559319666469  0.000000000000000  0.000000000000000  0.000000000000000  1.000000000000000  0.037136972033029  1.000000000000000  0.482299092292069 
71.0    L  0.007662335968661  0.012149156810665  0.002660660223907  0.007704943003854  0.028996046139728  0.010209103546040  0.003190503871524  0.022498926851792  0.000000000000000  0.762072415169885  0.010040674511479  0.000000000000000  0.000000000000000  0.016862941195382  0.000000000000000  0.015009294749273  0.001724029289630  0.093234001668217  0.000000000000000  0.005843303743603  0.985549336939371  0.008396477912934  0.006232384686008  0.608783009331493  0.390934821564297  0.515126976810037  0.484980955170867  0.037034149091924  0.476979775273779  0.462331639056850 
72.0    V  0.062370169937441  0.015145153389610  0.000000000000000  0.000000000000000  0.000000000000000  0.016700093612672  0.000000000000000  0.072042896674929  0.000000000000000  0.024895003008924  0.007149212250999  0.000000000000000  0.017098339082199  0.010019817209080  0.008999122205854  0.025382887386132  0.000000000000000  0.733566672083662  0.006461120065963  0.000000000000000  0.984866442895551  0.010401965728409  0.004920429609170  0.204617295397701  0.795536483754919  0.000000000000000  1.000000000000000  0.037291741969741  0.491751037013124  0.473356815618357 
73.0    R  0.033819520141429  0.038287041622021  0.016322433794754  0.000000000000000  0.000000000000000  0.008367428306183  0.022158438057492  0.000000000000000  0.119741902277837  0.011477879947487  0.000000000000000  0.000000000000000  0.003088238736734  0.069060280299994  0.626766510220345  0.014864348067684  0.001453755131999  0.011359160291565  0.015876095984277  0.007169061580558  0.981459063853479  0.014598864795050  0.004230371271586  0.287572973337651  0.712518807074392  0.358488812003957  0.641712948781452  0.037136972033029  0.491410299272626  0.469435873657726 
74.0    E  0.010881339692727  0.002769804757186  0.028517671516983  0.783497186949341  0.000000000000000  0.010873799936180  0.004446851676074  0.000000000000000  0.044194173824159  0.000000000000000  0.002384661157557  0.006592310907266  0.006777645993376  0.016401823181610  0.025050791543731  0.042600081477578  0.010005936416639  0.002999629433012  0.000000000000000  0.002220345650852  0.967947026893737  0.000000000000000  0.031796240378209  0.000000000000000  0.000000000000000  0.275285399524491  0.724973416439426  0.038526635170744  1.000000000000000  0.475000191437443 
75.0    I  0.002009427163855  0.005306587049019  0.004493327708401  0.000000000000000  0.018287478773040  0.000000000000000  0.000000000000000  0.748980467212091  0.000000000000000  0.061767853218796  0.006420938963241  0.000000000000000  0.000000000000000  0.000000000000000  0.000000000000000  0.023552107961850  0.017664540111322  0.111723145294598  0.000000000000000  0.000000000000000  0.991716730738293  0.004419197120492  0.004094775294988  0.242154547306657  0.757858283255199  0.318198733818986  0.681601303641254  0.041091961256408  0.497924876547229  0.453130969133667 
76.0    A  0.373453364278086  0.061383724703962  0.034291623049351  0.014823192424070  0.000000000000000  0.013248749447393  0.001286796827865  0.036221748497014  0.000000000000000  0.059169601952295  0.045879707376066  0.021138253610161  0.026332713421973  0.010746420454217  0.004947790053606  0.070756181381917  0.138792354203580  0.074635199192162  0.007284269425288  0.005554989885107  0.978063473447339  0.003284751622085  0.018710604759671  1.000000000000000  0.000000000000000  0.042247213532129  0.957935218222696  0.038606832410217  0.498270131413934  0.463615273217731 
77.0    Q  0.032735503971869  0.009578397344165  0.031620412532092  0.096722812096399  0.005429368046259  0.027892092858531  0.038714021805747  0.020179021098474  0.029319412390646  0.074273944066058  0.032554482156507  0.038983299122314  0.015766431778823  0.398596238270268  0.041035035169505  0.033100572958871  0.022702578899553  0.038473262917029  0.002050227897701  0.010387555532670  0.942784535918240  0.005528102188776  0.051832471613403  0.264437740904607  0.735603372927869  0.137452018664319  0.862741344542656  0.040638754579640  0.495858365369147  0.447512535463986 
78.0    D  0.038633601903780  0.000000000000000  0.308640651723385  0.176654205485341  0.020179021098474  0.020011872833278  0.007535923317064  0.016019800592009  0.099442060469365  0.012568880795967  0.010554485035435  0.048562954299003  0.004716721060494  0.054371709544291  0.038794609110191  0.079936598829839  0.040610595701733  0.011874412940637  0.004749528449934  0.006011746953753  0.931094819830229  0.019984149707460  0.049206748535575  0.466516495768404  0.533292890415882  0.244007940194056  0.756283998641981  0.041320456410705  0.480963727332387  0.405563577788521 
79.0    F  0.015103220266640  0.055245470691479  0.000000000000000  0.040274207202657  0.381300413314071  0.004626060983803  0.026867390195094  0.093040328447909  0.008783429092020  0.107395094368398  0.030755750688556  0.032871930600121  0.000000000000000  0.009752582413294  0.005200982864205  0.020674553748564  0.005421846558655  0.043555538708983  0.016458766186794  0.102592701101312  0.798851916449148  0.184795303909230  0.016356410655853  0.469761374607006  0.530343870684108  0.054447137008891  0.945402116750744  0.046552420722584  0.324659650682471  0.398596238270268 
80.0    K  0.036803837174843  0.007350203964951  0.027680234971949  0.055398856199679  0.018749552849581  0.081446696835206  0.016816251949747  0.023535788541153  0.332632260270172  0.031315050158739  0.010394758133443  0.051724801004888  0.003621994322014  0.025277542136304  0.070952631384129  0.110951417158687  0.066661611301985  0.007949060094552  0.004759415092481  0.015986522964601  0.814507563070215  0.180116218604740  0.005539609514373  0.474671060475260  0.525222272005377  0.542990928161147  0.456915725114700  0.045847917005229  0.325110036637120  0.387696603173502 
81.0    T  0.065607292726442  0.002147687791630  0.036096430767300  0.080102995260012  0.001802231430964  0.067265007798987  0.062934721878545  0.020179021098474  0.022655419263732  0.022143084320441  0.003161883658388  0.024895003008924  0.073658712988230  0.026278012976679  0.063592480756418  0.091188771515011  0.276049711790773  0.049206748535575  0.005839254877480  0.005140056738395  0.950000382874886  0.036651092163496  0.013102627881890  0.362738051958545  0.637280313659631  0.313600551130249  0.686342215627455  0.039118639332937  0.444421340583285  0.426908857195622 
82.0    D  0.029076551803219  0.000000000000000  0.387159513926610  0.101813445383777  0.000000000000000  0.044718016250716  0.033679160782615  0.018198962288570  0.032374461361251  0.009310020113860  0.010040674511479  0.122003970097028  0.056719947207323  0.023601134149419  0.014209503934386  0.037473122305972  0.042452696392155  0.034125642054552  0.000000000000000  0.003030979899511  0.927230546435463  0.059788009880742  0.013257935964155  0.372936006672866  0.626766510220345  0.341036958719839  0.658839975867070  0.040107059298841  0.382359069470692  0.435879119768531 
83.0    L  0.000000000000000  0.022112408755104  0.003879267560301  0.005455775517451  0.141218401821265  0.003219383144349  0.059292769696278  0.058638824781292  0.000000000000000  0.442270217665770  0.044811101500495  0.017157700215423  0.020560226953578  0.000000000000000  0.009691932013401  0.009112104451472  0.011743449047387  0.051545846788130  0.002944013495231  0.096388176587996  0.969961910341735  0.027950153180706  0.002158133759375  0.535515411595727  0.464580337125457  0.418413121341696  0.581560020773925  0.039418044025977  0.443498152576075  0.441351498145327 
84.0    R  0.002968603235159  0.029914733068603  0.002644113826274  0.003433748284812  0.016311123865964  0.010054603494541  0.033008925792246  0.003718663705068  0.053921334033916  0.004524581274198  0.003917095452739  0.013322420183874  0.004839252725718  0.069108165832517  0.668500247702567  0.030479858172739  0.000000000000000  0.017627845897758  0.020446532366485  0.011398596439376  0.993092495437036  0.006934463572418  0.000000000000000  0.329191730514811  0.670821112441131  0.231005643111706  0.768970415635134  0.041492661199451  0.491751037013124  0.463936738235641 
85.0    F  0.000000000000000  0.006555856539895  0.000000000000000  0.000000000000000  0.506979739895015  0.000000000000000  0.000000000000000  0.128158404736074  0.000000000000000  0.015646675870490  0.015788303851356  0.000000000000000  0.000000000000000  0.000000000000000  0.002791004179182  0.015942260300757  0.006398724202030  0.040162698045918  0.234717936828863  0.027016788478371  1.000000000000000  0.000000000000000  0.000000000000000  0.000000000000000  0.000000000000000  0.326464946772229  0.673616788432845  0.041810236087066  1.000000000000000  0.472701058375372 
86.0    Q  0.020832791829550  0.002303430844260  0.006679704514781  0.026497498894786  0.000000000000000  0.003627018954323  0.014802657353114  0.000000000000000  0.019209982300853  0.002263859281063  0.000000000000000  0.012123919598045  0.000000000000000  0.584388624280623  0.101672399766516  0.043404847992660  0.155070912214424  0.000000000000000  0.003757529119784  0.003372420150681  0.991716730738293  0.000000000000000  0.007976657232087  0.000000000000000  0.000000000000000  0.000000000000000  1.000000000000000  0.041035035169505  1.000000000000000  0.482299092292069 
87.0    S  0.167821562847533  0.017615631439772  0.010701820155981  0.037551126547714  0.003246272896850  0.031489180012828  0.050520054300348  0.009381276777228  0.047497651762547  0.016723260912916  0.008246513419047  0.007427024228358  0.056445406884489  0.014812921330135  0.035648866120888  0.378141999320990  0.047927583114784  0.039336161672027  0.000000000000000  0.019410754402882  0.996540262827868  0.000000000000000  0.003462428512480  0.000000000000000  0.000000000000000  0.131670129494355  0.868140227601043  0.041320456410705  1.000000000000000  0.472046209575125 
88.0    S  0.140048651774272  0.000000000000000  0.061298687749284  0.115262889739079  0.010738974184156  0.063769041203029  0.022813000166477  0.005648173025569  0.015166163590149  0.013075410041928  0.016413196000168  0.018866884241977  0.038740865623093  0.089436032501432  0.028340322779161  0.276816146121071  0.066523136403335  0.009631658792686  0.000000000000000  0.007370611335120  1.000000000000000  0.000000000000000  0.000000000000000  0.000000000000000  0.000000000000000  0.000000000000000  1.000000000000000  0.041006601705999  1.000000000000000  0.471392267959120 
89.0    A  0.756283998641981  0.026979361205450  0.005835208816845  0.003518070233781  0.000000000000000  0.016265962463814  0.005888026990462  0.005953690743515  0.000000000000000  0.000000000000000  0.003433748284812  0.000000000000000  0.002822129683444  0.000000000000000  0.027016788478371  0.051581588032041  0.026737344552581  0.060078808024298  0.000000000000000  0.007667648936355  0.996540262827868  0.003794169904460  0.000000000000000  0.075572229739585  0.924663278113700  0.403880388804804  0.596254436165316  0.041120453907157  0.485317234884773  0.471392267959120 
90.0    V  0.000000000000000  0.000000000000000  0.011710934388715  0.000000000000000  0.015061403245948  0.000000000000000  0.005770851810869  0.320189965332443  0.000000000000000  0.420739741142690  0.040582456335309  0.006206518750751  0.000000000000000  0.000000000000000  0.000000000000000  0.015030116479137  0.018504243935213  0.139274206352417  0.000000000000000  0.006877023543462  0.983502074026248  0.006877023543462  0.009565128065627  1.000000000000000  0.000000000000000  0.148342099707066  0.851453707748945  0.040779842115280  0.497235084336607  0.483973513446869 
91.0    M  0.052628934600526  0.006924857024960  0.089933348750676  0.134997069979110  0.024247839196089  0.103736823198748  0.013350152201402  0.041291825176821  0.016909760070714  0.177144674563527  0.111259466656562  0.026848773592100  0.010510681316577  0.038154578520910  0.007124477855623  0.044687030823803  0.023083407243478  0.051904376505681  0.023292349793733  0.001991401724606  0.999307092990453  0.000349117428311  0.000000000000000  1.000000000000000  0.000000000000000  0.236350529187686  0.763658748980350  0.041206050452886  0.500000000000000  0.478635729097649 
92.0    A  0.660669202829133  0.029769937438873  0.003936147501604  0.000000000000000  0.000000000000000  0.005819052590323  0.017481829703683  0.021507743774855  0.000000000000000  0.049275010878517  0.023535788541153  0.007515058239569  0.024046987815013  0.000000000000000  0.020905118043533  0.059788009880742  0.022971677131079  0.052958277184132  0.000000000000000  0.000000000000000  0.995159721820083  0.005055256462824  0.000000000000000  0.250000000000000  0.750019494642909  0.000000000000000  1.000000000000000  0.040723348417603  0.495514781632040  0.484309094613314 
93.0    L  0.019223302261737  0.014427848605147  0.000000000000000  0.005051753640185  0.014377932041014  0.000000000000000  0.007515058239569  0.108217070689957  0.000000000000000  0.757333157938488  0.032106294980593  0.000000000000000  0.013592927386073  0.000000000000000  0.007164094087536  0.009181846315779  0.000000000000000  0.011662331119507  0.000000000000000  0.000000000000000  1.000000000000000  0.000000000000000  0.000000000000000  0.000000000000000  0.000000000000000  0.000000000000000  1.000000000000000  0.040723348417603  1.000000000000000  0.484309094613314 
94.0    Q  0.000000000000000  0.011751591807724  0.000000000000000  0.013517760790390  0.000000000000000  0.006881791985367  0.045562793088018  0.000000000000000  0.014288517023436  0.006992383366625  0.000000000000000  0.000000000000000  0.001782354469811  0.827596816078205  0.038207508677877  0.010979833595365  0.020053529649420  0.000000000000000  0.002552275886510  0.000000000000000  1.000000000000000  0.000000000000000  0.000000000000000  0.000000000000000  0.000000000000000  0.000000000000000  1.000000000000000  0.040779842115280  1.000000000000000  0.484309094613314 
95.0    E  0.019183370061173  0.009067999331123  0.014248955711246  0.610896550836750  0.017361073885236  0.018529914053296  0.022081775685668  0.000000000000000  0.045279442329840  0.014318260073052  0.002402912782717  0.000000000000000  0.000000000000000  0.016886334406865  0.026387527731993  0.034746223672410  0.054146053525005  0.081164912670618  0.000000000000000  0.013102627881890  0.996540262827868  0.003726404494326  0.000000000000000  1.000000000000000  0.000000000000000  0.136691932185579  0.863339558574412  0.040779842115280  0.500000000000000  0.484309094613314 
96.0    A  0.649319301364942  0.006824788249349  0.000000000000000  0.010591127553125  0.000000000000000  0.005978503007120  0.006886563733650  0.050415109951383  0.000000000000000  0.021642335439233  0.013239569296033  0.000000000000000  0.020731955321831  0.012464769372016  0.009705377201441  0.070121467533155  0.073302184326992  0.048697786228781  0.000000000000000  0.000000000000000  0.996540262827868  0.000000000000000  0.003554839156566  0.000000000000000  0.000000000000000  0.000000000000000  1.000000000000000  0.041320456410705  1.000000000000000  0.486664687079119 
97.0    S  0.377356492130140  0.020731955321831  0.000000000000000  0.000000000000000  0.016839580391307  0.004169239601719  0.011849746448238  0.004086269296065  0.005843303743603  0.011605882192663  0.000000000000000  0.006053561960619  0.011469926844016  0.006891338790603  0.013583508751407  0.308426792452374  0.124050546835727  0.076946525834057  0.000000000000000  0.000000000000000  1.000000000000000  0.000000000000000  0.000000000000000  0.000000000000000  0.000000000000000  0.000000000000000  1.000000000000000  0.041377778449856  1.000000000000000  0.481964903870322 
98.0    E  0.011702819800189  0.000000000000000  0.000000000000000  0.880869374126979  0.000000000000000  0.003005873476877  0.000000000000000  0.000000000000000  0.019357010902874  0.000000000000000  0.002682883268417  0.014043048853297  0.008771261109950  0.008132981231907  0.045594385757505  0.005659930291230  0.000000000000000  0.000000000000000  0.000000000000000  0.000000000000000  0.992404374685819  0.000000000000000  0.007619964543185  0.000000000000000  0.000000000000000  0.072192861534599  0.927873476471283  0.041263213781719  1.000000000000000  0.481964903870322 
99.0    A  0.487002134271620  0.018376425785796  0.089871033302935  0.020474896935287  0.036196650193583  0.008229383093397  0.010911551034902  0.014248955711246  0.011874412940637  0.032986053676186  0.053772039413215  0.007758535120602  0.042926132294676  0.009220112057314  0.000000000000000  0.074531804520664  0.030018589498546  0.032173127607312  0.000000000000000  0.019518689463334  0.976031760776225  0.015345931175990  0.008728805766189  1.000000000000000  0.000000000000000  0.146401272652351  0.853817714391245  0.041868237575870  0.490389501994276  0.477972658796871 
100.0    Y  0.000000000000000  0.015134659206666  0.001095647930206  0.012638771068152  0.186468003336433  0.000000000000000  0.040302132832996  0.046552420722584  0.000000000000000  0.022204563174709  0.039830019603727  0.013012121420009  0.026006210459735  0.005679580145782  0.011923900070004  0.000000000000000  0.063901783163120  0.020992241026895  0.004154815128489  0.490049707670935  1.000000000000000  0.000000000000000  0.000000000000000  0.000000000000000  0.000000000000000  0.466516495768404  0.533662669019980  0.041955390711883  1.000000000000000  0.471065636952404 
101.0    L  0.007866840234818  0.000000000000000  0.000000000000000  0.000000000000000  0.001889211581277  0.000000000000000  0.000000000000000  0.077804639711386  0.005727018582770  0.724973416439426  0.053400608805608  0.000000000000000  0.010145614083827  0.000000000000000  0.016596237288990  0.006381007743047  0.016561762240583  0.043888902366812  0.035036439938391  0.000000000000000  0.992404374685819  0.000000000000000  0.007646419143730  0.000000000000000  0.000000000000000  0.000000000000000  1.000000000000000  0.041377778449856  1.000000000000000  0.485653747770817 
102.0    V  0.034818551588104  0.029708096913432  0.000000000000000  0.000000000000000  0.009936820365184  0.007710285514733  0.003501041795193  0.077643017611527  0.000000000000000  0.018517074545962  0.003510762213324  0.003479269142995  0.003705798106017  0.003852471501927  0.011605882192663  0.020905118043533  0.138312169136534  0.619853849969493  0.008566965535843  0.004212814186306  0.987600861445373  0.008949358577967  0.003723822442532  1.000000000000000  0.000000000000000  0.393926943024673  0.606256409530869  0.041926319527571  0.495858365369147  0.475659138165900 
103.0    G  0.034866853822655  0.022624033943431  0.043555538708983  0.050450067156548  0.000000000000000  0.252437824399171  0.079054971397121  0.022436632978491  0.036121459579837  0.013592927386073  0.003262062185267  0.031012636708932  0.000000000000000  0.115342811581725  0.053883971563600  0.127538082406057  0.085555238318240  0.013405789537948  0.014874654820274  0.000000000000000  0.994470168673214  0.000000000000000  0.005847355417159  0.500000000000000  0.500000000000000  0.334713814244611  0.665264520540343  0.041579032533771  0.496202187342909  0.483303048532487 
104.0    L  0.000000000000000  0.008590751166520  0.000000000000000  0.026332713421973  0.048866852695537  0.000000000000000  0.011117683290895  0.036171569280941  0.000000000000000  0.675018992561373  0.056641371141708  0.000000000000000  0.002203480737220  0.007823337935245  0.052048485680034  0.006271385849343  0.010145614083827  0.043224707156593  0.008875228631146  0.006483551449922  0.983502074026248  0.000000000000000  0.016435965300061  0.000000000000000  0.000000000000000  0.259714775824416  0.740206649000025  0.041550222130679  1.000000000000000  0.485317234884773 
105.0    F  0.000000000000000  0.000000000000000  0.000000000000000  0.000000000000000  0.712518807074392  0.000000000000000  0.000000000000000  0.000000000000000  0.013859317268002  0.154748786354681  0.063548417080747  0.000000000000000  0.011915637916065  0.000000000000000  0.012404436420807  0.018620040227719  0.000000000000000  0.000000000000000  0.000000000000000  0.012284645189693  0.995159721820083  0.004872912390289  0.000000000000000  0.500000000000000  0.500000000000000  0.144385723069198  0.855595025682602  0.042659178683911  0.496202187342909  0.477641468191219 
106.0    E  0.039281667953807  0.010701820155981  0.008361630456458  0.635956503371787  0.000000000000000  0.046359216682535  0.001369628174455  0.000000000000000  0.107172004579271  0.002686605113554  0.002472180847598  0.002989251503560  0.001500854669227  0.049036506118547  0.017824433060444  0.047794883683837  0.018801609781242  0.003914381269842  0.003944341006237  0.000000000000000  0.997231251352069  0.001429771187447  0.001206463512819  0.250000000000000  0.750019494642909  0.784040454075739  0.216134307826966  0.042747978246953  0.500000000000000  0.480963727332387 
107.0    D  0.026998068356259  0.038473262917029  0.576343173399432  0.026737344552581  0.000000000000000  0.016435965300061  0.039609766313576  0.018723578458428  0.036498981081660  0.043919334381460  0.019763742849280  0.025277542136304  0.000000000000000  0.010517969291225  0.018350968300213  0.011990203875007  0.013129902378645  0.012895397008010  0.000000000000000  0.064435519924674  0.995159721820083  0.000000000000000  0.004954653903617  0.000000000000000  0.000000000000000  0.000000000000000  1.000000000000000  0.043194756454018  1.000000000000000  0.494485458190466 
108.0    T  0.301034345307854  0.033984012214215  0.031973045929201  0.000000000000000  0.003275656970472  0.025862400502444  0.000000000000000  0.017325010056298  0.027584468634083  0.012199788946990  0.002424663069387  0.019011286853657  0.008746975692611  0.011981895778696  0.003484095778985  0.171347850622463  0.318861097919636  0.010903990344704  0.000000000000000  0.000000000000000  1.000000000000000  0.000000000000000  0.000000000000000  0.000000000000000  0.000000000000000  0.000000000000000  1.000000000000000  0.042926132294676  1.000000000000000  0.490049707670935 
109.0    N  0.013057296233154  0.000000000000000  0.006398724202030  0.002015006209573  0.003690418128895  0.028359973603661  0.008195229121679  0.027489033622576  0.007406460665068  0.034125642054552  0.032735503971869  0.458819941155683  0.028996046139728  0.056680645558321  0.007577827424545  0.057511728164055  0.026405824512891  0.075572229739585  0.000000000000000  0.125086673432823  0.989656656415207  0.002335585540578  0.007927051145163  0.142892291926755  0.857376036634172  0.000000000000000  1.000000000000000  0.042926132294676  0.498961359499525  0.490049707670935 
110.0    L  0.037473122305972  0.008771261109950  0.000000000000000  0.015229369232680  0.003192716126907  0.000000000000000  0.010888884677246  0.042600081477578  0.066430979647410  0.615572206672458  0.046102858033839  0.007790869151188  0.025400487562010  0.011351289449776  0.034746223672410  0.017603425445270  0.031995215638389  0.010709240663904  0.002649617827046  0.011638105180646  0.949342120950519  0.044997853703584  0.005455775517451  0.147521792917025  0.852634891767957  0.469110598250336  0.531079593247686  0.043434944370073  0.460412848602520  0.484309094613314 
111.0    C  0.062413416631314  0.523405140987288  0.003101109105202  0.000000000000000  0.014608987464866  0.027489033622576  0.000000000000000  0.037525107108913  0.000000000000000  0.149996422796652  0.022577037467555  0.003079688179907  0.000000000000000  0.000000000000000  0.022343515411901  0.017265070074999  0.051724801004888  0.047596523115727  0.000000000000000  0.016933218231950  0.993781093322555  0.000000000000000  0.006011746953753  0.000000000000000  0.000000000000000  0.371388230165207  0.628506687260914  0.043254678626609  1.000000000000000  0.486327473706143 
112.0    A  0.568802613936252  0.031467360939272  0.000000000000000  0.000000000000000  0.003723822442532  0.001595251935762  0.012242143546083  0.040190546357206  0.009551877169469  0.000000000000000  0.061044283060139  0.000000000000000  0.012913286221160  0.000000000000000  0.000000000000000  0.104893704638318  0.126920762608679  0.026644840367749  0.000000000000000  0.000000000000000  0.966606097064973  0.033562639738129  0.000000000000000  0.270368690870904  0.729510172120088  0.101601950248040  0.898132372883934  0.043134917293645  0.470413053756894  0.488015880388112 
113.0    I  0.049104532291724  0.002925704950047  0.010979833595365  0.002901470548166  0.010380357922629  0.000000000000000  0.015549370653439  0.400257405328151  0.030522141530070  0.176043028364010  0.022718320583130  0.025862400502444  0.023814762974059  0.027204705103004  0.032396909406866  0.024416496255385  0.070121467533155  0.040079268836320  0.000000000000000  0.034866853822655  1.000000000000000  0.000000000000000  0.000000000000000  0.000000000000000  0.000000000000000  0.000000000000000  1.000000000000000  0.044255482444204  1.000000000000000  0.489370825198718 
114.0    H  0.013621222492767  0.000000000000000  0.001908956575021  0.008161216897377  0.016220926102235  0.011670417633690  0.787307976569203  0.000000000000000  0.003930694623038  0.007401328676557  0.006910472151028  0.009086875324593  0.008269409334962  0.011882646509695  0.035599480538191  0.022671128247409  0.009834040418007  0.007427024228358  0.000000000000000  0.038022573707315  1.000000000000000  0.000000000000000  0.000000000000000  0.000000000000000  0.000000000000000  0.000000000000000  1.000000000000000  0.044255482444204  1.000000000000000  0.489370825198718 
115.0    A  0.593779833036705  0.039200068891281  0.007427024228358  0.011670417633690  0.000000000000000  0.082070070339009  0.040808118346529  0.003107564389668  0.000000000000000  0.007583081795075  0.003958034766246  0.003056296022408  0.017591227908387  0.015997607819194  0.071347169195423  0.045689295262501  0.032735503971869  0.009992074853730  0.000000000000000  0.013773127467300  1.000000000000000  0.000000000000000  0.000000000000000  0.000000000000000  0.000000000000000  0.000000000000000  1.000000000000000  0.044224817510208  1.000000000000000  0.489370825198718 
116.0    K  0.016390458243359  0.000000000000000  0.024247839196089  0.003537632746163  0.000000000000000  0.086569341756933  0.024981432198515  0.004074955443476  0.562919293068381  0.000000000000000  0.000000000000000  0.058153103606438  0.010187896369208  0.025347723611783  0.096121301954392  0.077966598244628  0.009538644630228  0.000000000000000  0.000000000000000  0.000000000000000  0.994470168673214  0.000000000000000  0.005778857458003  0.000000000000000  0.000000000000000  0.000000000000000  1.000000000000000  0.045279442329840  1.000000000000000  0.489370825198718 
117.0    R  0.021507743774855  0.061939347704005  0.000000000000000  0.016886334406865  0.000000000000000  0.006180760165511  0.037111239564794  0.019343598294335  0.013583508751407  0.005782864445313  0.000000000000000  0.000000000000000  0.006219438271709  0.005636440183053  0.777007268784049  0.019090517213648  0.000000000000000  0.000000000000000  0.000000000000000  0.009446528717448  0.982820598545251  0.017493951385222  0.000000000000000  0.459138081150462  0.540737381741809  0.255253031426798  0.744838731561351  0.044286168640882  0.483303048532487  0.484980955170867 
118.0    V  0.045405157799105  0.004413075056915  0.014043048853297  0.038154578520910  0.000000000000000  0.000000000000000  0.013480333508479  0.083388948104861  0.027469986278493  0.028478165019911  0.006108356586942  0.000000000000000  0.000000000000000  0.007478683267151  0.000000000000000  0.021944451183406  0.015527829583165  0.693996359507796  0.000000000000000  0.000000000000000  0.997922718999051  0.000000000000000  0.002135811440400  0.000000000000000  0.000000000000000  0.341273429471292  0.658839975867070  0.044501568612408  1.000000000000000  0.489370825198718 
119.0    T  0.000000000000000  0.000000000000000  0.010380357922629  0.005815020527994  0.000000000000000  0.000000000000000  0.023732370153352  0.037786114869793  0.015441963304699  0.012568880795967  0.018123432101647  0.015843116871719  0.021433332634228  0.000000000000000  0.033655824256033  0.003161883658388  0.799960128332753  0.002215733369016  0.000000000000000  0.000000000000000  0.990342871933025  0.009479324689443  0.000000000000000  1.000000000000000  0.000000000000000  0.185822873053877  0.813943185070435  0.045279442329840  0.497235084336607  0.492092011016900 
120.0    I  0.000000000000000  0.000000000000000  0.000000000000000  0.000000000000000  0.005551140793677  0.000000000000000  0.018607138271328  0.420739741142690  0.010380357922629  0.379717922453632  0.005262631159632  0.013470992890900  0.000000000000000  0.000000000000000  0.000000000000000  0.018775563273857  0.005928981456930  0.121666171769780  0.000000000000000  0.000000000000000  1.000000000000000  0.000000000000000  0.000000000000000  0.000000000000000  0.000000000000000  0.000000000000000  1.000000000000000  0.045436641166260  1.000000000000000  0.494142825750366 
121.0    M  0.016980232226970  0.022421086478230  0.012806321994336  0.050485048600601  0.051976381148432  0.000000000000000  0.007657026682358  0.023831275832129  0.048394939240826  0.021021362633154  0.432268615653933  0.042747978246953  0.000000000000000  0.072443496994028  0.023864335905636  0.011079219028746  0.137833645383614  0.005048253244678  0.000000000000000  0.019011286853657  1.000000000000000  0.000000000000000  0.000000000000000  0.000000000000000  0.000000000000000  0.751580739032781  0.248273123859259  0.045436641166260  1.000000000000000  0.494142825750366 
122.0    P  0.076627178753322  0.000000000000000  0.020503300852999  0.017122058850745  0.000000000000000  0.012361520331023  0.006564951189323  0.018186352100033  0.051189793616239  0.044842172956459  0.000000000000000  0.002417949786792  0.400257405328151  0.076680311078363  0.036982844429768  0.048160694272400  0.042042725266307  0.146097156070156  0.000000000000000  0.000000000000000  0.993092495437036  0.006953716666035  0.000000000000000  0.070316155293051  0.929804942613162  1.000000000000000  0.000000000000000  0.045405157799105  0.495171435966512  0.500000000000000 
123.0    K  0.006219438271709  0.000000000000000  0.027950153180706  0.027091798859834  0.000000000000000  0.024740183308477  0.001590835084122  0.000000000000000  0.557096825409666  0.000000000000000  0.000000000000000  0.024843289092155  0.011461979251307  0.016584737639841  0.234230361718106  0.018958649378886  0.036524289017539  0.012859692894980  0.000000000000000  0.000000000000000  1.000000000000000  0.000000000000000  0.000000000000000  0.000000000000000  0.000000000000000  0.000000000000000  0.000000000000000  0.045310838527464  1.000000000000000  1.000000000000000 
124.0    D  0.000000000000000  0.000000000000000  0.861546159712017  0.008692579067069  0.000000000000000  0.000000000000000  0.025102937398657  0.000000000000000  0.008986655416802  0.000000000000000  0.000000000000000  0.032554482156507  0.000000000000000  0.000000000000000  0.005154327776457  0.024586326417299  0.033423346496414  0.000000000000000  0.000000000000000  0.000000000000000  0.985549336939371  0.000000000000000  0.014170161389580  0.000000000000000  0.000000000000000  0.000000000000000  0.000000000000000  0.045310838527464  1.000000000000000  1.000000000000000 
125.0    I  0.004832548744872  0.000000000000000  0.000000000000000  0.000000000000000  0.053697547184199  0.000000000000000  0.000000000000000  0.401090583176243  0.012603777487846  0.082297932628703  0.285784583853509  0.000000000000000  0.000000000000000  0.000000000000000  0.000000000000000  0.025683755852964  0.055168937268166  0.076097876166437  0.002948097594767  0.000000000000000  0.994470168673214  0.005624731712948  0.000000000000000  0.126306430810845  0.873572895916694  0.835666958921854  0.164367845025634  0.046102858033839  0.478967609111348  0.492774668469685 
126.0    Q  0.083852639055141  0.006900898839699  0.015292838287460  0.061767853218796  0.005966083976409  0.000000000000000  0.031336763621909  0.014957366534302  0.125607977552973  0.031554728049896  0.005197379066721  0.020081349022959  0.008121714337307  0.495171435966512  0.049309177553279  0.023732370153352  0.000000000000000  0.010068551800664  0.003405305623192  0.007530701622974  1.000000000000000  0.000000000000000  0.000000000000000  0.500000000000000  0.500000000000000  1.000000000000000  0.000000000000000  0.045499673406221  0.500000000000000  0.500000000000000 
127.0    L  0.044873265956982  0.000000000000000  0.008367428306183  0.006108356586942  0.033100572958871  0.000000000000000  0.000000000000000  0.013443009853304  0.000000000000000  0.837987134667949  0.005150756306611  0.000000000000000  0.000000000000000  0.000000000000000  0.000000000000000  0.015766431778823  0.014091802787223  0.008832270055661  0.012301687133894  0.000000000000000  0.996540262827868  0.003765350811487  0.000000000000000  0.446273485736488  0.554016173932463  0.000000000000000  0.000000000000000  0.046070913040347  0.497579860910041  1.000000000000000 
128.0    A  0.543367431263029  0.006730829372750  0.006108356586942  0.005613047564625  0.000000000000000  0.000000000000000  0.009585038884795  0.053623158151793  0.000000000000000  0.030143693268254  0.078836088051953  0.000000000000000  0.005585878852975  0.000000000000000  0.000000000000000  0.008076802626937  0.029299096764285  0.186468003336433  0.016075417310837  0.020305297850866  0.997922718999051  0.001924901048710  0.000000000000000  0.199990032083188  0.799960128332753  0.000000000000000  1.000000000000000  0.045975210807992  0.500000000000000  0.500000000000000 
129.0    R  0.091886708524315  0.014823192424070  0.007960087473568  0.003718663705068  0.022097086912080  0.009854511006494  0.023340835267380  0.018568486016515  0.047300524780299  0.119079749755492  0.069492447344819  0.003579565018263  0.010173782731008  0.043797732783773  0.437695664847132  0.027584468634083  0.025400487562010  0.014680042956469  0.000000000000000  0.008899870134548  0.997922718999051  0.001999700977399  0.000000000000000  1.000000000000000  0.000000000000000  0.000000000000000  1.000000000000000  0.046487930076078  0.500000000000000  0.500000000000000 
130.0    R  0.009118422670457  0.020404059173264  0.004961527275542  0.011312016971715  0.042452696392155  0.045029054651185  0.042600081477578  0.007720981652349  0.059995578814932  0.026589491547079  0.013696964395563  0.063592480756418  0.001930245413087  0.012395841299862  0.559806444327120  0.010510681316577  0.019383864026803  0.002022001804378  0.000000000000000  0.046681670534761  0.992404374685819  0.000000000000000  0.007916069532493  0.000000000000000  0.000000000000000  1.000000000000000  0.000000000000000  0.048127323389754  1.000000000000000  0.500000000000000 
131.0    I  0.007006938747359  0.009499056899868  0.000000000000000  0.000000000000000  0.028497911422493  0.000000000000000  0.000000000000000  0.585199320737295  0.013840117485974  0.288371401265006  0.027469986278493  0.000000000000000  0.000000000000000  0.000000000000000  0.000000000000000  0.004716721060494  0.004862789981962  0.014258835758491  0.000000000000000  0.016504462896123  1.000000000000000  0.000000000000000  0.000000000000000  0.000000000000000  0.000000000000000  0.782954296256543  0.217185546287656  0.050171086794747  1.000000000000000  0.495858365369147 
132.0    R  0.032039601184019  0.019846109102169  0.011477879947487  0.000000000000000  0.008746975692611  0.092782723164316  0.040162698045918  0.000000000000000  0.056562903930182  0.035012162943568  0.006982696580912  0.011541703621739  0.000000000000000  0.011849746448238  0.630251695791493  0.025242524300300  0.000000000000000  0.012352954946937  0.005079844322455  0.000000000000000  0.990342871933025  0.003010043392025  0.006587743048829  0.323312232971872  0.676893139526230  0.000000000000000  1.000000000000000  0.061128967090459  0.498961359499525  0.500000000000000 
133.0    G  0.021552514403548  0.000000000000000  0.026042287723726  0.025330159996416  0.000000000000000  0.744322627583270  0.007442484359718  0.000000000000000  0.030122806491895  0.009485897534336  0.000000000000000  0.022955759894974  0.000000000000000  0.024416496255385  0.056838015737546  0.016746460352130  0.003496191683312  0.000000000000000  0.000000000000000  0.011218316489246  0.985549336939371  0.007289320246381  0.007452808988653  0.422200443711891  0.577943353277399  0.774855930959171  0.225156494961982  0.077053270341488  0.496546247718518  0.495858365369147 
134.0    E  0.042305821220389  0.006606033495137  0.087838668762920  0.372936006672866  0.007509851003037  0.008127345832203  0.009150079540772  0.103521332666818  0.033423346496414  0.036549614501623  0.008132981231907  0.032441852204471  0.018010724168732  0.038929294236546  0.128336193215000  0.001783590332055  0.010791206626124  0.038580081465423  0.002087511701584  0.012850782323632  0.993781093322555  0.006492545793700  0.000000000000000  0.608361179317034  0.391748593474670  0.573156092864189  0.426908857195622  0.081164912670618  0.495514781632040  0.494485458190466 
135.0    R  0.000000000000000  0.000000000000000  0.048799155787962  0.034530140149997  0.010903990344704  0.052192994964273  0.093169399174933  0.017725866952124  0.055398856199679  0.046649324478030  0.023115429832013  0.035378090690959  0.022592692102277  0.059457392270737  0.374749900438887  0.035550163371016  0.008936960728155  0.030883926609398  0.040218413978165  0.009604991150426  0.992404374685819  0.007604135735611  0.000000000000000  0.574747424017338  0.425137080032098  1.000000000000000  0.000000000000000  0.096254646779509  0.496546247718518  0.499307333050514 
136.0    A  0.390393246303696  0.000000000000000  0.046649324478030  0.036322315859941  0.050625217102003  0.086809695985319  0.028242272710971  0.060580613558442  0.000000000000000  0.030841142058933  0.018581361171918  0.022860487823505  0.035550163371016  0.028203147733201  0.012387252134536  0.040978187944239  0.055822865772048  0.031598502526603  0.000000000000000  0.023666661185578  1.000000000000000  0.000000000000000  0.000000000000000  1.000000000000000  0.000000000000000  0.000000000000000  0.000000000000000  0.100272645794061  1.000000000000000  1.000000000000000 
