No:  residues  hmm_col_1  hmm_col_2  hmm_col_3  hmm_col_4  hmm_col_5  hmm_col_6  hmm_col_7  hmm_col_8  hmm_col_9  hmm_col_10  hmm_col_11  hmm_col_12  hmm_col_13  hmm_col_14  hmm_col_15  hmm_col_16  hmm_col_17  hmm_col_18  hmm_col_19  hmm_col_20  hmm_col_21   hmm_col_22   hmm_col_23   hmm_col_24   hmm_col_25   hmm_col_26   hmm_col_27   hmm_col_28   hmm_col_29   hmm_col_30   
1.0    M  0.000000000000000  0.000000000000000  0.000000000000000  0.000000000000000  0.000000000000000  0.000000000000000  0.000000000000000  0.000000000000000  0.000000000000000  0.000000000000000  1.000000000000000  0.000000000000000  0.000000000000000  0.000000000000000  0.000000000000000  0.000000000000000  0.000000000000000  0.000000000000000  0.000000000000000  0.000000000000000  1.000000000000000  0.000000000000000  0.000000000000000  0.000000000000000  0.000000000000000  0.000000000000000  0.000000000000000  0.184923438656105  1.000000000000000  1.000000000000000 
2.0    P  0.000000000000000  0.000000000000000  0.000000000000000  0.000000000000000  0.000000000000000  0.000000000000000  0.000000000000000  0.000000000000000  0.000000000000000  0.000000000000000  0.000000000000000  0.000000000000000  1.000000000000000  0.000000000000000  0.000000000000000  0.000000000000000  0.000000000000000  0.000000000000000  0.000000000000000  0.000000000000000  1.000000000000000  0.000000000000000  0.000000000000000  0.000000000000000  0.000000000000000  0.000000000000000  0.000000000000000  0.184923438656105  1.000000000000000  1.000000000000000 
3.0    R  0.000000000000000  0.000000000000000  0.000000000000000  0.000000000000000  0.000000000000000  0.000000000000000  0.000000000000000  0.000000000000000  0.083736475151740  0.000000000000000  0.000000000000000  0.000000000000000  0.000000000000000  0.054522669110672  0.861546159712017  0.000000000000000  0.000000000000000  0.000000000000000  0.000000000000000  0.000000000000000  1.000000000000000  0.000000000000000  0.000000000000000  0.000000000000000  0.000000000000000  0.000000000000000  0.000000000000000  0.184923438656105  1.000000000000000  1.000000000000000 
4.0    E  0.000000000000000  0.000000000000000  0.000000000000000  0.433468781757343  0.000000000000000  0.252788020212826  0.000000000000000  0.000000000000000  0.128247268167143  0.000000000000000  0.000000000000000  0.000000000000000  0.108292107050011  0.000000000000000  0.077160162930846  0.000000000000000  0.000000000000000  0.000000000000000  0.000000000000000  0.000000000000000  1.000000000000000  0.000000000000000  0.000000000000000  0.000000000000000  0.000000000000000  0.000000000000000  0.000000000000000  0.184923438656105  1.000000000000000  1.000000000000000 
5.0    D  0.000000000000000  0.000000000000000  0.434371092575312  0.411795508633787  0.000000000000000  0.000000000000000  0.076574083244042  0.000000000000000  0.000000000000000  0.000000000000000  0.000000000000000  0.000000000000000  0.000000000000000  0.000000000000000  0.000000000000000  0.077160162930846  0.000000000000000  0.000000000000000  0.000000000000000  0.000000000000000  1.000000000000000  0.000000000000000  0.000000000000000  0.000000000000000  0.000000000000000  0.000000000000000  0.000000000000000  0.184923438656105  1.000000000000000  1.000000000000000 
6.0    A  0.328507906787343  0.000000000000000  0.000000000000000  0.000000000000000  0.092525831125003  0.000000000000000  0.160873655912659  0.054522669110672  0.000000000000000  0.000000000000000  0.000000000000000  0.076574083244042  0.000000000000000  0.000000000000000  0.000000000000000  0.108292107050011  0.051260806949795  0.051581588032041  0.000000000000000  0.075887180274690  1.000000000000000  0.000000000000000  0.000000000000000  0.000000000000000  0.000000000000000  0.000000000000000  0.000000000000000  0.184923438656105  1.000000000000000  1.000000000000000 
7.0    H  0.184155960727060  0.000000000000000  0.000000000000000  0.000000000000000  0.000000000000000  0.000000000000000  0.467811748915700  0.000000000000000  0.000000000000000  0.000000000000000  0.000000000000000  0.092525831125003  0.051260806949795  0.000000000000000  0.000000000000000  0.000000000000000  0.000000000000000  0.000000000000000  0.000000000000000  0.204333832122071  1.000000000000000  0.000000000000000  0.000000000000000  0.000000000000000  0.000000000000000  0.000000000000000  0.000000000000000  0.184923438656105  1.000000000000000  1.000000000000000 
8.0    F  0.000000000000000  0.000000000000000  0.000000000000000  0.077160162930846  0.485990493990676  0.000000000000000  0.000000000000000  0.092525831125003  0.000000000000000  0.160317075345281  0.000000000000000  0.000000000000000  0.000000000000000  0.000000000000000  0.108292107050011  0.075887180274690  0.000000000000000  0.000000000000000  0.000000000000000  0.000000000000000  0.801625329399394  0.000000000000000  0.198608600024026  0.000000000000000  0.000000000000000  0.000000000000000  0.000000000000000  0.184923438656105  1.000000000000000  1.000000000000000 
9.0    I  0.085200162955157  0.000000000000000  0.291587342447117  0.000000000000000  0.123707082051901  0.000000000000000  0.000000000000000  0.245364765963370  0.000000000000000  0.000000000000000  0.000000000000000  0.000000000000000  0.000000000000000  0.000000000000000  0.000000000000000  0.000000000000000  0.187245116803023  0.067078767899591  0.000000000000000  0.000000000000000  0.708578698254108  0.000000000000000  0.291587342447117  0.000000000000000  0.000000000000000  0.000000000000000  1.000000000000000  0.209787409276635  1.000000000000000  0.447202450891303 
10.0    Y  0.000000000000000  0.000000000000000  0.000000000000000  0.000000000000000  0.000000000000000  0.000000000000000  0.000000000000000  0.000000000000000  0.000000000000000  0.366021423986406  0.000000000000000  0.000000000000000  0.000000000000000  0.000000000000000  0.000000000000000  0.089188406607367  0.000000000000000  0.000000000000000  0.000000000000000  0.544876056106664  1.000000000000000  0.000000000000000  0.000000000000000  0.000000000000000  0.000000000000000  0.782954296256543  0.216884671788017  0.272060610417701  1.000000000000000  0.366021423986406 
11.0    G  0.000000000000000  0.000000000000000  0.055900306361413  0.000000000000000  0.000000000000000  0.776468875001040  0.000000000000000  0.000000000000000  0.000000000000000  0.000000000000000  0.000000000000000  0.000000000000000  0.000000000000000  0.000000000000000  0.000000000000000  0.167821562847533  0.000000000000000  0.000000000000000  0.000000000000000  0.000000000000000  1.000000000000000  0.000000000000000  0.000000000000000  0.000000000000000  0.000000000000000  0.000000000000000  1.000000000000000  0.201800268626191  1.000000000000000  0.489710148793463 
12.0    Y  0.121329308721193  0.000000000000000  0.000000000000000  0.000000000000000  0.000000000000000  0.000000000000000  0.051367511705928  0.000000000000000  0.000000000000000  0.000000000000000  0.000000000000000  0.170636714735646  0.000000000000000  0.000000000000000  0.000000000000000  0.199574596589162  0.082755556899712  0.000000000000000  0.000000000000000  0.374490233606046  1.000000000000000  0.000000000000000  0.000000000000000  1.000000000000000  0.000000000000000  0.000000000000000  1.000000000000000  0.201800268626191  0.489710148793463  0.489710148793463 
13.0    P  0.000000000000000  0.000000000000000  0.000000000000000  0.000000000000000  0.180741536818218  0.000000000000000  0.000000000000000  0.000000000000000  0.000000000000000  0.000000000000000  0.000000000000000  0.000000000000000  0.473685035299634  0.000000000000000  0.000000000000000  0.056641371141708  0.000000000000000  0.000000000000000  0.000000000000000  0.289172045976322  0.878430468238362  0.121329308721193  0.000000000000000  0.333324669272800  0.666649338545599  1.000000000000000  0.000000000000000  0.201800268626191  0.486664687079119  0.489710148793463 
14.0    K  0.000000000000000  0.263888429409492  0.000000000000000  0.000000000000000  0.132677901118724  0.123707082051901  0.000000000000000  0.000000000000000  0.179742066605870  0.000000000000000  0.108894274017782  0.000000000000000  0.000000000000000  0.000000000000000  0.134250558952516  0.000000000000000  0.000000000000000  0.056759276107594  0.000000000000000  0.000000000000000  1.000000000000000  0.000000000000000  0.000000000000000  0.000000000000000  0.000000000000000  0.000000000000000  0.000000000000000  0.124222636665319  1.000000000000000  1.000000000000000 
15.0    K  0.071396640428034  0.000000000000000  0.000000000000000  0.000000000000000  0.000000000000000  0.000000000000000  0.000000000000000  0.000000000000000  0.318419368831625  0.000000000000000  0.027035521580781  0.073965688859536  0.000000000000000  0.000000000000000  0.151249261152412  0.099856489556144  0.258099633870810  0.000000000000000  0.000000000000000  0.000000000000000  0.922742492653798  0.077481731246187  0.000000000000000  0.142892291926755  0.857376036634172  0.000000000000000  0.000000000000000  0.109272327551297  0.497924876547229  1.000000000000000 
16.0    G  0.000000000000000  0.000000000000000  0.094929480613408  0.199712979112287  0.000000000000000  0.597909898388062  0.000000000000000  0.000000000000000  0.000000000000000  0.000000000000000  0.000000000000000  0.000000000000000  0.000000000000000  0.000000000000000  0.032150834621674  0.075154328056136  0.000000000000000  0.000000000000000  0.000000000000000  0.000000000000000  1.000000000000000  0.000000000000000  0.000000000000000  0.000000000000000  0.000000000000000  1.000000000000000  0.000000000000000  0.115262889739079  1.000000000000000  0.497924876547229 
17.0    H  0.000000000000000  0.000000000000000  0.000000000000000  0.000000000000000  0.000000000000000  0.000000000000000  0.284795844305529  0.000000000000000  0.225156494961982  0.000000000000000  0.000000000000000  0.171229122495696  0.000000000000000  0.000000000000000  0.000000000000000  0.258099633870810  0.000000000000000  0.000000000000000  0.000000000000000  0.060664654360597  1.000000000000000  0.000000000000000  0.000000000000000  0.000000000000000  0.000000000000000  0.000000000000000  0.000000000000000  0.109272327551297  1.000000000000000  1.000000000000000 
18.0    G  0.060664654360597  0.000000000000000  0.000000000000000  0.000000000000000  0.000000000000000  0.395568650592725  0.000000000000000  0.000000000000000  0.000000000000000  0.000000000000000  0.000000000000000  0.055706905993561  0.000000000000000  0.000000000000000  0.154213396226187  0.333787075823977  0.000000000000000  0.000000000000000  0.000000000000000  0.000000000000000  1.000000000000000  0.000000000000000  0.000000000000000  0.000000000000000  0.000000000000000  0.000000000000000  0.000000000000000  0.109272327551297  1.000000000000000  1.000000000000000 
19.0    H  0.000000000000000  0.000000000000000  0.000000000000000  0.000000000000000  0.048765342510856  0.099856489556144  0.295043585834050  0.000000000000000  0.000000000000000  0.000000000000000  0.000000000000000  0.000000000000000  0.000000000000000  0.000000000000000  0.110337874536332  0.232935107326193  0.000000000000000  0.000000000000000  0.000000000000000  0.213011023768717  0.925946022527324  0.000000000000000  0.073965688859536  0.000000000000000  0.000000000000000  0.000000000000000  0.000000000000000  0.109272327551297  1.000000000000000  1.000000000000000 
20.0    S  0.109196611989587  0.000000000000000  0.095722374818399  0.000000000000000  0.000000000000000  0.074583483939483  0.000000000000000  0.000000000000000  0.000000000000000  0.000000000000000  0.000000000000000  0.000000000000000  0.000000000000000  0.000000000000000  0.064838746035351  0.498615625676035  0.102166916061035  0.054901904264898  0.000000000000000  0.000000000000000  1.000000000000000  0.000000000000000  0.000000000000000  0.000000000000000  0.000000000000000  1.000000000000000  0.000000000000000  0.114308136187488  1.000000000000000  0.499653546495226 
21.0    Y  0.000000000000000  0.000000000000000  0.000000000000000  0.000000000000000  0.000000000000000  0.492774668469685  0.058476468614463  0.000000000000000  0.000000000000000  0.000000000000000  0.000000000000000  0.000000000000000  0.000000000000000  0.000000000000000  0.000000000000000  0.048765342510856  0.000000000000000  0.000000000000000  0.000000000000000  0.400257405328151  1.000000000000000  0.000000000000000  0.000000000000000  0.000000000000000  0.000000000000000  0.000000000000000  0.000000000000000  0.109272327551297  1.000000000000000  1.000000000000000 
22.0    T  0.000000000000000  0.000000000000000  0.000000000000000  0.000000000000000  0.102521613899591  0.000000000000000  0.000000000000000  0.200128702664076  0.000000000000000  0.442270217665770  0.000000000000000  0.000000000000000  0.000000000000000  0.000000000000000  0.000000000000000  0.099166730398893  0.026644840367749  0.129408115480172  0.000000000000000  0.000000000000000  1.000000000000000  0.000000000000000  0.000000000000000  0.000000000000000  0.000000000000000  0.000000000000000  0.000000000000000  0.109272327551297  1.000000000000000  1.000000000000000 
23.0    T  0.053178983094159  0.000000000000000  0.000000000000000  0.000000000000000  0.000000000000000  0.000000000000000  0.000000000000000  0.000000000000000  0.000000000000000  0.000000000000000  0.000000000000000  0.000000000000000  0.000000000000000  0.000000000000000  0.071396640428034  0.442270217665770  0.433168428200044  0.000000000000000  0.000000000000000  0.000000000000000  1.000000000000000  0.000000000000000  0.000000000000000  0.000000000000000  0.000000000000000  0.000000000000000  0.000000000000000  0.109272327551297  1.000000000000000  1.000000000000000 
24.0    A  0.514770041716999  0.000000000000000  0.000000000000000  0.000000000000000  0.000000000000000  0.000000000000000  0.000000000000000  0.000000000000000  0.000000000000000  0.000000000000000  0.000000000000000  0.000000000000000  0.000000000000000  0.000000000000000  0.000000000000000  0.173860246463749  0.225468844595562  0.086030975099419  0.000000000000000  0.000000000000000  1.000000000000000  0.000000000000000  0.000000000000000  0.000000000000000  0.000000000000000  0.000000000000000  0.000000000000000  0.109272327551297  1.000000000000000  1.000000000000000 
25.0    E  0.000000000000000  0.000000000000000  0.000000000000000  0.526315577354719  0.000000000000000  0.321524370857651  0.000000000000000  0.000000000000000  0.000000000000000  0.000000000000000  0.000000000000000  0.026941985781800  0.000000000000000  0.000000000000000  0.000000000000000  0.094143154164613  0.000000000000000  0.031098741306878  0.000000000000000  0.000000000000000  1.000000000000000  0.000000000000000  0.000000000000000  0.000000000000000  0.000000000000000  0.000000000000000  0.000000000000000  0.112578247480991  1.000000000000000  1.000000000000000 
26.0    E  0.321524370857651  0.000000000000000  0.000000000000000  0.526315577354719  0.000000000000000  0.000000000000000  0.000000000000000  0.094077921713192  0.000000000000000  0.000000000000000  0.000000000000000  0.000000000000000  0.000000000000000  0.000000000000000  0.026941985781800  0.000000000000000  0.000000000000000  0.000000000000000  0.031098741306878  0.000000000000000  1.000000000000000  0.000000000000000  0.000000000000000  0.000000000000000  0.000000000000000  0.000000000000000  0.000000000000000  0.112578247480991  1.000000000000000  1.000000000000000 
27.0    A  0.528875481809214  0.000000000000000  0.000000000000000  0.000000000000000  0.000000000000000  0.000000000000000  0.000000000000000  0.094143154164613  0.227352062950183  0.000000000000000  0.000000000000000  0.000000000000000  0.000000000000000  0.000000000000000  0.000000000000000  0.000000000000000  0.055437269072009  0.094077921713192  0.000000000000000  0.000000000000000  1.000000000000000  0.000000000000000  0.000000000000000  0.000000000000000  0.000000000000000  0.000000000000000  0.000000000000000  0.112578247480991  1.000000000000000  1.000000000000000 
28.0    A  0.715488260011456  0.000000000000000  0.000000000000000  0.000000000000000  0.000000000000000  0.000000000000000  0.000000000000000  0.000000000000000  0.000000000000000  0.095259051896236  0.000000000000000  0.000000000000000  0.000000000000000  0.000000000000000  0.000000000000000  0.000000000000000  0.000000000000000  0.189202099121197  0.000000000000000  0.000000000000000  1.000000000000000  0.000000000000000  0.000000000000000  0.000000000000000  0.000000000000000  0.000000000000000  0.000000000000000  0.112578247480991  1.000000000000000  1.000000000000000 
29.0    G  0.000000000000000  0.000000000000000  0.000000000000000  0.000000000000000  0.000000000000000  1.000000000000000  0.000000000000000  0.000000000000000  0.000000000000000  0.000000000000000  0.000000000000000  0.000000000000000  0.000000000000000  0.000000000000000  0.000000000000000  0.000000000000000  0.000000000000000  0.000000000000000  0.000000000000000  0.000000000000000  1.000000000000000  0.000000000000000  0.000000000000000  0.000000000000000  0.000000000000000  0.000000000000000  0.000000000000000  0.112578247480991  1.000000000000000  1.000000000000000 
30.0    I  0.000000000000000  0.000000000000000  0.000000000000000  0.000000000000000  0.000000000000000  0.000000000000000  0.000000000000000  0.844986384412514  0.000000000000000  0.031098741306878  0.000000000000000  0.029935475569459  0.000000000000000  0.000000000000000  0.000000000000000  0.094077921713192  0.000000000000000  0.000000000000000  0.000000000000000  0.000000000000000  1.000000000000000  0.000000000000000  0.000000000000000  0.000000000000000  0.000000000000000  0.000000000000000  0.000000000000000  0.112578247480991  1.000000000000000  1.000000000000000 
31.0    G  0.282828615711475  0.000000000000000  0.000000000000000  0.000000000000000  0.000000000000000  0.460732093099352  0.000000000000000  0.094077921713192  0.000000000000000  0.000000000000000  0.000000000000000  0.000000000000000  0.000000000000000  0.000000000000000  0.000000000000000  0.000000000000000  0.000000000000000  0.162329825341235  0.000000000000000  0.000000000000000  0.905633983017823  0.094143154164613  0.000000000000000  0.333324669272800  0.666649338545599  0.000000000000000  0.000000000000000  0.112578247480991  0.484644908467533  1.000000000000000 
32.0    I  0.000000000000000  0.000000000000000  0.000000000000000  0.000000000000000  0.029360085912938  0.000000000000000  0.000000000000000  0.731535610352163  0.000000000000000  0.163345656736647  0.000000000000000  0.000000000000000  0.000000000000000  0.000000000000000  0.000000000000000  0.000000000000000  0.000000000000000  0.075572229739585  0.000000000000000  0.000000000000000  1.000000000000000  0.000000000000000  0.000000000000000  0.000000000000000  0.000000000000000  0.000000000000000  0.000000000000000  0.112578247480991  1.000000000000000  1.000000000000000 
33.0    L  0.249307812838017  0.000000000000000  0.000000000000000  0.000000000000000  0.189464570813800  0.072142838594802  0.000000000000000  0.000000000000000  0.000000000000000  0.489031736723670  0.000000000000000  0.000000000000000  0.000000000000000  0.000000000000000  0.000000000000000  0.000000000000000  0.000000000000000  0.000000000000000  0.000000000000000  0.000000000000000  1.000000000000000  0.000000000000000  0.000000000000000  0.000000000000000  0.000000000000000  0.000000000000000  0.000000000000000  0.112578247480991  1.000000000000000  1.000000000000000 
34.0    T  0.082354996983384  0.000000000000000  0.000000000000000  0.000000000000000  0.000000000000000  0.188286308329227  0.000000000000000  0.171110476636480  0.000000000000000  0.068203992315933  0.029360085912938  0.000000000000000  0.000000000000000  0.000000000000000  0.000000000000000  0.000000000000000  0.128336193215000  0.332401777045429  0.000000000000000  0.000000000000000  1.000000000000000  0.000000000000000  0.000000000000000  0.000000000000000  0.000000000000000  0.000000000000000  0.000000000000000  0.112578247480991  1.000000000000000  1.000000000000000 
35.0    V  0.000000000000000  0.000000000000000  0.000000000000000  0.000000000000000  0.000000000000000  0.000000000000000  0.000000000000000  0.301451956922690  0.000000000000000  0.095259051896236  0.000000000000000  0.000000000000000  0.000000000000000  0.000000000000000  0.000000000000000  0.000000000000000  0.000000000000000  0.603321959860381  0.000000000000000  0.000000000000000  1.000000000000000  0.000000000000000  0.000000000000000  0.000000000000000  0.000000000000000  0.000000000000000  0.000000000000000  0.112578247480991  1.000000000000000  1.000000000000000 
36.0    I  0.027374947345848  0.000000000000000  0.000000000000000  0.000000000000000  0.000000000000000  0.000000000000000  0.000000000000000  0.627201102260497  0.000000000000000  0.094077921713192  0.000000000000000  0.000000000000000  0.000000000000000  0.000000000000000  0.000000000000000  0.000000000000000  0.000000000000000  0.251390145099617  0.000000000000000  0.000000000000000  1.000000000000000  0.000000000000000  0.000000000000000  0.000000000000000  0.000000000000000  0.000000000000000  0.000000000000000  0.112578247480991  1.000000000000000  1.000000000000000 
37.0    L  0.000000000000000  0.000000000000000  0.000000000000000  0.000000000000000  0.000000000000000  0.072142838594802  0.000000000000000  0.149477474597016  0.000000000000000  0.702709350103360  0.000000000000000  0.000000000000000  0.000000000000000  0.000000000000000  0.000000000000000  0.000000000000000  0.000000000000000  0.075572229739585  0.000000000000000  0.000000000000000  1.000000000000000  0.000000000000000  0.000000000000000  0.000000000000000  0.000000000000000  0.000000000000000  0.000000000000000  0.112578247480991  1.000000000000000  1.000000000000000 
38.0    G  0.312949114663499  0.000000000000000  0.000000000000000  0.000000000000000  0.000000000000000  0.319082192207238  0.000000000000000  0.094143154164613  0.000000000000000  0.000000000000000  0.000000000000000  0.000000000000000  0.000000000000000  0.000000000000000  0.000000000000000  0.000000000000000  0.000000000000000  0.273952941611923  0.000000000000000  0.000000000000000  1.000000000000000  0.000000000000000  0.000000000000000  0.000000000000000  0.000000000000000  0.000000000000000  0.000000000000000  0.112578247480991  1.000000000000000  1.000000000000000 
39.0    V  0.114625505400584  0.000000000000000  0.000000000000000  0.000000000000000  0.000000000000000  0.094077921713192  0.000000000000000  0.426613049056034  0.000000000000000  0.232935107326193  0.000000000000000  0.000000000000000  0.000000000000000  0.000000000000000  0.000000000000000  0.028716027608720  0.000000000000000  0.102948877158447  0.000000000000000  0.000000000000000  1.000000000000000  0.000000000000000  0.000000000000000  0.000000000000000  0.000000000000000  0.000000000000000  0.000000000000000  0.112578247480991  1.000000000000000  1.000000000000000 
40.0    L  0.057312752700292  0.000000000000000  0.000000000000000  0.000000000000000  0.000000000000000  0.000000000000000  0.000000000000000  0.028696130071904  0.000000000000000  0.696405740334518  0.000000000000000  0.000000000000000  0.000000000000000  0.000000000000000  0.000000000000000  0.000000000000000  0.094077921713192  0.123621364547616  0.000000000000000  0.000000000000000  1.000000000000000  0.000000000000000  0.000000000000000  0.000000000000000  0.000000000000000  0.000000000000000  0.000000000000000  0.112578247480991  1.000000000000000  1.000000000000000 
41.0    L  0.000000000000000  0.000000000000000  0.000000000000000  0.000000000000000  0.101110168545217  0.000000000000000  0.000000000000000  0.199022024694695  0.000000000000000  0.528142812675929  0.000000000000000  0.000000000000000  0.000000000000000  0.000000000000000  0.000000000000000  0.000000000000000  0.000000000000000  0.171942727267468  0.000000000000000  0.000000000000000  1.000000000000000  0.000000000000000  0.000000000000000  0.000000000000000  0.000000000000000  0.000000000000000  0.000000000000000  0.124222636665319  1.000000000000000  1.000000000000000 
42.0    L  0.041435180009333  0.000000000000000  0.000000000000000  0.000000000000000  0.000000000000000  0.093234001668217  0.000000000000000  0.081899587741148  0.000000000000000  0.610896550836750  0.000000000000000  0.000000000000000  0.000000000000000  0.000000000000000  0.000000000000000  0.000000000000000  0.000000000000000  0.172659306017982  0.000000000000000  0.000000000000000  1.000000000000000  0.000000000000000  0.000000000000000  0.000000000000000  0.000000000000000  0.000000000000000  0.000000000000000  0.124222636665319  1.000000000000000  1.000000000000000 
43.0    I  0.000000000000000  0.000000000000000  0.000000000000000  0.000000000000000  0.264621098718783  0.000000000000000  0.000000000000000  0.468136123717246  0.000000000000000  0.185179974752540  0.000000000000000  0.000000000000000  0.000000000000000  0.000000000000000  0.000000000000000  0.000000000000000  0.000000000000000  0.082070070339009  0.000000000000000  0.000000000000000  1.000000000000000  0.000000000000000  0.000000000000000  0.000000000000000  0.000000000000000  0.000000000000000  0.000000000000000  0.124222636665319  1.000000000000000  1.000000000000000 
44.0    G  0.021914050791288  0.000000000000000  0.000000000000000  0.000000000000000  0.172181255797892  0.457549584063964  0.000000000000000  0.138312169136534  0.000000000000000  0.071545260037418  0.000000000000000  0.000000000000000  0.000000000000000  0.000000000000000  0.000000000000000  0.138696184008481  0.000000000000000  0.000000000000000  0.000000000000000  0.000000000000000  1.000000000000000  0.000000000000000  0.000000000000000  0.000000000000000  0.000000000000000  0.000000000000000  0.000000000000000  0.124222636665319  1.000000000000000  1.000000000000000 
45.0    C  0.000000000000000  0.674083865868528  0.000000000000000  0.000000000000000  0.000000000000000  0.000000000000000  0.000000000000000  0.093234001668217  0.000000000000000  0.078945453865362  0.000000000000000  0.000000000000000  0.000000000000000  0.000000000000000  0.000000000000000  0.000000000000000  0.000000000000000  0.153679858406823  0.000000000000000  0.000000000000000  1.000000000000000  0.000000000000000  0.000000000000000  0.000000000000000  0.000000000000000  0.000000000000000  0.000000000000000  0.124222636665319  1.000000000000000  1.000000000000000 
46.0    W  0.000000000000000  0.000000000000000  0.000000000000000  0.000000000000000  0.000000000000000  0.000000000000000  0.000000000000000  0.000000000000000  0.000000000000000  0.000000000000000  0.000000000000000  0.000000000000000  0.000000000000000  0.000000000000000  0.000000000000000  0.000000000000000  0.000000000000000  0.000000000000000  0.906890328933143  0.093234001668217  1.000000000000000  0.000000000000000  0.000000000000000  0.000000000000000  0.000000000000000  0.000000000000000  0.000000000000000  0.124222636665319  1.000000000000000  1.000000000000000 
47.0    Y  0.000000000000000  0.000000000000000  0.000000000000000  0.000000000000000  0.043949787497285  0.000000000000000  0.000000000000000  0.000000000000000  0.000000000000000  0.288771446138396  0.082070070339009  0.000000000000000  0.000000000000000  0.000000000000000  0.000000000000000  0.000000000000000  0.000000000000000  0.000000000000000  0.000000000000000  0.585199320737295  1.000000000000000  0.000000000000000  0.000000000000000  0.000000000000000  0.000000000000000  0.000000000000000  0.000000000000000  0.124222636665319  1.000000000000000  1.000000000000000 
48.0    C  0.000000000000000  0.578745108495061  0.000000000000000  0.000000000000000  0.056250120612095  0.000000000000000  0.000000000000000  0.000000000000000  0.000000000000000  0.078945453865362  0.082070070339009  0.000000000000000  0.000000000000000  0.000000000000000  0.000000000000000  0.000000000000000  0.000000000000000  0.000000000000000  0.000000000000000  0.203909373334752  1.000000000000000  0.000000000000000  0.000000000000000  0.000000000000000  0.000000000000000  0.000000000000000  0.000000000000000  0.124222636665319  1.000000000000000  1.000000000000000 
49.0    R  0.000000000000000  0.000000000000000  0.000000000000000  0.000000000000000  0.000000000000000  0.037943590137345  0.000000000000000  0.150517172653927  0.349896466398799  0.000000000000000  0.000000000000000  0.000000000000000  0.000000000000000  0.000000000000000  0.379717922453632  0.000000000000000  0.000000000000000  0.000000000000000  0.000000000000000  0.082070070339009  0.868742185150623  0.131214585452883  0.000000000000000  0.647970482716667  0.351842093831349  0.000000000000000  0.000000000000000  0.124222636665319  0.434070113800521  1.000000000000000 
50.0    R  0.000000000000000  0.000000000000000  0.000000000000000  0.000000000000000  0.000000000000000  0.000000000000000  0.000000000000000  0.000000000000000  0.273573425315185  0.000000000000000  0.000000000000000  0.000000000000000  0.000000000000000  0.000000000000000  0.726482524785685  0.000000000000000  0.000000000000000  0.000000000000000  0.000000000000000  0.000000000000000  1.000000000000000  0.000000000000000  0.000000000000000  0.000000000000000  0.000000000000000  0.000000000000000  0.000000000000000  0.124222636665319  1.000000000000000  1.000000000000000 
51.0    R  0.000000000000000  0.000000000000000  0.000000000000000  0.000000000000000  0.000000000000000  0.000000000000000  0.000000000000000  0.000000000000000  0.082070070339009  0.000000000000000  0.000000000000000  0.000000000000000  0.000000000000000  0.000000000000000  0.824733548610081  0.000000000000000  0.000000000000000  0.000000000000000  0.000000000000000  0.093234001668217  1.000000000000000  0.000000000000000  0.000000000000000  0.000000000000000  0.000000000000000  0.000000000000000  0.000000000000000  0.124222636665319  1.000000000000000  1.000000000000000 
52.0    N  0.000000000000000  0.000000000000000  0.000000000000000  0.000000000000000  0.000000000000000  0.000000000000000  0.000000000000000  0.000000000000000  0.000000000000000  0.000000000000000  0.000000000000000  0.127626515713399  0.000000000000000  0.191577495025973  0.213454428597811  0.467487598875728  0.000000000000000  0.000000000000000  0.000000000000000  0.000000000000000  1.000000000000000  0.000000000000000  0.000000000000000  0.000000000000000  0.000000000000000  0.000000000000000  0.000000000000000  0.124222636665319  1.000000000000000  1.000000000000000 
53.0    G  0.000000000000000  0.000000000000000  0.000000000000000  0.028775803037658  0.000000000000000  0.544876056106664  0.000000000000000  0.000000000000000  0.150517172653927  0.000000000000000  0.000000000000000  0.000000000000000  0.000000000000000  0.000000000000000  0.275667290767228  0.000000000000000  0.000000000000000  0.000000000000000  0.000000000000000  0.000000000000000  1.000000000000000  0.000000000000000  0.000000000000000  0.000000000000000  0.000000000000000  0.000000000000000  0.000000000000000  0.124222636665319  1.000000000000000  1.000000000000000 
54.0    Y  0.000000000000000  0.000000000000000  0.000000000000000  0.000000000000000  0.000000000000000  0.000000000000000  0.000000000000000  0.000000000000000  0.082070070339009  0.000000000000000  0.000000000000000  0.000000000000000  0.000000000000000  0.000000000000000  0.150517172653927  0.100342173589494  0.000000000000000  0.000000000000000  0.000000000000000  0.667111584838885  1.000000000000000  0.000000000000000  0.000000000000000  0.000000000000000  0.000000000000000  0.000000000000000  0.000000000000000  0.124222636665319  1.000000000000000  1.000000000000000 
55.0    R  0.000000000000000  0.000000000000000  0.000000000000000  0.000000000000000  0.000000000000000  0.000000000000000  0.000000000000000  0.000000000000000  0.277777182163773  0.000000000000000  0.000000000000000  0.000000000000000  0.000000000000000  0.344123900397674  0.340092713101489  0.000000000000000  0.000000000000000  0.037943590137345  0.000000000000000  0.000000000000000  1.000000000000000  0.000000000000000  0.000000000000000  0.000000000000000  0.000000000000000  0.000000000000000  0.000000000000000  0.124222636665319  1.000000000000000  1.000000000000000 
56.0    A  0.075206439124969  0.000000000000000  0.000000000000000  0.000000000000000  0.000000000000000  0.000000000000000  0.000000000000000  0.084377374070172  0.071545260037418  0.056250120612095  0.000000000000000  0.034172983046395  0.000000000000000  0.078945453865362  0.164026406823995  0.351598299978280  0.083852639055141  0.000000000000000  0.000000000000000  0.000000000000000  1.000000000000000  0.000000000000000  0.000000000000000  0.000000000000000  0.000000000000000  0.000000000000000  0.000000000000000  0.124222636665319  1.000000000000000  1.000000000000000 
57.0    L  0.093234001668217  0.000000000000000  0.000000000000000  0.000000000000000  0.000000000000000  0.000000000000000  0.000000000000000  0.056250120612095  0.000000000000000  0.517632461920689  0.000000000000000  0.078945453865362  0.000000000000000  0.000000000000000  0.153679858406823  0.000000000000000  0.100342173589494  0.000000000000000  0.000000000000000  0.000000000000000  0.943438250895360  0.000000000000000  0.056250120612095  0.000000000000000  0.000000000000000  0.000000000000000  0.000000000000000  0.124222636665319  1.000000000000000  1.000000000000000 
58.0    M  0.000000000000000  0.000000000000000  0.000000000000000  0.000000000000000  0.000000000000000  0.000000000000000  0.000000000000000  0.000000000000000  0.278548412704833  0.040386025957422  0.078454499455165  0.000000000000000  0.000000000000000  0.039692218204337  0.308426792452374  0.104893704638318  0.050871449066902  0.000000000000000  0.000000000000000  0.098618355106558  1.000000000000000  0.000000000000000  0.000000000000000  0.000000000000000  0.000000000000000  0.000000000000000  1.000000000000000  0.130127699710514  1.000000000000000  0.489710148793463 
59.0    D  0.000000000000000  0.000000000000000  0.454704125900367  0.000000000000000  0.000000000000000  0.222364748384474  0.000000000000000  0.000000000000000  0.000000000000000  0.000000000000000  0.000000000000000  0.089746531913965  0.000000000000000  0.000000000000000  0.000000000000000  0.176043028364010  0.000000000000000  0.000000000000000  0.000000000000000  0.057273040292209  0.903126510151822  0.097058609375130  0.000000000000000  0.333324669272800  0.666649338545599  0.000000000000000  1.000000000000000  0.106137030805855  0.475988954248766  0.489710148793463 
60.0    K  0.000000000000000  0.000000000000000  0.000000000000000  0.000000000000000  0.000000000000000  0.000000000000000  0.000000000000000  0.000000000000000  0.668500247702567  0.000000000000000  0.000000000000000  0.093947592379098  0.000000000000000  0.089436032501432  0.148342099707066  0.000000000000000  0.000000000000000  0.000000000000000  0.000000000000000  0.000000000000000  1.000000000000000  0.000000000000000  0.000000000000000  0.000000000000000  0.000000000000000  0.000000000000000  1.000000000000000  0.143587294374629  1.000000000000000  0.489710148793463 
61.0    S  0.000000000000000  0.000000000000000  0.000000000000000  0.000000000000000  0.000000000000000  0.062025273417864  0.089436032501432  0.000000000000000  0.000000000000000  0.000000000000000  0.000000000000000  0.155933196489256  0.000000000000000  0.000000000000000  0.086449414313185  0.363997387249772  0.093947592379098  0.148342099707066  0.000000000000000  0.000000000000000  1.000000000000000  0.000000000000000  0.000000000000000  0.500000000000000  0.500000000000000  1.000000000000000  0.000000000000000  0.143587294374629  0.489710148793463  0.489710148793463 
62.0    L  0.000000000000000  0.000000000000000  0.000000000000000  0.000000000000000  0.137929217505245  0.000000000000000  0.000000000000000  0.437999157533563  0.000000000000000  0.199298119135134  0.000000000000000  0.000000000000000  0.000000000000000  0.000000000000000  0.081956375888478  0.053363607149453  0.000000000000000  0.000000000000000  0.000000000000000  0.089250248730317  1.000000000000000  0.000000000000000  0.000000000000000  0.000000000000000  0.000000000000000  0.000000000000000  0.000000000000000  0.137166492197405  1.000000000000000  1.000000000000000 
63.0    H  0.000000000000000  0.054334035005626  0.000000000000000  0.000000000000000  0.000000000000000  0.136407984631867  0.378929141627600  0.000000000000000  0.059005776196891  0.000000000000000  0.000000000000000  0.000000000000000  0.000000000000000  0.220675749072664  0.066063627535086  0.053363607149453  0.000000000000000  0.000000000000000  0.000000000000000  0.031380235726218  1.000000000000000  0.000000000000000  0.000000000000000  0.000000000000000  0.000000000000000  0.000000000000000  0.000000000000000  0.137166492197405  1.000000000000000  1.000000000000000 
64.0    V  0.346277367027731  0.000000000000000  0.041291825176821  0.000000000000000  0.000000000000000  0.000000000000000  0.000000000000000  0.040246300922182  0.000000000000000  0.000000000000000  0.116467553663097  0.000000000000000  0.000000000000000  0.000000000000000  0.000000000000000  0.144987456813179  0.139467415290621  0.171229122495696  0.000000000000000  0.000000000000000  0.860352630611440  0.000000000000000  0.139467415290621  0.000000000000000  0.000000000000000  0.000000000000000  0.000000000000000  0.137166492197405  1.000000000000000  1.000000000000000 
65.0    G  0.200962747685788  0.000000000000000  0.065380308737033  0.000000000000000  0.000000000000000  0.522317881432116  0.000000000000000  0.000000000000000  0.000000000000000  0.000000000000000  0.000000000000000  0.000000000000000  0.000000000000000  0.000000000000000  0.000000000000000  0.142991371650476  0.068251284109103  0.000000000000000  0.000000000000000  0.000000000000000  0.921464186198704  0.000000000000000  0.078563335907614  0.000000000000000  0.000000000000000  0.000000000000000  1.000000000000000  0.174584816558425  1.000000000000000  0.467163673441590 
66.0    T  0.106801217611217  0.000000000000000  0.113597264556065  0.000000000000000  0.000000000000000  0.000000000000000  0.000000000000000  0.097395572457562  0.000000000000000  0.000000000000000  0.000000000000000  0.000000000000000  0.000000000000000  0.000000000000000  0.000000000000000  0.000000000000000  0.682073917439677  0.000000000000000  0.000000000000000  0.000000000000000  1.000000000000000  0.000000000000000  0.000000000000000  0.000000000000000  0.000000000000000  0.000000000000000  1.000000000000000  0.185822873053877  1.000000000000000  0.430474594169452 
67.0    Q  0.113597264556065  0.000000000000000  0.000000000000000  0.000000000000000  0.000000000000000  0.054258764225065  0.000000000000000  0.243501067135810  0.050032175666019  0.000000000000000  0.077535456107212  0.000000000000000  0.000000000000000  0.461051558956316  0.000000000000000  0.000000000000000  0.000000000000000  0.000000000000000  0.000000000000000  0.000000000000000  1.000000000000000  0.000000000000000  0.000000000000000  0.000000000000000  0.000000000000000  0.611320138846034  0.388503634392025  0.185822873053877  1.000000000000000  0.430474594169452 
68.0    C  0.000000000000000  0.033655824256033  0.000000000000000  0.000000000000000  0.000000000000000  0.000000000000000  0.000000000000000  0.000000000000000  0.108217070689957  0.000000000000000  0.000000000000000  0.134997069979110  0.000000000000000  0.000000000000000  0.208338301789805  0.420739741142690  0.093947592379098  0.000000000000000  0.000000000000000  0.000000000000000  1.000000000000000  0.000000000000000  0.000000000000000  0.000000000000000  0.000000000000000  0.000000000000000  1.000000000000000  0.143587294374629  1.000000000000000  0.489710148793463 
69.0    A  0.232290168562728  0.000000000000000  0.000000000000000  0.000000000000000  0.000000000000000  0.000000000000000  0.000000000000000  0.000000000000000  0.000000000000000  0.000000000000000  0.000000000000000  0.205185402202625  0.000000000000000  0.000000000000000  0.000000000000000  0.089436032501432  0.473028823362798  0.000000000000000  0.000000000000000  0.000000000000000  1.000000000000000  0.000000000000000  0.000000000000000  0.000000000000000  0.000000000000000  0.000000000000000  1.000000000000000  0.143587294374629  1.000000000000000  0.489710148793463 
70.0    L  0.000000000000000  0.000000000000000  0.000000000000000  0.000000000000000  0.089436032501432  0.000000000000000  0.000000000000000  0.000000000000000  0.000000000000000  0.454074208860755  0.000000000000000  0.000000000000000  0.000000000000000  0.000000000000000  0.000000000000000  0.152195752332873  0.000000000000000  0.210369870571345  0.000000000000000  0.093947592379098  1.000000000000000  0.000000000000000  0.000000000000000  0.000000000000000  0.000000000000000  0.000000000000000  1.000000000000000  0.143587294374629  1.000000000000000  0.489710148793463 
71.0    T  0.000000000000000  0.000000000000000  0.000000000000000  0.065789447169340  0.000000000000000  0.000000000000000  0.000000000000000  0.000000000000000  0.000000000000000  0.089436032501432  0.144886993988057  0.000000000000000  0.000000000000000  0.000000000000000  0.126481650128366  0.000000000000000  0.454389058224260  0.118914784541475  0.000000000000000  0.000000000000000  0.906261938267334  0.000000000000000  0.093947592379098  0.000000000000000  0.000000000000000  0.000000000000000  1.000000000000000  0.143587294374629  1.000000000000000  0.489710148793463 
72.0    R  0.000000000000000  0.000000000000000  0.000000000000000  0.094273754792911  0.000000000000000  0.618137630460476  0.000000000000000  0.000000000000000  0.000000000000000  0.000000000000000  0.000000000000000  0.000000000000000  0.000000000000000  0.000000000000000  0.119410367047805  0.168287508659598  0.000000000000000  0.000000000000000  0.000000000000000  0.000000000000000  0.900625979847929  0.099304300012013  0.000000000000000  1.000000000000000  0.000000000000000  0.000000000000000  1.000000000000000  0.163345656736647  0.486664687079119  0.438606774366411 
73.0    R  0.000000000000000  0.000000000000000  0.000000000000000  0.132954084111648  0.000000000000000  0.000000000000000  0.000000000000000  0.168287508659598  0.071545260037418  0.000000000000000  0.000000000000000  0.063901783163120  0.000000000000000  0.000000000000000  0.463936738235641  0.099304300012013  0.000000000000000  0.000000000000000  0.000000000000000  0.000000000000000  1.000000000000000  0.000000000000000  0.000000000000000  0.000000000000000  0.000000000000000  0.573553512113083  0.426317445883978  0.163345656736647  1.000000000000000  0.438606774366411 
74.0    C  0.000000000000000  0.338681244371342  0.000000000000000  0.000000000000000  0.000000000000000  0.159209684415812  0.000000000000000  0.000000000000000  0.000000000000000  0.000000000000000  0.000000000000000  0.089436032501432  0.000000000000000  0.000000000000000  0.000000000000000  0.214047071136614  0.000000000000000  0.000000000000000  0.000000000000000  0.198608600024026  0.725979139951947  0.000000000000000  0.274142897146974  0.000000000000000  0.000000000000000  1.000000000000000  0.000000000000000  0.143587294374629  1.000000000000000  0.489710148793463 
75.0    P  0.000000000000000  0.000000000000000  0.000000000000000  0.000000000000000  0.000000000000000  0.000000000000000  0.062413416631314  0.000000000000000  0.000000000000000  0.054258764225065  0.000000000000000  0.000000000000000  0.561749951515823  0.000000000000000  0.000000000000000  0.247414164103802  0.000000000000000  0.000000000000000  0.000000000000000  0.074119656213184  1.000000000000000  0.000000000000000  0.000000000000000  0.000000000000000  0.000000000000000  0.000000000000000  1.000000000000000  0.169340622185671  1.000000000000000  0.397217200048052 
76.0    Q  0.000000000000000  0.151249261152412  0.000000000000000  0.000000000000000  0.000000000000000  0.000000000000000  0.140729823267095  0.000000000000000  0.000000000000000  0.000000000000000  0.000000000000000  0.000000000000000  0.277584708407160  0.135371880690741  0.042807280623924  0.136502568218206  0.000000000000000  0.115743252815915  0.000000000000000  0.000000000000000  1.000000000000000  0.000000000000000  0.000000000000000  0.000000000000000  0.000000000000000  0.000000000000000  1.000000000000000  0.169340622185671  1.000000000000000  0.397217200048052 
77.0    E  0.000000000000000  0.000000000000000  0.074119656213184  0.532554101696709  0.000000000000000  0.101531549544529  0.115743252815915  0.000000000000000  0.000000000000000  0.000000000000000  0.000000000000000  0.000000000000000  0.000000000000000  0.000000000000000  0.176043028364010  0.000000000000000  0.000000000000000  0.000000000000000  0.000000000000000  0.000000000000000  0.898755126611030  0.101531549544529  0.000000000000000  0.125000000000000  0.874784764905822  0.000000000000000  1.000000000000000  0.169340622185671  0.489710148793463  0.397217200048052 
78.0    G  0.101531549544529  0.000000000000000  0.000000000000000  0.136502568218206  0.000000000000000  0.311866392978511  0.000000000000000  0.000000000000000  0.000000000000000  0.000000000000000  0.000000000000000  0.000000000000000  0.115743252815915  0.050345268190547  0.000000000000000  0.108067153913483  0.000000000000000  0.176043028364010  0.000000000000000  0.000000000000000  1.000000000000000  0.000000000000000  0.000000000000000  0.000000000000000  0.000000000000000  0.000000000000000  1.000000000000000  0.169340622185671  1.000000000000000  0.397217200048052 
79.0    F  0.000000000000000  0.000000000000000  0.000000000000000  0.000000000000000  0.136219014026666  0.163912751776956  0.000000000000000  0.052921582022658  0.000000000000000  0.186597297912119  0.000000000000000  0.000000000000000  0.053772039413215  0.000000000000000  0.000000000000000  0.189858961226816  0.000000000000000  0.176043028364010  0.000000000000000  0.040638754579640  0.824162084953241  0.176043028364010  0.000000000000000  0.333324669272800  0.666649338545599  1.000000000000000  0.000000000000000  0.169340622185671  0.467163673441590  0.397217200048052 
80.0    D  0.159099366909493  0.000000000000000  0.114070686067931  0.132310549359392  0.000000000000000  0.245364765963370  0.000000000000000  0.000000000000000  0.000000000000000  0.000000000000000  0.000000000000000  0.139467415290621  0.155286035223055  0.000000000000000  0.000000000000000  0.000000000000000  0.000000000000000  0.054334035005626  0.000000000000000  0.000000000000000  1.000000000000000  0.000000000000000  0.000000000000000  0.000000000000000  0.000000000000000  0.000000000000000  0.000000000000000  0.137166492197405  1.000000000000000  1.000000000000000 
81.0    H  0.155286035223055  0.000000000000000  0.000000000000000  0.000000000000000  0.000000000000000  0.000000000000000  0.290981633600534  0.053363607149453  0.000000000000000  0.113361291116643  0.000000000000000  0.078890752007007  0.182124889237251  0.068440779424598  0.057511728164055  0.000000000000000  0.000000000000000  0.000000000000000  0.000000000000000  0.000000000000000  1.000000000000000  0.000000000000000  0.000000000000000  0.000000000000000  0.000000000000000  0.000000000000000  0.000000000000000  0.137166492197405  1.000000000000000  1.000000000000000 
82.0    R  0.123535706437592  0.000000000000000  0.000000000000000  0.000000000000000  0.000000000000000  0.000000000000000  0.000000000000000  0.000000000000000  0.000000000000000  0.154963462492373  0.000000000000000  0.139467415290621  0.054334035005626  0.416676603579609  0.032106294980593  0.000000000000000  0.078890752007007  0.000000000000000  0.000000000000000  0.000000000000000  1.000000000000000  0.000000000000000  0.000000000000000  0.000000000000000  0.000000000000000  0.000000000000000  0.000000000000000  0.137166492197405  1.000000000000000  1.000000000000000 
83.0    D  0.057511728164055  0.000000000000000  0.417254640577705  0.144987456813179  0.000000000000000  0.059005776196891  0.038287041622021  0.000000000000000  0.000000000000000  0.000000000000000  0.000000000000000  0.000000000000000  0.089250248730317  0.000000000000000  0.000000000000000  0.000000000000000  0.000000000000000  0.193848301586751  0.000000000000000  0.000000000000000  0.910669833591978  0.089250248730317  0.000000000000000  0.199990032083188  0.799960128332753  0.000000000000000  0.000000000000000  0.137166492197405  0.475988954248766  1.000000000000000 
84.0    S  0.000000000000000  0.232451235653290  0.000000000000000  0.000000000000000  0.000000000000000  0.000000000000000  0.000000000000000  0.000000000000000  0.000000000000000  0.000000000000000  0.000000000000000  0.054334035005626  0.000000000000000  0.000000000000000  0.000000000000000  0.484644908467533  0.000000000000000  0.139467415290621  0.000000000000000  0.089250248730317  1.000000000000000  0.000000000000000  0.000000000000000  0.000000000000000  0.000000000000000  0.000000000000000  0.000000000000000  0.137166492197405  1.000000000000000  1.000000000000000 
85.0    K  0.000000000000000  0.000000000000000  0.000000000000000  0.000000000000000  0.000000000000000  0.000000000000000  0.000000000000000  0.000000000000000  0.650670927720967  0.000000000000000  0.000000000000000  0.038526635170744  0.000000000000000  0.089250248730317  0.081956375888478  0.000000000000000  0.139467415290621  0.000000000000000  0.000000000000000  0.000000000000000  1.000000000000000  0.000000000000000  0.000000000000000  0.000000000000000  0.000000000000000  0.000000000000000  0.000000000000000  0.137166492197405  1.000000000000000  1.000000000000000 
86.0    V  0.000000000000000  0.000000000000000  0.000000000000000  0.000000000000000  0.000000000000000  0.000000000000000  0.000000000000000  0.000000000000000  0.000000000000000  0.386355274823994  0.216434141379915  0.089250248730317  0.000000000000000  0.000000000000000  0.000000000000000  0.000000000000000  0.057511728164055  0.111028349480301  0.000000000000000  0.139467415290621  1.000000000000000  0.000000000000000  0.000000000000000  0.000000000000000  0.000000000000000  0.000000000000000  0.000000000000000  0.137166492197405  1.000000000000000  1.000000000000000 
87.0    S  0.123535706437592  0.000000000000000  0.000000000000000  0.000000000000000  0.038526635170744  0.000000000000000  0.000000000000000  0.000000000000000  0.000000000000000  0.000000000000000  0.000000000000000  0.000000000000000  0.452189688780544  0.000000000000000  0.000000000000000  0.246216610723888  0.139467415290621  0.000000000000000  0.000000000000000  0.000000000000000  1.000000000000000  0.000000000000000  0.000000000000000  0.000000000000000  0.000000000000000  0.000000000000000  0.000000000000000  0.137166492197405  1.000000000000000  1.000000000000000 
88.0    L  0.000000000000000  0.000000000000000  0.000000000000000  0.000000000000000  0.342220953272960  0.000000000000000  0.000000000000000  0.000000000000000  0.000000000000000  0.280874975757911  0.066063627535086  0.000000000000000  0.000000000000000  0.000000000000000  0.000000000000000  0.081956375888478  0.139467415290621  0.000000000000000  0.000000000000000  0.089250248730317  1.000000000000000  0.000000000000000  0.000000000000000  0.000000000000000  0.000000000000000  0.000000000000000  0.000000000000000  0.137166492197405  1.000000000000000  1.000000000000000 
89.0    Q  0.000000000000000  0.000000000000000  0.000000000000000  0.000000000000000  0.000000000000000  0.000000000000000  0.000000000000000  0.000000000000000  0.000000000000000  0.000000000000000  0.000000000000000  0.000000000000000  0.042600081477578  0.891310495896971  0.000000000000000  0.000000000000000  0.066063627535086  0.000000000000000  0.000000000000000  0.000000000000000  1.000000000000000  0.000000000000000  0.000000000000000  0.000000000000000  0.000000000000000  0.000000000000000  0.000000000000000  0.137166492197405  1.000000000000000  1.000000000000000 
90.0    E  0.089250248730317  0.000000000000000  0.144987456813179  0.712518807074392  0.000000000000000  0.000000000000000  0.000000000000000  0.000000000000000  0.000000000000000  0.000000000000000  0.000000000000000  0.053363607149453  0.000000000000000  0.000000000000000  0.000000000000000  0.000000000000000  0.000000000000000  0.000000000000000  0.000000000000000  0.000000000000000  1.000000000000000  0.000000000000000  0.000000000000000  0.000000000000000  0.000000000000000  0.000000000000000  0.000000000000000  0.137166492197405  1.000000000000000  1.000000000000000 
91.0    K  0.000000000000000  0.000000000000000  0.000000000000000  0.000000000000000  0.066063627535086  0.139467415290621  0.000000000000000  0.000000000000000  0.273573425315185  0.000000000000000  0.000000000000000  0.233743799437864  0.000000000000000  0.000000000000000  0.000000000000000  0.038287041622021  0.000000000000000  0.000000000000000  0.000000000000000  0.248789930455021  0.588045625145482  0.411795508633787  0.000000000000000  0.868140227601043  0.131944214704746  0.000000000000000  0.000000000000000  0.137166492197405  0.331022227598849  1.000000000000000 
92.0    N  0.000000000000000  0.000000000000000  0.142595464483553  0.000000000000000  0.000000000000000  0.000000000000000  0.000000000000000  0.000000000000000  0.000000000000000  0.000000000000000  0.000000000000000  0.598324481615357  0.000000000000000  0.000000000000000  0.000000000000000  0.180241108932528  0.078890752007007  0.000000000000000  0.000000000000000  0.000000000000000  1.000000000000000  0.000000000000000  0.000000000000000  0.000000000000000  0.000000000000000  0.000000000000000  0.000000000000000  0.137166492197405  1.000000000000000  1.000000000000000 
93.0    C  0.000000000000000  0.331711285149290  0.000000000000000  0.000000000000000  0.266092545613340  0.000000000000000  0.124567532853483  0.218393223979174  0.000000000000000  0.000000000000000  0.000000000000000  0.000000000000000  0.000000000000000  0.000000000000000  0.000000000000000  0.000000000000000  0.000000000000000  0.000000000000000  0.000000000000000  0.059005776196891  1.000000000000000  0.000000000000000  0.000000000000000  0.000000000000000  0.000000000000000  0.000000000000000  0.000000000000000  0.137166492197405  1.000000000000000  1.000000000000000 
94.0    E  0.139467415290621  0.000000000000000  0.031380235726218  0.204759174464957  0.000000000000000  0.041291825176821  0.000000000000000  0.000000000000000  0.000000000000000  0.000000000000000  0.000000000000000  0.165167300707283  0.000000000000000  0.081956375888478  0.066063627535086  0.131852789633508  0.137929217505245  0.000000000000000  0.000000000000000  0.000000000000000  0.910669833591978  0.000000000000000  0.089250248730317  0.000000000000000  0.000000000000000  0.000000000000000  0.000000000000000  0.137166492197405  1.000000000000000  1.000000000000000 
95.0    P  0.000000000000000  0.000000000000000  0.000000000000000  0.000000000000000  0.000000000000000  0.000000000000000  0.034244117701490  0.000000000000000  0.000000000000000  0.083331167318200  0.000000000000000  0.000000000000000  0.344840230456765  0.063548417080747  0.000000000000000  0.316219885588484  0.000000000000000  0.000000000000000  0.000000000000000  0.157890907730725  1.000000000000000  0.000000000000000  0.000000000000000  0.000000000000000  0.000000000000000  1.000000000000000  0.000000000000000  0.154641559835897  1.000000000000000  0.475988954248766 
96.0    V  0.264621098718783  0.000000000000000  0.000000000000000  0.000000000000000  0.000000000000000  0.000000000000000  0.000000000000000  0.000000000000000  0.000000000000000  0.038526635170744  0.000000000000000  0.000000000000000  0.000000000000000  0.000000000000000  0.000000000000000  0.000000000000000  0.089250248730317  0.607518395952508  0.000000000000000  0.000000000000000  1.000000000000000  0.000000000000000  0.000000000000000  0.000000000000000  0.000000000000000  0.000000000000000  0.000000000000000  0.137166492197405  1.000000000000000  1.000000000000000 
97.0    V  0.000000000000000  0.000000000000000  0.000000000000000  0.000000000000000  0.000000000000000  0.000000000000000  0.000000000000000  0.031315050158739  0.000000000000000  0.000000000000000  0.091441951294020  0.000000000000000  0.143786486668826  0.000000000000000  0.000000000000000  0.000000000000000  0.000000000000000  0.733566672083662  0.000000000000000  0.000000000000000  1.000000000000000  0.000000000000000  0.000000000000000  0.000000000000000  0.000000000000000  0.000000000000000  0.000000000000000  0.138984894689638  1.000000000000000  1.000000000000000 
98.0    P  0.235206526878447  0.000000000000000  0.000000000000000  0.000000000000000  0.000000000000000  0.000000000000000  0.000000000000000  0.000000000000000  0.000000000000000  0.000000000000000  0.000000000000000  0.000000000000000  0.764718138941384  0.000000000000000  0.000000000000000  0.000000000000000  0.000000000000000  0.000000000000000  0.000000000000000  0.000000000000000  1.000000000000000  0.000000000000000  0.000000000000000  0.000000000000000  0.000000000000000  0.000000000000000  0.000000000000000  0.138984894689638  1.000000000000000  1.000000000000000 
99.0    N  0.000000000000000  0.000000000000000  0.177267504459932  0.000000000000000  0.000000000000000  0.081559684230560  0.000000000000000  0.000000000000000  0.000000000000000  0.143786486668826  0.000000000000000  0.470413053756894  0.000000000000000  0.000000000000000  0.000000000000000  0.035500914524584  0.091441951294020  0.000000000000000  0.000000000000000  0.000000000000000  1.000000000000000  0.000000000000000  0.000000000000000  0.000000000000000  0.000000000000000  0.000000000000000  0.000000000000000  0.138984894689638  1.000000000000000  1.000000000000000 
100.0    A  0.856188284546457  0.000000000000000  0.000000000000000  0.000000000000000  0.000000000000000  0.000000000000000  0.000000000000000  0.000000000000000  0.000000000000000  0.000000000000000  0.000000000000000  0.143786486668826  0.000000000000000  0.000000000000000  0.000000000000000  0.000000000000000  0.000000000000000  0.000000000000000  0.000000000000000  0.000000000000000  1.000000000000000  0.000000000000000  0.000000000000000  0.000000000000000  0.000000000000000  0.000000000000000  0.000000000000000  0.138984894689638  1.000000000000000  1.000000000000000 
101.0    P  0.000000000000000  0.000000000000000  0.000000000000000  0.000000000000000  0.000000000000000  0.000000000000000  0.000000000000000  0.000000000000000  0.000000000000000  0.000000000000000  0.000000000000000  0.000000000000000  1.000000000000000  0.000000000000000  0.000000000000000  0.000000000000000  0.000000000000000  0.000000000000000  0.000000000000000  0.000000000000000  1.000000000000000  0.000000000000000  0.000000000000000  0.000000000000000  0.000000000000000  0.000000000000000  0.000000000000000  0.138984894689638  1.000000000000000  1.000000000000000 
102.0    P  0.000000000000000  0.000000000000000  0.000000000000000  0.000000000000000  0.000000000000000  0.000000000000000  0.000000000000000  0.000000000000000  0.000000000000000  0.000000000000000  0.000000000000000  0.000000000000000  1.000000000000000  0.000000000000000  0.000000000000000  0.000000000000000  0.000000000000000  0.000000000000000  0.000000000000000  0.000000000000000  1.000000000000000  0.000000000000000  0.000000000000000  0.000000000000000  0.000000000000000  0.000000000000000  0.000000000000000  0.138984894689638  1.000000000000000  1.000000000000000 
103.0    A  0.856188284546457  0.000000000000000  0.000000000000000  0.000000000000000  0.000000000000000  0.000000000000000  0.000000000000000  0.000000000000000  0.143786486668826  0.000000000000000  0.000000000000000  0.000000000000000  0.000000000000000  0.000000000000000  0.000000000000000  0.000000000000000  0.000000000000000  0.000000000000000  0.000000000000000  0.000000000000000  1.000000000000000  0.000000000000000  0.000000000000000  0.000000000000000  0.000000000000000  0.000000000000000  0.000000000000000  0.138984894689638  1.000000000000000  1.000000000000000 
104.0    Y  0.000000000000000  0.000000000000000  0.000000000000000  0.000000000000000  0.000000000000000  0.000000000000000  0.000000000000000  0.000000000000000  0.000000000000000  0.000000000000000  0.000000000000000  0.000000000000000  0.000000000000000  0.000000000000000  0.000000000000000  0.000000000000000  0.000000000000000  0.000000000000000  0.000000000000000  1.000000000000000  1.000000000000000  0.000000000000000  0.000000000000000  0.000000000000000  0.000000000000000  0.000000000000000  0.000000000000000  0.138984894689638  1.000000000000000  1.000000000000000 
105.0    E  0.000000000000000  0.000000000000000  0.121413436942704  0.731535610352163  0.000000000000000  0.000000000000000  0.000000000000000  0.000000000000000  0.000000000000000  0.000000000000000  0.000000000000000  0.000000000000000  0.000000000000000  0.000000000000000  0.000000000000000  0.000000000000000  0.147011406286371  0.000000000000000  0.000000000000000  0.000000000000000  1.000000000000000  0.000000000000000  0.000000000000000  0.000000000000000  0.000000000000000  0.000000000000000  0.000000000000000  0.138984894689638  1.000000000000000  1.000000000000000 
106.0    K  0.091441951294020  0.000000000000000  0.000000000000000  0.000000000000000  0.000000000000000  0.000000000000000  0.000000000000000  0.000000000000000  0.764718138941384  0.000000000000000  0.000000000000000  0.000000000000000  0.000000000000000  0.000000000000000  0.000000000000000  0.000000000000000  0.143786486668826  0.000000000000000  0.000000000000000  0.000000000000000  0.908778116448520  0.000000000000000  0.091441951294020  0.000000000000000  0.000000000000000  0.000000000000000  0.000000000000000  0.138984894689638  1.000000000000000  1.000000000000000 
107.0    L  0.000000000000000  0.000000000000000  0.000000000000000  0.000000000000000  0.044470733163581  0.000000000000000  0.000000000000000  0.374749900438887  0.000000000000000  0.381036207584942  0.000000000000000  0.000000000000000  0.000000000000000  0.000000000000000  0.000000000000000  0.000000000000000  0.000000000000000  0.199574596589162  0.000000000000000  0.000000000000000  1.000000000000000  0.000000000000000  0.000000000000000  0.000000000000000  0.000000000000000  0.000000000000000  1.000000000000000  0.154320325861692  1.000000000000000  0.475988954248766 
108.0    S  0.211246596103128  0.000000000000000  0.000000000000000  0.000000000000000  0.000000000000000  0.000000000000000  0.000000000000000  0.000000000000000  0.000000000000000  0.000000000000000  0.000000000000000  0.000000000000000  0.060454770600871  0.000000000000000  0.000000000000000  0.572362080299342  0.000000000000000  0.155717176946184  0.000000000000000  0.000000000000000  0.954621014139717  0.000000000000000  0.045216715183454  0.000000000000000  0.000000000000000  0.000000000000000  1.000000000000000  0.154320325861692  1.000000000000000  0.475988954248766 
109.0    A  0.441657525740733  0.000000000000000  0.000000000000000  0.000000000000000  0.000000000000000  0.000000000000000  0.000000000000000  0.000000000000000  0.000000000000000  0.000000000000000  0.000000000000000  0.000000000000000  0.000000000000000  0.000000000000000  0.000000000000000  0.235369616135302  0.279128240495643  0.043888902366812  0.000000000000000  0.000000000000000  0.841479482285381  0.158329281715402  0.000000000000000  0.142892291926755  0.857376036634172  0.000000000000000  1.000000000000000  0.155501456662309  0.467163673441590  0.454074208860755 
110.0    E  0.000000000000000  0.000000000000000  0.123279088061670  0.519429551648832  0.000000000000000  0.242995246995338  0.000000000000000  0.000000000000000  0.000000000000000  0.000000000000000  0.000000000000000  0.000000000000000  0.000000000000000  0.000000000000000  0.000000000000000  0.074068298183849  0.040302132832996  0.000000000000000  0.000000000000000  0.000000000000000  1.000000000000000  0.000000000000000  0.000000000000000  0.000000000000000  0.000000000000000  0.699308041369231  0.300617312224544  0.155501456662309  1.000000000000000  0.454074208860755 
111.0    Q  0.000000000000000  0.000000000000000  0.000000000000000  0.092141826080694  0.000000000000000  0.000000000000000  0.055398856199679  0.000000000000000  0.000000000000000  0.000000000000000  0.000000000000000  0.000000000000000  0.135371880690741  0.634635443009902  0.000000000000000  0.082640912821411  0.000000000000000  0.000000000000000  0.000000000000000  0.000000000000000  0.853226098112067  0.146502785459314  0.000000000000000  0.333324669272800  0.666649338545599  1.000000000000000  0.000000000000000  0.140242935066311  0.467163673441590  0.500000000000000 
112.0    S  0.000000000000000  0.000000000000000  0.000000000000000  0.000000000000000  0.060496689180859  0.000000000000000  0.000000000000000  0.000000000000000  0.000000000000000  0.130760617474066  0.000000000000000  0.091441951294020  0.000000000000000  0.225312615652708  0.000000000000000  0.492092011016900  0.000000000000000  0.000000000000000  0.000000000000000  0.000000000000000  1.000000000000000  0.000000000000000  0.000000000000000  0.000000000000000  0.000000000000000  0.000000000000000  0.000000000000000  0.138984894689638  1.000000000000000  1.000000000000000 
113.0    P  0.000000000000000  0.000000000000000  0.000000000000000  0.000000000000000  0.000000000000000  0.000000000000000  0.000000000000000  0.000000000000000  0.000000000000000  0.000000000000000  0.000000000000000  0.000000000000000  0.960594863953477  0.000000000000000  0.000000000000000  0.039527485698561  0.000000000000000  0.000000000000000  0.000000000000000  0.000000000000000  1.000000000000000  0.000000000000000  0.000000000000000  0.000000000000000  0.000000000000000  0.000000000000000  0.000000000000000  0.138984894689638  1.000000000000000  1.000000000000000 
114.0    P  0.000000000000000  0.000000000000000  0.000000000000000  0.000000000000000  0.000000000000000  0.000000000000000  0.000000000000000  0.000000000000000  0.000000000000000  0.000000000000000  0.000000000000000  0.000000000000000  1.000000000000000  0.000000000000000  0.000000000000000  0.000000000000000  0.000000000000000  0.000000000000000  0.000000000000000  0.000000000000000  1.000000000000000  0.000000000000000  0.000000000000000  0.000000000000000  0.000000000000000  0.000000000000000  0.000000000000000  0.138984894689638  1.000000000000000  1.000000000000000 
115.0    P  0.000000000000000  0.000000000000000  0.000000000000000  0.000000000000000  0.000000000000000  0.000000000000000  0.000000000000000  0.000000000000000  0.000000000000000  0.000000000000000  0.000000000000000  0.000000000000000  1.000000000000000  0.000000000000000  0.000000000000000  0.000000000000000  0.000000000000000  0.000000000000000  0.000000000000000  0.000000000000000  1.000000000000000  0.000000000000000  0.000000000000000  0.000000000000000  0.000000000000000  0.000000000000000  0.000000000000000  0.138984894689638  1.000000000000000  1.000000000000000 
116.0    Y  0.000000000000000  0.000000000000000  0.000000000000000  0.000000000000000  0.000000000000000  0.000000000000000  0.000000000000000  0.000000000000000  0.000000000000000  0.000000000000000  0.000000000000000  0.000000000000000  0.000000000000000  0.000000000000000  0.000000000000000  0.000000000000000  0.000000000000000  0.000000000000000  0.000000000000000  1.000000000000000  1.000000000000000  0.000000000000000  0.000000000000000  0.000000000000000  0.000000000000000  0.000000000000000  0.000000000000000  0.138984894689638  1.000000000000000  1.000000000000000 
117.0    S  0.061213768599183  0.000000000000000  0.000000000000000  0.000000000000000  0.042896388476716  0.000000000000000  0.000000000000000  0.000000000000000  0.000000000000000  0.039527485698561  0.000000000000000  0.000000000000000  0.143786486668826  0.000000000000000  0.000000000000000  0.570381857934212  0.142102121654502  0.000000000000000  0.000000000000000  0.000000000000000  1.000000000000000  0.000000000000000  0.000000000000000  0.000000000000000  0.000000000000000  0.000000000000000  0.000000000000000  0.138984894689638  1.000000000000000  1.000000000000000 
118.0    P  0.000000000000000  0.000000000000000  0.000000000000000  0.000000000000000  0.000000000000000  0.000000000000000  0.000000000000000  0.000000000000000  0.000000000000000  0.049686578184311  0.000000000000000  0.000000000000000  0.950000382874886  0.000000000000000  0.000000000000000  0.000000000000000  0.000000000000000  0.000000000000000  0.000000000000000  0.000000000000000  1.000000000000000  0.000000000000000  0.000000000000000  1.000000000000000  0.000000000000000  0.000000000000000  0.000000000000000  0.191577495025973  1.000000000000000  1.000000000000000 
