No:  residues  hmm_col_1  hmm_col_2  hmm_col_3  hmm_col_4  hmm_col_5  hmm_col_6  hmm_col_7  hmm_col_8  hmm_col_9  hmm_col_10  hmm_col_11  hmm_col_12  hmm_col_13  hmm_col_14  hmm_col_15  hmm_col_16  hmm_col_17  hmm_col_18  hmm_col_19  hmm_col_20  hmm_col_21   hmm_col_22   hmm_col_23   hmm_col_24   hmm_col_25   hmm_col_26   hmm_col_27   hmm_col_28   hmm_col_29   hmm_col_30   
1.0    M  0.000000000000000  0.000000000000000  0.000000000000000  0.005421846558655  0.027318081887824  0.000000000000000  0.000000000000000  0.022592692102277  0.000000000000000  0.013248749447393  0.892546971472977  0.000000000000000  0.000000000000000  0.000000000000000  0.000000000000000  0.011094588738621  0.017627845897758  0.009868181733170  0.000000000000000  0.000000000000000  1.000000000000000  0.000000000000000  0.000000000000000  0.000000000000000  0.000000000000000  0.000000000000000  0.000000000000000  0.055207190717592  1.000000000000000  1.000000000000000 
2.0    A  0.711038705293637  0.000000000000000  0.000000000000000  0.004052421627209  0.000000000000000  0.016424576704495  0.000000000000000  0.000000000000000  0.011874412940637  0.005328702479997  0.002340447307304  0.000000000000000  0.035871950432969  0.000000000000000  0.000000000000000  0.092718433365070  0.069156084568267  0.051189793616239  0.000000000000000  0.000000000000000  0.973329374158238  0.021567458646822  0.004999501616579  0.416387885440275  0.583579050909234  0.000000000000000  0.000000000000000  0.054787857582252  0.489370825198718  1.000000000000000 
3.0    R  0.000000000000000  0.017960857000542  0.009420373653834  0.017157700215423  0.002295461578945  0.028419007868773  0.031796240378209  0.000000000000000  0.022923958502614  0.019316800951890  0.007228940844046  0.002758309383564  0.018620040227719  0.000000000000000  0.765778998547191  0.039857637239955  0.000000000000000  0.000000000000000  0.005093948184604  0.011125392153102  0.970634469769547  0.006670450893682  0.022514527325593  0.387696603173502  0.612168196200102  0.000000000000000  1.000000000000000  0.054484889971066  0.496202187342909  0.500000000000000 
4.0    T  0.001931583821057  0.015431263460084  0.007129417879246  0.033609199701793  0.000000000000000  0.029400815859806  0.000000000000000  0.053511767784154  0.011541703621739  0.023748825881274  0.043254678626609  0.004842608202887  0.027969533466499  0.000000000000000  0.014998894703733  0.047794883683837  0.684916489982783  0.000000000000000  0.000000000000000  0.000000000000000  1.000000000000000  0.000000000000000  0.000000000000000  0.000000000000000  0.000000000000000  0.000000000000000  1.000000000000000  0.052592467642836  1.000000000000000  0.490389501994276 
5.0    K  0.036347501298370  0.000000000000000  0.012656304275501  0.014548356559847  0.000000000000000  0.000000000000000  0.000000000000000  0.002808469790717  0.742776460330414  0.006376586298054  0.004677651189918  0.014629253866164  0.004256844188333  0.024740183308477  0.049549008538143  0.011272880366106  0.038313589376661  0.025772923394065  0.000000000000000  0.011156281091290  0.927873476471283  0.020847237026215  0.050977343333688  0.355519352646819  0.644387315242508  0.548665968789621  0.451563255075911  0.050240686921447  0.493458272942921  0.490389501994276 
6.0    Q  0.023067412588794  0.006857982793824  0.000000000000000  0.057352492644460  0.000000000000000  0.006315006787543  0.089312133733818  0.017627845897758  0.032262454233851  0.024688790995731  0.070805242830987  0.013994463595170  0.065018766657624  0.508035071496851  0.034267862143372  0.022671128247409  0.015942260300757  0.011784219349114  0.000000000000000  0.000000000000000  0.971307495541633  0.023211764385325  0.005782864445313  0.423079298300145  0.576742802530011  0.649769531227720  0.350139080221801  0.045626000332954  0.489031736723670  0.469761374607006 
7.0    T  0.065063849855257  0.000000000000000  0.009691932013401  0.026607928367155  0.018035709648701  0.017193415771346  0.000000000000000  0.022939853688033  0.012770864507629  0.020361674208801  0.019024469041609  0.016120049676584  0.025934205799687  0.021959667190730  0.049343367918785  0.053289680735497  0.590496330714765  0.026369243629063  0.004684140288247  0.000000000000000  0.924022572446823  0.026960667016958  0.049036506118547  0.279903222163560  0.719965659257343  0.798298386356650  0.201660439805532  0.045531222309313  0.481297221550876  0.488015880388112 
8.0    A  0.605416541975277  0.000000000000000  0.009591685030586  0.034650020112596  0.000000000000000  0.006070369287375  0.000000000000000  0.006862738033112  0.041091961256408  0.000000000000000  0.007380836257791  0.008419790195654  0.035847094507068  0.015997607819194  0.012770864507629  0.077643017611527  0.077535456107212  0.046908721797324  0.000000000000000  0.013994463595170  0.976708528962227  0.010525262319263  0.012994095287108  0.333324669272800  0.666649338545599  0.888842681166570  0.111413811987121  0.042071877164899  0.498270131413934  0.463294030945185 
9.0    R  0.031012636708932  0.030948214747907  0.011063870611051  0.024518253059273  0.000000000000000  0.023292349793733  0.040554336466849  0.011630041055989  0.078128893911576  0.008555097428075  0.006592310907266  0.034078366645789  0.023438109207591  0.030101934188130  0.506979739895015  0.052337905469277  0.023617498879941  0.045975210807992  0.011735311929226  0.005478512697822  0.946713631236714  0.031206708315657  0.022359008125358  1.000000000000000  0.000000000000000  0.000000000000000  1.000000000000000  0.043105028807096  0.484980955170867  0.492433221447775 
10.0    K  0.032396909406866  0.000000000000000  0.000000000000000  0.003157503393772  0.008472479756586  0.019357010902874  0.009277809891199  0.011288518733778  0.566834706389211  0.000000000000000  0.028419007868773  0.013926726498390  0.012081974022739  0.013611784252223  0.151144459479170  0.036171569280941  0.066477042055824  0.027148193285957  0.000000000000000  0.000000000000000  0.972654947412286  0.027412923397901  0.000000000000000  0.346757742282846  0.653382626946587  0.353308410970682  0.646624465943743  0.043495199744722  0.488015880388112  0.467811748915700 
11.0    S  0.094732285406900  0.007932547663042  0.000000000000000  0.029076551803219  0.012744335833422  0.044842172956459  0.000000000000000  0.024231037698344  0.023470623858452  0.000000000000000  0.000000000000000  0.005310266569948  0.070560275300383  0.009957504900932  0.066846692992828  0.488692883205403  0.085971363633734  0.030777076340486  0.000000000000000  0.004951220789197  0.989656656415207  0.000000000000000  0.010380357922629  0.000000000000000  0.000000000000000  0.000000000000000  1.000000000000000  0.045373696246997  1.000000000000000  0.479964630519454 
12.0    T  0.062978360025657  0.003884649096380  0.000000000000000  0.016746460352130  0.004785880202753  0.024163948045479  0.014062530153024  0.026923317491001  0.078237278665875  0.005970220784239  0.011010318399547  0.019236631458514  0.010598471308185  0.025665959398502  0.107023535568307  0.041521431690516  0.505576040425652  0.034054753506667  0.000000000000000  0.007421877991210  0.997231251352069  0.002595089480657  0.000000000000000  1.000000000000000  0.000000000000000  0.181494784987987  0.818469181590804  0.045879707376066  0.500000000000000  0.471392267959120 
13.0    G  0.054598305994793  0.010896434893363  0.013157233650131  0.021582413252248  0.000000000000000  0.524858341811534  0.001755381106662  0.016515906883772  0.054939972556987  0.002999629433012  0.000000000000000  0.010576455305097  0.046520164223954  0.035500914524584  0.025790794016021  0.088572337281764  0.068678388598555  0.011288518733778  0.000000000000000  0.011825131195075  0.956608158091874  0.020432364820887  0.023243965038039  0.502780290199234  0.497235084336607  0.000000000000000  1.000000000000000  0.046487930076078  0.485317234884773  0.476979775273779 
14.0    G  0.030948214747907  0.006624374723696  0.000000000000000  0.024063661694877  0.002124000763388  0.524494663787473  0.006020086784050  0.009957504900932  0.043585739573450  0.006354524985407  0.000000000000000  0.029258507732328  0.056484545421943  0.008286622979439  0.046007089442756  0.084729020425000  0.062111318332660  0.025382887386132  0.026024242840017  0.007667648936355  0.986916545885842  0.006528648116577  0.006624374723696  0.250000000000000  0.750019494642909  0.342220953272960  0.657927262514504  0.045154074935110  0.500000000000000  0.459138081150462 
15.0    K  0.062500000000000  0.000000000000000  0.014288517023436  0.060959716345478  0.000000000000000  0.010843693117309  0.019763742849280  0.007375722024611  0.559418550517856  0.012166010797838  0.000000000000000  0.029076551803219  0.033819520141429  0.054978067245152  0.055360469943898  0.031664278129971  0.029977003728915  0.017849160107009  0.000000000000000  0.000000000000000  0.967947026893737  0.028537445312875  0.003604462861929  0.157562923947873  0.842646829503152  0.267757705797864  0.732042847972813  0.045720975647010  0.482633512435878  0.470739232270603 
16.0    A  0.486664687079119  0.006280085865181  0.007614684616340  0.006254021958252  0.000000000000000  0.034722147770472  0.011940441568478  0.007179006902180  0.033796086358863  0.022436632978491  0.010635266535152  0.013489680602725  0.068821349881123  0.044041273598188  0.042335155546418  0.068678388598555  0.076733480244691  0.058233776831548  0.000000000000000  0.000000000000000  1.000000000000000  0.000000000000000  0.000000000000000  0.062500000000000  0.937571096457110  0.226251615720726  0.773782496771195  0.044625124365158  0.500000000000000  0.476979775273779 
17.0    P  0.053697547184199  0.000000000000000  0.006829520471956  0.015092755139451  0.007188966020507  0.016538818669924  0.009505643426829  0.011686607487206  0.047695600280017  0.013157233650131  0.005179397501167  0.026150820083856  0.580754365962861  0.049240867878084  0.019451159927846  0.096388176587996  0.027261334555336  0.011164016716727  0.000000000000000  0.002958332648197  0.978063473447339  0.008961773626767  0.012638771068152  0.109499789383391  0.890692900606681  0.000000000000000  1.000000000000000  0.042747978246953  0.487677730763821  0.482633512435878 
18.0    R  0.017241152188156  0.011670417633690  0.005358333158557  0.022876338999150  0.002762135864010  0.028696130071904  0.013508394239185  0.013640118611465  0.109045338221345  0.016665402825496  0.005966083976409  0.010738974184156  0.031796240378209  0.027185854772145  0.590905773467183  0.038154578520910  0.035822255804012  0.012877532577394  0.000000000000000  0.005229903347572  0.978063473447339  0.010322956294205  0.011351289449776  0.295043585834050  0.704660377571010  0.216584214100022  0.783497186949341  0.041492661199451  0.488354264481114  0.474342157570227 
19.0    K  0.014278616409834  0.000000000000000  0.000000000000000  0.028955876934074  0.003554839156566  0.030143693268254  0.011249463425896  0.026589491547079  0.569197014537439  0.007763914791582  0.006834255975827  0.017003788151106  0.022514527325593  0.016120049676584  0.134436798807172  0.052120690239060  0.018010724168732  0.025808677029241  0.008656502717695  0.006749517089065  0.915733686418126  0.077858588473092  0.006142322594846  0.198196034152571  0.801625329399394  0.000000000000000  1.000000000000000  0.041234622211653  0.444729496768949  0.471719125447680 
20.0    Q  0.043075161030488  0.000000000000000  0.000000000000000  0.018440224114628  0.006834255975827  0.009875024206663  0.017469716421342  0.019478143660548  0.105257869201052  0.015964376292411  0.019532223477894  0.013640118611465  0.074119656213184  0.366021423986406  0.081446696835206  0.076097876166437  0.089622203000989  0.016781319869064  0.017445515030978  0.008999122205854  0.988285651500733  0.000000000000000  0.011808749439971  0.000000000000000  0.000000000000000  0.000000000000000  1.000000000000000  0.041320456410705  1.000000000000000  0.462973011263662 
21.0    L  0.049549008538143  0.002729779241897  0.000000000000000  0.014518135535171  0.005609158244623  0.015229369232680  0.007704943003854  0.085259239679960  0.034650020112596  0.444113397921202  0.037034149091924  0.002155144023519  0.071001829049168  0.025365299405540  0.022655419263732  0.070267432736164  0.026534257701464  0.048832992510770  0.026314467300263  0.010598471308185  0.969289816935065  0.016164805961233  0.014528202228331  0.317097849831467  0.683020128377198  0.274142897146974  0.725979139951947  0.041492661199451  0.493800430722686  0.456282744271726 
22.0    A  0.500000000000000  0.003552375983597  0.008734858210671  0.008275143239718  0.000000000000000  0.053326631132004  0.002822129683444  0.025207554975691  0.042600081477578  0.016288527513143  0.017812082385835  0.004726539411013  0.076150641479699  0.020617311105826  0.034125642054552  0.085792776953432  0.032644867589507  0.041006601705999  0.012638771068152  0.013782677581206  0.914465089499901  0.077589218220382  0.007883215889412  0.165396429988515  0.834509281155409  0.535144349213312  0.464902471306581  0.039363436873356  0.427204870444866  0.446892581178393 
23.0    T  0.122342706299679  0.011218316489246  0.000000000000000  0.005790886757042  0.013012121420009  0.037786114869793  0.011171757705951  0.013734993139247  0.061468879626641  0.023340835267380  0.015668381810954  0.018073252873520  0.059539874877746  0.020876157474845  0.021717472185037  0.202080217201392  0.325786787340824  0.026848773592100  0.000000000000000  0.009624984948795  0.970634469769547  0.019130256131253  0.010166733245640  0.284598507268719  0.715488260011456  0.241819082403483  0.758383772687221  0.042955896736626  0.490389501994276  0.463936738235641 
24.0    K  0.034482304376311  0.000000000000000  0.012293163208649  0.018788582014034  0.007641120886307  0.018376425785796  0.004752821713414  0.017409275794052  0.540362701019676  0.018010724168732  0.014843755982420  0.030500992524257  0.061896429495814  0.012182888165802  0.096187951260054  0.026571067502006  0.057951909152216  0.018853811245637  0.008722757515489  0.000000000000000  0.955282936382437  0.037707622491274  0.006801176275751  0.088633752229966  0.911301280637141  0.177636505397670  0.822450068712464  0.044132950137024  0.465870214652387  0.465224828851508 
25.0    A  0.426317445883978  0.008060024838292  0.010547171758771  0.018762553554456  0.000000000000000  0.039472726932681  0.000000000000000  0.007031265076512  0.073149915092162  0.021522656974737  0.006354524985407  0.006982696580912  0.031950891581560  0.021196942616370  0.031336763621909  0.131852789633508  0.094929480613408  0.066338950559362  0.000000000000000  0.004072131878286  0.896266699569405  0.058193426239389  0.045499673406221  0.281459646534191  0.718470088272032  0.073048578035078  0.927230546435463  0.044687030823803  0.460412848602520  0.451250363731215 
26.0    A  0.405563577788521  0.004920429609170  0.014328188175073  0.019491649561157  0.010828670981644  0.045060277233132  0.010373165299863  0.023131457781251  0.049002528379734  0.051617354058483  0.000000000000000  0.012404436420807  0.077535456107212  0.024046987815013  0.074894313833714  0.078890752007007  0.059416193826864  0.036246864203295  0.000000000000000  0.002231145013376  0.964598184584138  0.013706461698950  0.021792869786725  0.095457343622544  0.904379377561088  0.134997069979110  0.865136690584988  0.047169561516268  0.476318999021969  0.419865746472070 
27.0    R  0.033192474577980  0.013849714049920  0.009118422670457  0.016142412307565  0.000000000000000  0.084143754329799  0.035624164771671  0.001589732783341  0.087352935740692  0.031598502526603  0.000000000000000  0.009453078822026  0.060037178997092  0.049036506118547  0.452503231441453  0.072092850316251  0.019640833976904  0.019156794688331  0.000000000000000  0.005421846558655  0.929160674250913  0.021492840908433  0.049036506118547  0.150204506190856  0.849684999138650  0.035353576963934  0.964598184584138  0.046681670534761  0.487002134271620  0.408384495555011 
28.0    K  0.039609766313576  0.000000000000000  0.016198454703433  0.012318752719629  0.013555291986751  0.047071577082307  0.016413196000168  0.014690221914205  0.512278411516401  0.007385954037115  0.009651708102554  0.041234622211653  0.035946621667206  0.033796086358863  0.080047491333111  0.050765774772265  0.056406295466402  0.010103507280371  0.000000000000000  0.002485927607961  0.937571096457110  0.046584699587466  0.015766431778823  0.231807636608866  0.767905134851049  0.287174588749259  0.712518807074392  0.046230859664026  0.459138081150462  0.378141999320990 
29.0    S  0.110108671765872  0.003303016747568  0.000000000000000  0.006159376359815  0.005343497280869  0.067358321565229  0.016424576704495  0.006528648116577  0.047530586038782  0.012525395771866  0.020109206989082  0.045499673406221  0.037551126547714  0.025347723611783  0.089622203000989  0.414085330667273  0.064257114166004  0.025225033578274  0.000000000000000  0.002966546269169  0.978063473447339  0.018300159081544  0.003659849401845  0.333324669272800  0.666649338545599  0.000000000000000  1.000000000000000  0.046714039019842  0.491410299272626  0.398044049389390 
30.0    A  0.410370804405249  0.000000000000000  0.038366740122346  0.038983299122314  0.006848482197782  0.079000193653300  0.014926295880976  0.015050967094065  0.017799740269096  0.016390458243359  0.013012121420009  0.003852471501927  0.103952762296863  0.009538644630228  0.054409410206008  0.082297932628703  0.029852591761951  0.065199287095616  0.000000000000000  0.000000000000000  0.869344560090022  0.089808761034004  0.040582456335309  0.533292890415882  0.466839972457657  0.000000000000000  1.000000000000000  0.046327094056339  0.441351498145327  0.395020655931689 
31.0    P  0.012430257558671  0.000000000000000  0.007651721074898  0.021732530807969  0.005226279510883  0.072795849154279  0.003226084628655  0.008881382603406  0.075782051191359  0.033123524481165  0.000000000000000  0.026755883892077  0.539614118252214  0.024197469620413  0.022158438057492  0.069927318814732  0.047927583114784  0.023997035464095  0.000000000000000  0.004515182447480  0.969961910341735  0.003716087016921  0.026332713421973  0.087474116599700  0.912565488543452  0.059375023929680  0.940826107513788  0.051904376505681  0.494828328207603  0.373712312158735 
32.0    A  0.243669907722887  0.014397877909355  0.019998006466317  0.024688790995731  0.004337261068862  0.035996488823417  0.006241030597259  0.024080347136200  0.044563303667629  0.042159454198116  0.007667648936355  0.024030325488598  0.066292983835514  0.022498926851792  0.036498981081660  0.242658617442387  0.095788747512986  0.038794609110191  0.000000000000000  0.005675644724888  0.880869374126979  0.071893243334413  0.047267749915124  0.328735690051268  0.671286251390132  0.187115373349086  0.812815601984320  0.050171086794747  0.440129506781575  0.358737383651676 
33.0    T  0.080660155653236  0.006642766875502  0.008602668735140  0.023051429016919  0.014854048456716  0.043767385027725  0.010724097119179  0.021138253610161  0.039500096826650  0.031884520601514  0.006176477473468  0.011094588738621  0.067732872927799  0.033423346496414  0.038181034427297  0.106137030805855  0.400257405328151  0.033469713224733  0.000000000000000  0.022876338999150  0.970634469769547  0.007515058239569  0.021597378227009  0.258457684061991  0.741233504901418  0.292599660368647  0.707597080163328  0.049206748535575  0.498270131413934  0.350867931509769 
34.0    G  0.054863862350595  0.009712106788312  0.045373696246997  0.026552656223083  0.000000000000000  0.496890546661277  0.006982696580912  0.019984149707460  0.039692218204337  0.012985091587401  0.003744529056613  0.011565728890625  0.037786114869793  0.041148966314351  0.045943354262158  0.085318357367823  0.026424133980547  0.034963659407366  0.000000000000000  0.000000000000000  0.947370070599268  0.020221025851295  0.032374461361251  0.122512426917734  0.877213548732822  0.326917837134190  0.673150034638391  0.050765774772265  0.483973513446869  0.375269774378593 
35.0    G  0.060371020557803  0.000000000000000  0.005883947135288  0.015549370653439  0.000000000000000  0.490389501994276  0.012225184089633  0.006159376359815  0.052738487258126  0.011010318399547  0.002814315915699  0.031293351740979  0.063901783163120  0.054183597719668  0.040218413978165  0.084787770465479  0.045975210807992  0.007520269086732  0.002287519885193  0.012709049970814  0.948026965128645  0.031730190652170  0.019928818619977  0.094601049560599  0.905633983017823  0.160094982666221  0.839731492944140  0.053031743856619  0.471065636952404  0.387159513926610 
36.0    V  0.041320456410705  0.000000000000000  0.029914733068603  0.015176679617838  0.037447156916857  0.012877532577394  0.002340447307304  0.076203443379769  0.060664654360597  0.036196650193583  0.013888166893228  0.008026573745148  0.096455010941183  0.064123634083571  0.015431263460084  0.053511767784154  0.059870951138919  0.376572616658453  0.000000000000000  0.000000000000000  0.919550046151658  0.063197005053207  0.017110194856150  0.196826994142301  0.803293996757034  0.231326107009463  0.768970415635134  0.051796556530500  0.452816991508911  0.384218795322003 
37.0    K  0.042247213532129  0.000000000000000  0.003124844251300  0.021567458646822  0.007385954037115  0.017506081471784  0.018338252785646  0.021552514403548  0.467811748915700  0.005182988830458  0.010672189505894  0.017241152188156  0.045436641166260  0.042688758023575  0.180616299740441  0.056602123938614  0.027508094173848  0.014427848605147  0.000000000000000  0.000000000000000  0.939522749214012  0.030185510278901  0.030416542942445  0.381829374490175  0.618137630460476  0.414659772907221  0.585605090609405  0.055591187096119  0.463936738235641  0.396117405462485 
38.0    K  0.032917532373589  0.000000000000000  0.013840117485974  0.021838233935173  0.000000000000000  0.009381276777228  0.025435724533451  0.000000000000000  0.576343173399432  0.026644840367749  0.006661210091937  0.020474896935287  0.022189177477241  0.043919334381460  0.138600080450384  0.019518689463334  0.024603374267788  0.013066349998657  0.000000000000000  0.004762715211236  0.971980987981352  0.021329589341956  0.006372167916711  0.123193667117421  0.876605721316035  0.413511684221633  0.586417474615939  0.061982295671143  0.469761374607006  0.414947292794991 
39.0    P  0.027795593548059  0.000000000000000  0.000000000000000  0.015431263460084  0.000000000000000  0.005429368046259  0.021108970070869  0.006310631075075  0.169458040850000  0.016619260513956  0.007011797270838  0.019464647118273  0.481964903870322  0.031686233743438  0.089933348750676  0.046359216682535  0.050032175666019  0.007269137950805  0.000000000000000  0.004221583601716  0.900001929793512  0.049138580758771  0.050695447223565  0.366021423986406  0.634195699662934  0.438910898804760  0.561360711036804  0.059128602920350  0.472046209575125  0.440434687063490 
40.0    H  0.004391714546010  0.000000000000000  0.000000000000000  0.025541729015259  0.021777769354492  0.010576455305097  0.438302860658018  0.013368672276291  0.079109787123142  0.005395603313062  0.000000000000000  0.021255794568843  0.006146581604325  0.036096430767300  0.205470046823713  0.028301061969307  0.028125060306047  0.012779719664965  0.000000000000000  0.063197005053207  0.974679630891549  0.019077289260455  0.006315006787543  0.212274061611710  0.787853886049346  0.592546385470791  0.407536166201313  0.056094378166704  0.486327473706143  0.429878243121503 
41.0    R  0.022577037467555  0.018060729789919  0.000000000000000  0.025665959398502  0.005362048559589  0.010911551034902  0.025435724533451  0.000000000000000  0.084494427064258  0.004839252725718  0.000000000000000  0.019397304555096  0.023650262390150  0.006810611246383  0.696888619343735  0.025559439329931  0.017027376753333  0.010866265403984  0.000000000000000  0.002208067513915  0.978063473447339  0.018325546081748  0.003664926548831  0.090370768409109  0.909408251800733  0.083273426568251  0.917004043204671  0.051796556530500  0.472373520498603  0.465547409915115 
42.0    Y  0.033539383949795  0.011304178795863  0.000000000000000  0.002769804757186  0.212568540016049  0.007104751967193  0.029036271070341  0.015103220266640  0.028656376350146  0.012098734810207  0.003762741773516  0.028183605574445  0.010180837104401  0.014731008373722  0.055245470691479  0.019505164826588  0.008759109984598  0.014407861217385  0.072192861534599  0.420739741142690  0.993781093322555  0.000000000000000  0.006254021958252  0.000000000000000  0.000000000000000  0.265908168223296  0.734075318017052  0.051688960527704  1.000000000000000  0.464902471306581 
43.0    R  0.012073602338250  0.009049162548396  0.016379101179952  0.000000000000000  0.006045175756025  0.003024683702552  0.019681718436678  0.010642640895629  0.186209682890338  0.004629268636491  0.005093948184604  0.015399208389678  0.033100572958871  0.000000000000000  0.637280313659631  0.015145153389610  0.018517074545962  0.007954571873161  0.000000000000000  0.000000000000000  0.985549336939371  0.001451741195733  0.012788580962356  0.221749076288037  0.778085176555419  0.000000000000000  1.000000000000000  0.051832471613403  0.497579860910041  0.468785548228555 
44.0    P  0.051296350550656  0.000000000000000  0.000000000000000  0.000000000000000  0.000000000000000  0.000000000000000  0.003498615898792  0.006116830439504  0.025033433674676  0.008367428306183  0.000000000000000  0.009793226722193  0.723467442935263  0.012525395771866  0.075415244982548  0.048799155787962  0.016538818669924  0.006456643110580  0.012958117903351  0.000000000000000  0.973329374158238  0.015367219906660  0.011040887842834  0.650220073274240  0.349896466398799  0.123964591342287  0.875998315067126  0.050136322897030  0.477972658796871  0.457866843209063 
45.0    G  0.021270533070304  0.000000000000000  0.008999122205854  0.011654250208527  0.004655010056930  0.710546021590680  0.021853376292788  0.006619784648017  0.031293351740979  0.018607138271328  0.006633564425366  0.005937206470318  0.000000000000000  0.016827912128016  0.070707153927869  0.041349107497129  0.007055675860561  0.012090351512050  0.003692977018558  0.000000000000000  0.958599438492977  0.026644840367749  0.015050967094065  0.323760749713606  0.676424115525137  0.028125060306047  0.971980987981352  0.049790006017849  0.474671060475260  0.453759577658580 
46.0    T  0.045911519789947  0.019437682082789  0.022592692102277  0.025155191800660  0.023765293019391  0.004474679288983  0.014802657353114  0.040386025957422  0.031012636708932  0.034267862143372  0.019156794688331  0.017205337470281  0.014680042956469  0.049686578184311  0.007562086147607  0.064435519924674  0.550570799048982  0.009207339123529  0.005766853147199  0.000000000000000  0.993781093322555  0.002016403389616  0.003873893479446  0.084202098554106  0.915733686418126  0.332862903309093  0.667111584838885  0.046552420722584  0.494142825750366  0.431071772508798 
47.0    V  0.019722688001752  0.016642315678022  0.000000000000000  0.013313188985545  0.003847134542561  0.017027376753333  0.005197379066721  0.009361789229214  0.146909541052471  0.104241380478121  0.023003544721378  0.033146491917757  0.016424576704495  0.022797192878753  0.085436715746363  0.000000000000000  0.019928818619977  0.451876363375543  0.007243988644027  0.003849802097419  0.991029563264079  0.006796463693036  0.001852899053009  0.474013482564323  0.526315577354719  0.273383864371158  0.726482524785685  0.044010757091003  0.491410299272626  0.450937689191125 
48.0    A  0.663882579191219  0.002956282798769  0.000000000000000  0.004137571619859  0.010881339692727  0.004346289533535  0.008746975692611  0.020717590004667  0.000000000000000  0.022765611154656  0.013630667277668  0.019143520811011  0.000000000000000  0.000000000000000  0.007016659163156  0.070903467808497  0.039227249727583  0.093040328447909  0.018710604759671  0.000000000000000  0.980099415341871  0.010337276874282  0.009400804890621  0.269246594048262  0.730522189272838  0.071446145963377  0.928516852306729  0.041463910643661  0.484644908467533  0.461691155364697 
49.0    L  0.011517728260087  0.001645794588873  0.013859317268002  0.022328033433455  0.021883692513863  0.000000000000000  0.013313188985545  0.053474689105163  0.003788913712272  0.750539548757186  0.013184621814532  0.018607138271328  0.008166875782853  0.012832979699251  0.009923054551084  0.008344261000374  0.000000000000000  0.021373989123476  0.004376520367946  0.010858736092518  0.998614666101029  0.000000000000000  0.001298444441584  0.027776333786455  0.971980987981352  0.285388676781693  0.714497069870547  0.040218413978165  0.496890546661277  0.455334916795989 
50.0    R  0.011638105180646  0.044255482444204  0.010926688146394  0.008315392050417  0.001187382112483  0.009645020366356  0.046070913040347  0.007259067767585  0.163799175482295  0.017217267435572  0.015019702006074  0.003917095452739  0.021344379011787  0.068630800861691  0.527045711645369  0.019464647118273  0.001906312032766  0.002436456195145  0.007834190905477  0.012090351512050  0.980099415341871  0.005879870107074  0.014043048853297  0.333324669272800  0.666649338545599  0.395842932935636  0.604158921694971  0.039390730986968  0.496202187342909  0.464902471306581 
51.0    E  0.004597291942261  0.000000000000000  0.030713143704539  0.869947352708651  0.000000000000000  0.004049613675858  0.000000000000000  0.000000000000000  0.034220389712299  0.000000000000000  0.003649716198762  0.000000000000000  0.007598866776658  0.012023493907507  0.007812500000000  0.018123432101647  0.000000000000000  0.007432174033842  0.000000000000000  0.000000000000000  0.997231251352069  0.001620887862480  0.001166174987378  1.000000000000000  0.000000000000000  0.085436715746363  0.914465089499901  0.039996012932635  0.500000000000000  0.464258426153364 
52.0    I  0.000000000000000  0.006684336138145  0.000000000000000  0.000000000000000  0.006254021958252  0.004046807670156  0.000000000000000  0.859756486243006  0.005083366622820  0.018048215383650  0.011581773514085  0.000000000000000  0.010416395914775  0.007598866776658  0.000000000000000  0.007801677078914  0.009492474936758  0.052994997789572  0.000000000000000  0.000000000000000  1.000000000000000  0.000000000000000  0.000000000000000  0.000000000000000  0.000000000000000  0.000000000000000  1.000000000000000  0.039968299414920  1.000000000000000  0.465870214652387 
53.0    R  0.010888884677246  0.037525107108913  0.000000000000000  0.007045901393611  0.000000000000000  0.007360400577381  0.060748811748835  0.004376520367946  0.060162152693859  0.021314809919990  0.007284269425288  0.012006837353813  0.014278616409834  0.020890632740705  0.678772489940003  0.022127741222102  0.009658400475945  0.014720801154763  0.003718663705068  0.007119541254978  1.000000000000000  0.000000000000000  0.000000000000000  0.000000000000000  0.000000000000000  0.000000000000000  1.000000000000000  0.039968299414920  1.000000000000000  0.465870214652387 
54.0    R  0.023552107961850  0.015690117863109  0.001427790476953  0.010858736092518  0.059251685320540  0.000000000000000  0.077804639711386  0.002443220859596  0.267201497802752  0.030649343874642  0.005093948184604  0.024946824573645  0.021226348196077  0.057751410777926  0.306084098100051  0.032307210507749  0.013773127467300  0.004900008611410  0.001357342011565  0.043706752585577  0.985549336939371  0.000000000000000  0.014669871051804  0.000000000000000  0.000000000000000  0.085200162955157  0.914465089499901  0.040302132832996  1.000000000000000  0.465870214652387 
55.0    Y  0.006336930902946  0.008507789182313  0.005403088394574  0.018853811245637  0.105989995579143  0.000000000000000  0.020053529649420  0.008561029425373  0.003172860923267  0.164026406823995  0.006429846447490  0.002110791800858  0.002106407093153  0.025988190574216  0.000000000000000  0.002869469986872  0.000000000000000  0.000000000000000  0.000000000000000  0.619424348891954  0.978063473447339  0.007494250932229  0.014308338850283  0.437999157533563  0.561749951515823  0.000000000000000  1.000000000000000  0.040864729641774  0.493800430722686  0.454704125900367 
56.0    Q  0.006501552614934  0.000000000000000  0.000000000000000  0.024080347136200  0.000000000000000  0.000000000000000  0.005090418552200  0.000000000000000  0.031163476604752  0.000000000000000  0.008501894075553  0.013443009853304  0.014518135535171  0.843231110250112  0.027508094173848  0.006142322594846  0.007823337935245  0.011849746448238  0.000000000000000  0.000000000000000  1.000000000000000  0.000000000000000  0.000000000000000  0.000000000000000  0.000000000000000  0.291587342447117  0.708578698254108  0.041636713284126  1.000000000000000  0.435879119768531 
57.0    K  0.030948214747907  0.000000000000000  0.003971776067547  0.019424213576624  0.000000000000000  0.007238969233519  0.018658799798040  0.000000000000000  0.570381857934212  0.008026573745148  0.018224208902945  0.025033433674676  0.006968191557969  0.036021448337465  0.151354135493819  0.082985322398902  0.020617311105826  0.000000000000000  0.000000000000000  0.000000000000000  0.984866442895551  0.007254037908646  0.008071206153782  0.487002134271620  0.512989072668570  0.000000000000000  1.000000000000000  0.040582456335309  0.493800430722686  0.454389058224260 
58.0    S  0.024348893114391  0.002180689378872  0.006537705020964  0.006977858221506  0.018801609781242  0.042807280623924  0.027814866664141  0.004376520367946  0.010075533208249  0.007208925723858  0.003647187284825  0.031336763621909  0.013630667277668  0.010776257201774  0.022097086912080  0.656560562712076  0.111028349480301  0.000000000000000  0.000000000000000  0.000000000000000  0.995159721820083  0.004809157864629  0.000000000000000  0.125000000000000  0.874784764905822  0.285586561712136  0.714497069870547  0.040695130924032  0.497579860910041  0.443498152576075 
59.0    T  0.017713584574663  0.002104947548913  0.017998244411709  0.048596627242660  0.006180760165511  0.019873640730368  0.007812500000000  0.014407861217385  0.000000000000000  0.001226701544085  0.006948898387015  0.007905103133023  0.046294993688135  0.009335868787944  0.007036140467562  0.056484545421943  0.666187412546011  0.050590138534213  0.010358795002333  0.003039395220920  0.982820598545251  0.000000000000000  0.017397212784823  0.000000000000000  0.000000000000000  0.000000000000000  1.000000000000000  0.040470093714201  1.000000000000000  0.459775023075829 
60.0    E  0.017349044275447  0.016198454703433  0.162667731930242  0.364249778474503  0.003452841918217  0.061767853218796  0.043344717785356  0.000000000000000  0.080102995260012  0.003936147501604  0.006461120065963  0.102592701101312  0.006900898839699  0.044904380517002  0.030353359235676  0.026626377971090  0.012815201737449  0.011148550825921  0.000000000000000  0.005200982864205  0.990342871933025  0.000000000000000  0.009532035236502  0.000000000000000  0.000000000000000  0.126394010106413  0.873572895916694  0.041177498491692  1.000000000000000  0.442576882289773 
61.0    L  0.022204563174709  0.007238969233519  0.006206518750751  0.004456108265111  0.091886708524315  0.006254021958252  0.007457976672967  0.018300159081544  0.006862738033112  0.716977624007914  0.020992241026895  0.011010318399547  0.017145811524676  0.000000000000000  0.013592927386073  0.016356410655853  0.025207554975691  0.007737053686977  0.000000000000000  0.000000000000000  0.999307092990453  0.000000000000000  0.001008900769223  0.142892291926755  0.857376036634172  0.352574490121097  0.647521499427212  0.040638754579640  0.487677730763821  0.440129506781575 
62.0    L  0.018148573936339  0.011265069308283  0.000000000000000  0.006363340336486  0.038714021805747  0.000000000000000  0.010244546986060  0.120742041115606  0.000000000000000  0.725979139951947  0.022971677131079  0.000000000000000  0.005157901722715  0.000000000000000  0.001584232725736  0.014043048853297  0.000000000000000  0.024654588776640  0.000000000000000  0.000000000000000  1.000000000000000  0.000000000000000  0.000000000000000  0.000000000000000  0.000000000000000  0.293208737307970  0.707106781186547  0.039500096826650  1.000000000000000  0.460093825312437 
63.0    I  0.000000000000000  0.009512234520805  0.000000000000000  0.001985888033773  0.070560275300383  0.000000000000000  0.010005936416639  0.679243142274472  0.000000000000000  0.134810053961806  0.018998113799736  0.011662331119507  0.004726539411013  0.002673601197445  0.014957366534302  0.000000000000000  0.007619964543185  0.026718818059124  0.000000000000000  0.006670450893682  0.984866442895551  0.014957366534302  0.000000000000000  0.150935073935812  0.849096246446840  0.000000000000000  1.000000000000000  0.038340155539181  0.482968164462423  0.472373520498603 
64.0    R  0.030060232958274  0.017530366883289  0.007036140467562  0.009813612352684  0.006698250286204  0.001931583821057  0.029380443828410  0.000000000000000  0.019424213576624  0.083100444261357  0.000000000000000  0.003757529119784  0.322193657621254  0.034363004666080  0.385018587118036  0.038313589376661  0.011335564123705  0.000000000000000  0.000000000000000  0.000000000000000  0.996540262827868  0.000000000000000  0.003781043073804  0.000000000000000  0.000000000000000  0.148960321821756  0.850863729506541  0.038714021805747  1.000000000000000  0.457866843209063 
65.0    K  0.030060232958274  0.005406834828326  0.005136495157051  0.009936820365184  0.020039634418160  0.000000000000000  0.013677989526473  0.006180760165511  0.657927262514504  0.004218658436847  0.000000000000000  0.002735461564233  0.015700997194122  0.043194756454018  0.141905262768258  0.009847682746742  0.009374776424791  0.024569290379385  0.000000000000000  0.000000000000000  1.000000000000000  0.000000000000000  0.000000000000000  0.000000000000000  0.000000000000000  0.000000000000000  1.000000000000000  0.038660389958974  1.000000000000000  0.459775023075829 
66.0    L  0.213602435222433  0.000000000000000  0.001907633845629  0.033679160782615  0.010481579881893  0.016619260513956  0.000000000000000  0.056328153913177  0.014659706195323  0.516557193842066  0.016688522000748  0.006470083291676  0.005136495157051  0.010351617320666  0.025033433674676  0.036347501298370  0.027795593548059  0.006323767316777  0.000000000000000  0.002009427163855  0.996540262827868  0.003410029652866  0.000000000000000  0.500000000000000  0.500000000000000  0.000000000000000  1.000000000000000  0.038606832410217  0.497924876547229  0.459775023075829 
67.0    P  0.032622247731929  0.014548356559847  0.010459806695144  0.006228066222973  0.000000000000000  0.005478512697822  0.003786288347403  0.051189793616239  0.000000000000000  0.024063661694877  0.000000000000000  0.002422983003350  0.693034942825207  0.008332701412748  0.039774841727373  0.071051060827251  0.019249969897590  0.014062530153024  0.000000000000000  0.003841804976665  0.991716730738293  0.008292368819920  0.000000000000000  1.000000000000000  0.000000000000000  0.000000000000000  1.000000000000000  0.038660389958974  0.494828328207603  0.459775023075829 
68.0    F  0.009611651130868  0.000000000000000  0.000000000000000  0.000000000000000  0.926588061890371  0.000000000000000  0.000000000000000  0.003786288347403  0.000000000000000  0.036372704200067  0.005912565597537  0.000000000000000  0.000000000000000  0.000000000000000  0.000000000000000  0.006125316047467  0.003033081542973  0.004769322315114  0.000000000000000  0.003841804976665  1.000000000000000  0.000000000000000  0.000000000000000  0.000000000000000  0.000000000000000  0.534032704023926  0.466193243218416  0.038660389958974  1.000000000000000  0.459775023075829 
69.0    Q  0.141905262768258  0.025898278265250  0.010026764824710  0.023035456520173  0.012387252134536  0.025016087833009  0.017566858184041  0.039363436873356  0.017385158134138  0.002141741383961  0.014751444049223  0.006537705020964  0.022908074331081  0.390393246303696  0.046423528770651  0.124136561929630  0.040498155169792  0.032758202359904  0.006829520471956  0.000000000000000  0.997231251352069  0.002627670329144  0.000000000000000  0.333324669272800  0.666649338545599  0.000000000000000  1.000000000000000  0.038287041622021  0.498615625676035  0.482299092292069 
70.0    R  0.026205255763779  0.018697640050480  0.027950153180706  0.003208244924813  0.000000000000000  0.022405550750247  0.054863862350595  0.000000000000000  0.027834153143959  0.004693890818464  0.005715121955876  0.000000000000000  0.000000000000000  0.021035938582450  0.703196599956560  0.040893064732969  0.018085784640471  0.006716847548773  0.001999700977399  0.016299821773904  0.979420297586927  0.000000000000000  0.020660228205353  0.000000000000000  0.000000000000000  0.000000000000000  1.000000000000000  0.038101721689884  1.000000000000000  0.482299092292069 
71.0    L  0.007699604194839  0.012208248127692  0.002656974321105  0.007365504186861  0.028975954576108  0.006992383366625  0.003194929916241  0.022892201165802  0.000000000000000  0.761544369851631  0.010145614083827  0.000000000000000  0.000000000000000  0.018788582014034  0.000000000000000  0.015019702006074  0.001687379272266  0.094797971585903  0.000000000000000  0.005762857254230  0.982139595263391  0.008974205898414  0.008662505028149  0.606256409530869  0.393653988284602  0.516199267741621  0.483973513446869  0.038128140946007  0.474342157570227  0.460412848602520 
72.0    V  0.062025273417864  0.015218816695988  0.000000000000000  0.000000000000000  0.000000000000000  0.016734856612366  0.000000000000000  0.068821349881123  0.000000000000000  0.025260027150174  0.007164094087536  0.000000000000000  0.014905617977306  0.010679589468295  0.009005362084366  0.025719385789960  0.000000000000000  0.737645728541420  0.006638164055771  0.000000000000000  0.986916545885842  0.007758535120602  0.005037766604125  0.202500868408011  0.797192476540536  0.000000000000000  1.000000000000000  0.038234001285371  0.492092011016900  0.466516495768404 
73.0    R  0.034386831542692  0.037421209519342  0.016401823181610  0.000000000000000  0.000000000000000  0.008466609115975  0.022374511581268  0.000000000000000  0.121077273653328  0.011990203875007  0.000000000000000  0.000000000000000  0.004866161779568  0.068251284109103  0.630251695791493  0.014926295880976  0.000000000000000  0.011662331119507  0.013048248741068  0.004889829916617  0.980779003988551  0.014833470639852  0.004322255285517  0.296067902963408  0.703684187662699  0.316439148492570  0.683493725970905  0.038022573707315  0.490729531926740  0.462331639056850 
74.0    E  0.010798689113505  0.002701544197287  0.028281451965091  0.785128118673572  0.000000000000000  0.010926688146394  0.004428396143666  0.000000000000000  0.043344717785356  0.000000000000000  0.002355093413459  0.006624374723696  0.006791754375703  0.016447361792335  0.025471010387582  0.044194173824159  0.007877753553864  0.002580739073551  0.000000000000000  0.002228054132556  0.970634469769547  0.000000000000000  0.029687511964840  0.000000000000000  0.000000000000000  0.232773704957557  0.767373048000443  0.039281667953807  1.000000000000000  0.468460723436213 
75.0    I  0.002051649500021  0.007223931860263  0.004594106446449  0.000000000000000  0.017923547253534  0.000000000000000  0.000000000000000  0.744322627583270  0.000000000000000  0.062413416631314  0.006987538295177  0.000000000000000  0.000000000000000  0.000000000000000  0.000000000000000  0.024637505439259  0.017911127902006  0.112111019957752  0.000000000000000  0.000000000000000  0.995849753094458  0.004143311489720  0.000000000000000  0.244685412599359  0.755236292781413  0.289974913626359  0.710053679271714  0.042071877164899  0.497924876547229  0.448444079831007 
76.0    A  0.372936006672866  0.061725053840336  0.034987902770445  0.014731008373722  0.004337261068862  0.013202912256446  0.001927571378683  0.038075320739850  0.000000000000000  0.058679484207216  0.046166814486955  0.021021362633154  0.024264652343782  0.010798689113505  0.004849326138774  0.071100326742032  0.135653671485226  0.072644631719882  0.007238969233519  0.005531935305526  0.974004268543241  0.003293871524415  0.022892201165802  1.000000000000000  0.000000000000000  0.038767728053606  0.961260928388761  0.039281667953807  0.498615625676035  0.463615273217731 
77.0    Q  0.032531924927628  0.009591685030586  0.032195436050627  0.097463105326415  0.005463344073197  0.027872766231878  0.038181034427297  0.020123150461091  0.029687511964840  0.072846324883410  0.033796086358863  0.039308905369876  0.015832139064986  0.396117405462485  0.042042725266307  0.033725882390763  0.022987605403996  0.036651092163496  0.002191295860411  0.011382805577328  0.940826107513788  0.005524271728020  0.053400608805608  0.263705579267015  0.736113431084089  0.070658160445287  0.929160674250913  0.041463910643661  0.495171435966512  0.441963765531836 
78.0    D  0.037759932605936  0.002002475074001  0.301243078748697  0.175921046915675  0.019928818619977  0.020861692238999  0.007509851003037  0.014947002470186  0.104241380478121  0.012595044242078  0.011438169499575  0.052958277184132  0.004903406215948  0.054183597719668  0.040723348417603  0.072443496994028  0.043525358770907  0.012123919598045  0.004752821713414  0.005970220784239  0.938221196500671  0.016769691974898  0.045029054651185  0.511568734867216  0.488692883205403  0.158219574246285  0.841479482285381  0.042188687035086  0.484644908467533  0.396117405462485 
79.0    F  0.015506318354466  0.052701944390632  0.000000000000000  0.041406469282663  0.369590607818461  0.004822510183178  0.027035521580781  0.093882495433808  0.008887540842754  0.106949378210325  0.031228346655952  0.033400187225344  0.000000000000000  0.009909307807233  0.005222658185176  0.025577161924713  0.005474716597972  0.044811101500495  0.016131227116926  0.107469560780376  0.794434400096105  0.190518103792471  0.015019702006074  0.463936738235641  0.536258308408971  0.087050717541815  0.913198250011992  0.048866852695537  0.319968103461077  0.387427965479586 
80.0    K  0.037111239564794  0.007279222103944  0.028027754989438  0.053846634982001  0.018749552849581  0.080828058242968  0.016980232226970  0.023798261557863  0.333555792419442  0.031620412532092  0.010380357922629  0.048664043191354  0.003634568975402  0.023831275832129  0.072293011494080  0.113282742283417  0.066985841408518  0.008054439990584  0.004802495575213  0.016243428674614  0.808881348361739  0.185436866730140  0.005585878852975  0.476649272644080  0.523405140987288  0.537747195228689  0.462331639056850  0.047563543151230  0.318419368831625  0.381564802240140 
81.0    T  0.068251284109103  0.002128422094167  0.036196650193583  0.079000193653300  0.001856756057089  0.068345966092790  0.061213768599183  0.019559319666469  0.022467758325734  0.022328033433455  0.003166269999552  0.024298313621330  0.070854338298651  0.029564301460175  0.064569649230258  0.092847057541302  0.273005136436413  0.048900736358532  0.005863590224666  0.005589752031340  0.950659101229818  0.036397924577139  0.012744335833422  0.358488812003957  0.641712948781452  0.287373712008669  0.712518807074392  0.039719740290802  0.443190849597434  0.423666217473059 
82.0    D  0.028379638053797  0.000000000000000  0.387965427137428  0.096789878481653  0.000000000000000  0.045847917005229  0.033702513490452  0.020095273178603  0.032780916486717  0.007026393063654  0.010117523428550  0.123023002754225  0.059416193826864  0.023470623858452  0.014751444049223  0.039308905369876  0.040274207202657  0.033936933010072  0.000000000000000  0.003172860923267  0.928516852306729  0.058883204619051  0.012612516789137  0.378141999320990  0.622005826649234  0.322864337575584  0.677362488742684  0.040723348417603  0.381036207584942  0.431071772508798 
83.0    L  0.000000000000000  0.019236631458514  0.004376520367946  0.005325010184697  0.143786486668826  0.003262062185267  0.059912464905811  0.059829466137206  0.000000000000000  0.441963765531836  0.044842172956459  0.017615631439772  0.016390458243359  0.000000000000000  0.009786440926751  0.009156424091207  0.013536513381251  0.053623158151793  0.002929763650949  0.094404536597677  0.969961910341735  0.027699428099840  0.002010820475457  0.539240215847226  0.461051558956316  0.379981214100379  0.620283648857694  0.040246300922182  0.443805668634749  0.437695664847132 
84.0    R  0.005143620789294  0.026923317491001  0.002727887758725  0.003579565018263  0.016665402825496  0.010237448467643  0.033077637339848  0.003144398975083  0.051617354058483  0.004684140288247  0.003963525572582  0.013424386796050  0.006372167916711  0.070316155293051  0.672217497076313  0.029502888098445  0.000000000000000  0.015463385256488  0.020789516266886  0.009985151275024  0.993092495437036  0.007179006902180  0.000000000000000  0.374749900438887  0.625031151292605  0.221749076288037  0.778085176555419  0.040218413978165  0.492092011016900  0.459138081150462 
85.0    F  0.000000000000000  0.004913613171234  0.000000000000000  0.000000000000000  0.498961359499525  0.000000000000000  0.000000000000000  0.131396613635963  0.000000000000000  0.016676958406874  0.016153605253874  0.000000000000000  0.002017801538446  0.000000000000000  0.002760221960708  0.013994463595170  0.006425391161816  0.042159454198116  0.237335530237630  0.027261334555336  1.000000000000000  0.000000000000000  0.000000000000000  0.000000000000000  0.000000000000000  0.297507924076669  0.702709350103360  0.040526236082844  1.000000000000000  0.468460723436213 
86.0    Q  0.021167577773209  0.000000000000000  0.006675076100701  0.027110583973502  0.000000000000000  0.003525393466650  0.015303442149796  0.000000000000000  0.019709022012988  0.003917095452739  0.000000000000000  0.012682649702770  0.000000000000000  0.574349177498517  0.099580012035698  0.045468146363586  0.161208531331986  0.002029021686128  0.003958034766246  0.003501041795193  0.991716730738293  0.000000000000000  0.008212288352248  0.000000000000000  0.000000000000000  0.000000000000000  1.000000000000000  0.039747281460737  1.000000000000000  0.478304079045937 
87.0    S  0.168754748140343  0.018073252873520  0.010474317121721  0.041006601705999  0.003043611639299  0.033539383949795  0.048664043191354  0.007134361328219  0.047136877396456  0.011646174896867  0.008303872455926  0.008212288352248  0.055939066932998  0.015040538173465  0.036322315859941  0.378141999320990  0.047927583114784  0.041320456410705  0.000000000000000  0.019303416205108  0.996540262827868  0.000000000000000  0.003599469477339  0.000000000000000  0.000000000000000  0.107172004579271  0.892546971472977  0.039582320428851  1.000000000000000  0.467811748915700 
88.0    S  0.135747732040287  0.000000000000000  0.061810682273808  0.116386852478779  0.010387555532670  0.065880713955671  0.022639721164920  0.007598866776658  0.016299821773904  0.013102627881890  0.016481598704188  0.020123150461091  0.038983299122314  0.091568804663209  0.026979361205450  0.276624338273068  0.064704057740086  0.009618315729257  0.000000000000000  0.005104551773020  1.000000000000000  0.000000000000000  0.000000000000000  0.000000000000000  0.000000000000000  0.000000000000000  1.000000000000000  0.041955390711883  1.000000000000000  0.466839972457657 
89.0    A  0.759435844907265  0.021929245719361  0.006533174999329  0.003900838539457  0.000000000000000  0.016538818669924  0.005770851810869  0.005957818958032  0.000000000000000  0.000000000000000  0.003419497381618  0.000000000000000  0.002814315915699  0.000000000000000  0.024808872841614  0.052265399994629  0.027489033622576  0.061383724703962  0.000000000000000  0.007790869151188  0.995849753094458  0.004280514712686  0.000000000000000  0.075154328056136  0.924663278113700  0.416965521912482  0.583174684894234  0.042071877164899  0.482299092292069  0.466839972457657 
90.0    V  0.000000000000000  0.000000000000000  0.012216713173884  0.000000000000000  0.017373111836205  0.000000000000000  0.006461120065963  0.315781815461450  0.000000000000000  0.423372656181264  0.037265902260332  0.006271385849343  0.000000000000000  0.000000000000000  0.000000000000000  0.012717862266726  0.018788582014034  0.142003658098336  0.000000000000000  0.007541148631811  0.982820598545251  0.007541148631811  0.009854511006494  1.000000000000000  0.000000000000000  0.144085793349858  0.856188284546457  0.041665583659100  0.496202187342909  0.481630947010074 
91.0    M  0.055207190717592  0.007567329603333  0.092333628973910  0.131487722400484  0.024843289092155  0.099787298294581  0.013230395505664  0.041607862913637  0.016676958406874  0.178006274449634  0.115743252815915  0.028735938942239  0.010503398391817  0.033819520141429  0.007085080694790  0.043075161030488  0.023454360898662  0.052775055463986  0.022051185053261  0.001987265023638  0.999307092990453  0.000347668504784  0.000000000000000  1.000000000000000  0.000000000000000  0.233258247884202  0.766841329836546  0.042217940141739  0.500000000000000  0.475988954248766 
92.0    A  0.665264520540343  0.029749309640548  0.002496287818756  0.000000000000000  0.000000000000000  0.005871724523694  0.018671737575887  0.021823102069803  0.000000000000000  0.050765774772265  0.023666661185578  0.007614684616340  0.022143084320441  0.000000000000000  0.021138253610161  0.053178983094159  0.022545760732213  0.055130710324824  0.000000000000000  0.000000000000000  1.000000000000000  0.000000000000000  0.000000000000000  0.000000000000000  0.000000000000000  0.000000000000000  1.000000000000000  0.041636713284126  1.000000000000000  0.481964903870322 
93.0    L  0.020235046857100  0.012516716837338  0.000000000000000  0.000000000000000  0.013048248741068  0.000000000000000  0.007614684616340  0.108067153913483  0.000000000000000  0.764188260382583  0.031796240378209  0.000000000000000  0.013763583970734  0.000000000000000  0.007284269425288  0.009923054551084  0.000000000000000  0.011792390379067  0.000000000000000  0.000000000000000  1.000000000000000  0.000000000000000  0.000000000000000  0.000000000000000  0.000000000000000  0.000000000000000  1.000000000000000  0.041636713284126  1.000000000000000  0.481964903870322 
94.0    Q  0.000000000000000  0.012250632094933  0.000000000000000  0.013592927386073  0.000000000000000  0.007551610133320  0.045752677998301  0.000000000000000  0.011932167952818  0.007080171392714  0.000000000000000  0.000000000000000  0.001931583821057  0.830470024090894  0.035378090690959  0.011265069308283  0.020207014560742  0.000000000000000  0.002396259721199  0.000000000000000  1.000000000000000  0.000000000000000  0.000000000000000  0.000000000000000  0.000000000000000  0.000000000000000  1.000000000000000  0.041694474052430  1.000000000000000  0.481964903870322 
95.0    E  0.019290040732712  0.009105790610426  0.014258835758491  0.620713745763056  0.017373111836205  0.014248955711246  0.022250784306204  0.000000000000000  0.041291825176821  0.014720801154763  0.002346945409232  0.000000000000000  0.000000000000000  0.012015162744299  0.027737854289672  0.035158077646525  0.054409410206008  0.082013203411998  0.000000000000000  0.013166356710987  1.000000000000000  0.000000000000000  0.000000000000000  0.000000000000000  0.000000000000000  0.446892581178393  0.553248676546136  0.041694474052430  1.000000000000000  0.481964903870322 
96.0    A  0.648419777325505  0.006862738033112  0.000000000000000  0.010627897284422  0.000000000000000  0.006297522121039  0.006987538295177  0.053883971563600  0.000000000000000  0.022158438057492  0.013239569296033  0.000000000000000  0.018594245254792  0.009479324689443  0.007360400577381  0.073454770526236  0.071992977646835  0.050450067156548  0.000000000000000  0.000000000000000  0.996540262827868  0.000000000000000  0.003749723675933  0.000000000000000  0.000000000000000  0.000000000000000  1.000000000000000  0.041752314949691  1.000000000000000  0.491410299272626 
97.0    S  0.370103324500012  0.020631606890859  0.000000000000000  0.000000000000000  0.016944959513173  0.004230371271586  0.012352954946937  0.004089102663963  0.005730989625654  0.011882646509695  0.000000000000000  0.006108356586942  0.012551468699329  0.006997231797585  0.013659040943912  0.316439148492570  0.125086673432823  0.073251392729657  0.000000000000000  0.000000000000000  1.000000000000000  0.000000000000000  0.000000000000000  0.000000000000000  0.000000000000000  0.000000000000000  1.000000000000000  0.041810236087066  1.000000000000000  0.485990493990676 
98.0    E  0.012490716099257  0.000000000000000  0.000000000000000  0.891928519420093  0.000000000000000  0.003127010979126  0.000000000000000  0.000000000000000  0.021270533070304  0.000000000000000  0.002709044861585  0.014720801154763  0.009194583884522  0.008431470597691  0.030649343874642  0.005620834296917  0.000000000000000  0.000000000000000  0.000000000000000  0.000000000000000  0.991716730738293  0.000000000000000  0.008212288352248  0.000000000000000  0.000000000000000  0.000000000000000  1.000000000000000  0.042718357873182  1.000000000000000  0.485990493990676 
99.0    A  0.499307333050514  0.018919266936727  0.085259239679960  0.020731955321831  0.037240080455439  0.008367428306183  0.011646174896867  0.014427848605147  0.012665079998208  0.034842694335241  0.055514174740150  0.008229383093397  0.022545760732213  0.009297122627396  0.000000000000000  0.078508898821470  0.030206440533280  0.032128557083002  0.000000000000000  0.020277168233425  1.000000000000000  0.000000000000000  0.000000000000000  0.000000000000000  0.000000000000000  0.000000000000000  1.000000000000000  0.043555538708983  1.000000000000000  0.479632059662632 
100.0    Y  0.000000000000000  0.015506318354466  0.001162140328424  0.013405789537948  0.189333289484622  0.000000000000000  0.040978187944239  0.045847917005229  0.000000000000000  0.011710934388715  0.040666932982560  0.012859692894980  0.027930786323650  0.005786874211017  0.012665079998208  0.000000000000000  0.067732872927799  0.021627339313304  0.000000000000000  0.492774668469685  1.000000000000000  0.000000000000000  0.000000000000000  0.000000000000000  0.000000000000000  0.705637921704346  0.294226684304692  0.043404847992660  1.000000000000000  0.479632059662632 
101.0    L  0.008054439990584  0.000000000000000  0.000000000000000  0.000000000000000  0.001914256670590  0.000000000000000  0.000000000000000  0.077589218220382  0.005683518295448  0.729004689408289  0.055668306287918  0.000000000000000  0.010635266535152  0.000000000000000  0.017861536490844  0.005671712030875  0.017530366883289  0.047300524780299  0.022876338999150  0.000000000000000  0.995159721820083  0.000000000000000  0.004968410182592  0.000000000000000  0.000000000000000  0.000000000000000  1.000000000000000  0.042659178683911  1.000000000000000  0.496202187342909 
102.0    V  0.030691862351981  0.027757087370075  0.000000000000000  0.000000000000000  0.010438078737423  0.007921558435860  0.003496191683312  0.080548414405313  0.000000000000000  0.020963159763785  0.003567180664109  0.003520509619574  0.003749723675933  0.003906250000000  0.012779719664965  0.021672358892678  0.142892291926755  0.612592665952338  0.009188212892898  0.004295375583260  0.985549336939371  0.009433442120988  0.005273585879386  1.000000000000000  0.000000000000000  0.000000000000000  1.000000000000000  0.043164826504496  0.495171435966512  0.489031736723670 
103.0    G  0.035500914524584  0.010701820155981  0.043888902366812  0.051296350550656  0.000000000000000  0.266461684016986  0.079000193653300  0.023633874957562  0.036803837174843  0.013994463595170  0.003280201144313  0.033054717613076  0.000000000000000  0.113518552215189  0.055016188347697  0.123193667117421  0.081842838942723  0.013166356710987  0.015700997194122  0.000000000000000  0.994470168673214  0.000000000000000  0.005810991259510  0.500000000000000  0.500000000000000  0.399149193178325  0.600818024763425  0.043194756454018  0.496202187342909  0.485653747770817 
104.0    L  0.000000000000000  0.009446528717448  0.000000000000000  0.027167017502813  0.049377581991461  0.000000000000000  0.012259126529637  0.037008487870426  0.000000000000000  0.675487042267819  0.057911753868148  0.000000000000000  0.002417949786792  0.008060024838292  0.054901904264898  0.006488047063210  0.009335868787944  0.044532425442150  0.000000000000000  0.005388128600887  1.000000000000000  0.000000000000000  0.000000000000000  0.000000000000000  0.000000000000000  0.314253343630457  0.685866644295299  0.043164826504496  1.000000000000000  0.488015880388112 
105.0    F  0.000000000000000  0.000000000000000  0.000000000000000  0.000000000000000  0.709070017839729  0.000000000000000  0.000000000000000  0.000000000000000  0.012895397008010  0.159873197659679  0.065018766657624  0.000000000000000  0.012656304275501  0.000000000000000  0.012994095287108  0.019437682082789  0.000000000000000  0.000000000000000  0.000000000000000  0.008104843254419  0.995159721820083  0.004947790053606  0.000000000000000  0.500000000000000  0.500000000000000  0.000000000000000  1.000000000000000  0.043284670878466  0.496202187342909  0.492433221447775 
106.0    E  0.037629293163482  0.010979833595365  0.008507789182313  0.639049681601526  0.000000000000000  0.047202268298838  0.002140257356343  0.000000000000000  0.104966436618018  0.000000000000000  0.002600491432102  0.003140042932590  0.000000000000000  0.049893649147291  0.017750457262292  0.048394939240826  0.019330194979487  0.004074955443476  0.004215735298845  0.000000000000000  0.998614666101029  0.001495662106537  0.000000000000000  0.250000000000000  0.750019494642909  0.482633512435878  0.517632461920689  0.043404847992660  0.500000000000000  0.492433221447775 
107.0    D  0.022686848123498  0.035574813408590  0.596667871515861  0.027814866664141  0.000000000000000  0.017603425445270  0.037111239564794  0.019750048413325  0.034315400430845  0.044904380517002  0.020319377289820  0.026424133980547  0.000000000000000  0.009950605275988  0.005543450610158  0.008071206153782  0.012361520331023  0.013239569296033  0.000000000000000  0.067826835742613  0.995159721820083  0.000000000000000  0.005175808660333  0.000000000000000  0.000000000000000  0.000000000000000  1.000000000000000  0.045029054651185  1.000000000000000  0.495171435966512 
108.0    T  0.305660069423017  0.033446521825832  0.029625842660270  0.000000000000000  0.003246272896850  0.025190088484155  0.000000000000000  0.012832979699251  0.026497498894786  0.007672965587995  0.002096211496862  0.019832357594059  0.009598335784732  0.013792234317041  0.003559770627489  0.182504001331815  0.312949114663499  0.011581773514085  0.000000000000000  0.000000000000000  1.000000000000000  0.000000000000000  0.000000000000000  0.000000000000000  0.000000000000000  0.000000000000000  1.000000000000000  0.045216715183454  1.000000000000000  0.490729531926740 
109.0    N  0.012473412286823  0.000000000000000  0.006661210091937  0.001949067810545  0.003749723675933  0.028755864082027  0.008740914851841  0.028996046139728  0.002649617827046  0.033679160782615  0.032441852204471  0.467487598875728  0.013792234317041  0.058435949859466  0.007406460665068  0.057432055217441  0.027016788478371  0.077213664820433  0.000000000000000  0.131032809439616  0.989656656415207  0.002009427163855  0.008602668735140  0.142892291926755  0.857376036634172  0.000000000000000  1.000000000000000  0.045216715183454  0.499653546495226  0.490729531926740 
110.0    L  0.040107059298841  0.009671799147168  0.000000000000000  0.015625000000000  0.003203800434362  0.000000000000000  0.011179504062679  0.044594203303684  0.067498534989555  0.625898229326997  0.049652150006007  0.008054439990584  0.015271652600169  0.011792390379067  0.035673584597712  0.018620040227719  0.014751444049223  0.014298424501999  0.002724108723341  0.011265069308283  0.973329374158238  0.026793001144818  0.000000000000000  0.464258426153364  0.535886731268147  0.525586454543853  0.474342157570227  0.045911519789947  0.477641468191219  0.484309094613314 
111.0    C  0.057114465639338  0.513700719689482  0.000000000000000  0.000000000000000  0.015009294749273  0.012568880795967  0.000000000000000  0.039885274025905  0.000000000000000  0.171823586946504  0.023131457781251  0.002931795112333  0.000000000000000  0.000000000000000  0.024264652343782  0.018148573936339  0.054863862350595  0.049240867878084  0.000000000000000  0.017373111836205  0.993781093322555  0.000000000000000  0.006053561960619  0.000000000000000  0.000000000000000  0.733566672083662  0.266277050848354  0.045091521464426  1.000000000000000  0.494142825750366 
112.0    A  0.581560020773925  0.034602018265134  0.000000000000000  0.000000000000000  0.000000000000000  0.001680376231663  0.013706461698950  0.042482132559586  0.008820034412548  0.000000000000000  0.061725053840336  0.000000000000000  0.013859317268002  0.000000000000000  0.000000000000000  0.091505355996602  0.132310549359392  0.017799740269096  0.000000000000000  0.000000000000000  0.967276329613932  0.032690154368517  0.000000000000000  0.092461719328052  0.907519155317161  0.000000000000000  1.000000000000000  0.044966674375338  0.470739232270603  0.495858365369147 
113.0    I  0.050415109951383  0.002903482391467  0.010949433195943  0.003073290802162  0.010124538792448  0.000000000000000  0.015690117863109  0.420739741142690  0.033054717613076  0.165970644797805  0.024315161767357  0.020095273178603  0.013536513381251  0.026960667016958  0.034220389712299  0.024860515117341  0.071347169195423  0.037838533873455  0.000000000000000  0.033913417871306  1.000000000000000  0.000000000000000  0.000000000000000  0.000000000000000  0.000000000000000  0.000000000000000  1.000000000000000  0.045185384204555  1.000000000000000  0.495858365369147 
114.0    H  0.014101573866600  0.000000000000000  0.002109329218424  0.009361789229214  0.004578212045604  0.012931200251222  0.792234810924969  0.000000000000000  0.006948898387015  0.007614684616340  0.007011797270838  0.008298118644495  0.010251650426500  0.012886461697033  0.036297147872679  0.019316800951890  0.009875024206663  0.007614684616340  0.000000000000000  0.038821508805764  1.000000000000000  0.000000000000000  0.000000000000000  0.000000000000000  0.000000000000000  0.000000000000000  1.000000000000000  0.045154074935110  1.000000000000000  0.495858365369147 
115.0    A  0.603321959860381  0.040864729641774  0.007614684616340  0.012931200251222  0.000000000000000  0.075206439124969  0.037943590137345  0.003253030355002  0.000000000000000  0.011907381487029  0.000000000000000  0.002997550968752  0.019410754402882  0.017385158134138  0.074583483939483  0.047960815500028  0.020235046857100  0.009604991150426  0.000000000000000  0.014792400488074  1.000000000000000  0.000000000000000  0.000000000000000  0.000000000000000  0.000000000000000  0.000000000000000  1.000000000000000  0.045122787360078  1.000000000000000  0.495858365369147 
116.0    K  0.021079727099058  0.000000000000000  0.022987605403996  0.003530284088871  0.000000000000000  0.085792776953432  0.024130472909118  0.004218658436847  0.559806444327120  0.000000000000000  0.000000000000000  0.061554152680972  0.010813669656652  0.026024242840017  0.092847057541302  0.077106698113094  0.010026764824710  0.000000000000000  0.000000000000000  0.000000000000000  0.996540262827868  0.000000000000000  0.003700664338278  0.000000000000000  0.000000000000000  0.000000000000000  1.000000000000000  0.045122787360078  1.000000000000000  0.495858365369147 
117.0    R  0.022908074331081  0.059788009880742  0.000000000000000  0.017421347167620  0.000000000000000  0.006301888743923  0.039172906888772  0.020560226953578  0.009598335784732  0.004334255750265  0.000000000000000  0.000000000000000  0.006824788249349  0.004274584770550  0.778085176555419  0.021241066279793  0.000000000000000  0.000000000000000  0.000000000000000  0.009611651130868  0.980779003988551  0.019130256131253  0.000000000000000  0.457232544749951  0.542990928161147  0.296478624852737  0.703684187662699  0.044718016250716  0.481630947010074  0.492774668469685 
118.0    V  0.046198825977308  0.004352318948513  0.009472756398920  0.039363436873356  0.000000000000000  0.000000000000000  0.014487977288054  0.083562530962821  0.025155191800660  0.029482445340480  0.006267040362129  0.000000000000000  0.000000000000000  0.007753159177233  0.003501041795193  0.017062821027276  0.014619117153616  0.698823485925533  0.000000000000000  0.000000000000000  0.997922718999051  0.000000000000000  0.002132852628409  0.000000000000000  0.000000000000000  0.667111584838885  0.332862903309093  0.045248067886861  1.000000000000000  0.495858365369147 
119.0    T  0.000000000000000  0.000000000000000  0.010657404959995  0.003708367659963  0.000000000000000  0.000000000000000  0.019791160214425  0.043495199744722  0.016367751985934  0.013193763865997  0.017421347167620  0.016781319869064  0.020249077584896  0.000000000000000  0.034458411345904  0.003239529475838  0.798298386356650  0.002234240182039  0.000000000000000  0.000000000000000  0.989656656415207  0.010258758792376  0.000000000000000  1.000000000000000  0.000000000000000  0.454704125900367  0.545253866332629  0.046134825177589  0.496202187342909  0.498615625676035 
120.0    I  0.000000000000000  0.000000000000000  0.000000000000000  0.000000000000000  0.005875795903862  0.000000000000000  0.020053529649420  0.426908857195622  0.010664794670978  0.384751805040216  0.005365766536834  0.009551877169469  0.000000000000000  0.000000000000000  0.000000000000000  0.014101573866600  0.006254021958252  0.116629123942101  0.000000000000000  0.000000000000000  1.000000000000000  0.000000000000000  0.000000000000000  0.000000000000000  0.000000000000000  0.000000000000000  1.000000000000000  0.046134825177589  1.000000000000000  0.500000000000000 
121.0    M  0.018971795068673  0.020617311105826  0.012048522073500  0.053474689105163  0.052701944390632  0.000000000000000  0.008065613558463  0.023454360898662  0.043555538708983  0.021359178936591  0.443498152576075  0.040414029121484  0.000000000000000  0.070560275300383  0.023683071351725  0.011164016716727  0.133693385985656  0.005399344556752  0.000000000000000  0.017313005435389  1.000000000000000  0.000000000000000  0.000000000000000  0.000000000000000  0.000000000000000  0.000000000000000  1.000000000000000  0.046134825177589  1.000000000000000  0.500000000000000 
122.0    P  0.077267203807559  0.000000000000000  0.019586453444386  0.016711673248207  0.000000000000000  0.013405789537948  0.001244688112616  0.018632951130166  0.050906722691888  0.042866665268456  0.000000000000000  0.002479044699257  0.399980064166376  0.081786129465938  0.036651092163496  0.047828024056958  0.041349107497129  0.149373900607098  0.000000000000000  0.000000000000000  0.992404374685819  0.007468322793701  0.000000000000000  0.069540632536552  0.930449657703015  1.000000000000000  0.000000000000000  0.046843737554861  0.494142825750366  0.500000000000000 
123.0    K  0.005941323254848  0.000000000000000  0.027016788478371  0.025880333166705  0.000000000000000  0.026681803574726  0.000000000000000  0.000000000000000  0.572362080299342  0.000000000000000  0.000000000000000  0.024063661694877  0.011973593439123  0.016746460352130  0.230845577682349  0.019532223477894  0.030395467106634  0.008525499039492  0.000000000000000  0.000000000000000  1.000000000000000  0.000000000000000  0.000000000000000  0.000000000000000  0.000000000000000  0.000000000000000  0.000000000000000  0.047267749915124  1.000000000000000  1.000000000000000 
124.0    D  0.001791023521884  0.000000000000000  0.874178620410373  0.008390659934532  0.000000000000000  0.000000000000000  0.019915009801863  0.000000000000000  0.009290680585959  0.000000000000000  0.000000000000000  0.029238234307231  0.000000000000000  0.000000000000000  0.005505159199774  0.016333751565706  0.032061817041786  0.003166269999552  0.000000000000000  0.000000000000000  1.000000000000000  0.000000000000000  0.000000000000000  0.000000000000000  0.000000000000000  0.000000000000000  0.000000000000000  0.047267749915124  1.000000000000000  1.000000000000000 
125.0    I  0.004906806176342  0.000000000000000  0.000000000000000  0.000000000000000  0.057871626407958  0.000000000000000  0.003522950696806  0.430773079856009  0.012456132445946  0.078237278665875  0.288171586699716  0.000000000000000  0.000000000000000  0.000000000000000  0.000000000000000  0.015722778492153  0.035624164771671  0.069782060123911  0.002993398359781  0.000000000000000  1.000000000000000  0.000000000000000  0.000000000000000  1.000000000000000  0.000000000000000  0.000000000000000  0.000000000000000  0.049138580758771  1.000000000000000  1.000000000000000 
