No:  residues  hmm_col_1  hmm_col_2  hmm_col_3  hmm_col_4  hmm_col_5  hmm_col_6  hmm_col_7  hmm_col_8  hmm_col_9  hmm_col_10  hmm_col_11  hmm_col_12  hmm_col_13  hmm_col_14  hmm_col_15  hmm_col_16  hmm_col_17  hmm_col_18  hmm_col_19  hmm_col_20  hmm_col_21   hmm_col_22   hmm_col_23   hmm_col_24   hmm_col_25   hmm_col_26   hmm_col_27   hmm_col_28   hmm_col_29   hmm_col_30   
1.0    G  0.018491422214884  0.010488847677971  0.003079688179907  0.029016151634585  0.000000000000000  0.629378586752429  0.001858043508461  0.009329399899020  0.066430979647410  0.005508976408142  0.000000000000000  0.016097718025314  0.025435724533451  0.040978187944239  0.017738157846032  0.098413497071150  0.012335841979696  0.000000000000000  0.000000000000000  0.015635834179103  0.990342871933025  0.000000000000000  0.009558500321343  1.000000000000000  0.000000000000000  0.000000000000000  0.000000000000000  0.077428043611494  0.497579860910041  1.000000000000000 
2.0    G  0.044656066866909  0.000000000000000  0.000000000000000  0.035427169149326  0.002800693843781  0.599985691186608  0.005578140545645  0.000000000000000  0.012464769372016  0.007259067767585  0.000000000000000  0.021006796783635  0.068630800861691  0.012073602338250  0.016322433794754  0.101320639985664  0.016042024151875  0.036473690681827  0.009624984948795  0.010230354867840  0.984184022033800  0.015527829583165  0.000000000000000  0.310787417225985  0.689202576487815  1.000000000000000  0.000000000000000  0.068109507013333  0.494142825750366  0.497235084336607 
3.0    K  0.079109787123142  0.000000000000000  0.010532560404196  0.055552667572911  0.000000000000000  0.003799433388329  0.017579038823263  0.009525430422471  0.644387315242508  0.015124172295215  0.000000000000000  0.016008700359888  0.014457881688091  0.035896823593657  0.031012636708932  0.025242524300300  0.021974893748642  0.019709022012988  0.000000000000000  0.000000000000000  0.984866442895551  0.010258758792376  0.005143620789294  0.111955708761356  0.888226795842405  0.000000000000000  0.000000000000000  0.064793818813733  0.495858365369147  1.000000000000000 
4.0    A  0.574747424017338  0.008355836624103  0.003312187361848  0.002901470548166  0.000000000000000  0.045248067886861  0.006712193398025  0.009005362084366  0.026387527731993  0.028008334361544  0.012788580962356  0.000000000000000  0.065698306817982  0.039664715188119  0.006853230849475  0.051976381148432  0.074325444687670  0.044132950137024  0.000000000000000  0.000000000000000  1.000000000000000  0.000000000000000  0.000000000000000  0.062500000000000  0.937571096457110  1.000000000000000  0.000000000000000  0.060371020557803  0.500000000000000  0.500000000000000 
5.0    P  0.046359216682535  0.000000000000000  0.008149910886952  0.000000000000000  0.008065613558463  0.012267626854275  0.006772949714958  0.012958117903351  0.040302132832996  0.014812921330135  0.005839254877480  0.032917532373589  0.614719433627290  0.055322110286222  0.024671683959392  0.085082132281217  0.017469716421342  0.014062530153024  0.000000000000000  0.000000000000000  0.989656656415207  0.006824788249349  0.003708367659963  0.103091693576260  0.896888159662015  0.000000000000000  0.000000000000000  0.060078808024298  0.495858365369147  1.000000000000000 
6.0    R  0.004825854051277  0.013303964183577  0.005875795903862  0.015810206266046  0.000000000000000  0.014967737784730  0.018085784640471  0.005966083976409  0.112344390826379  0.017253106986923  0.000000000000000  0.000000000000000  0.029076551803219  0.036196650193583  0.627635995641322  0.031358492140922  0.043465061615937  0.016653855251062  0.000000000000000  0.007269137950805  0.997231251352069  0.002629492322806  0.000000000000000  0.500000000000000  0.500000000000000  0.000000000000000  1.000000000000000  0.058435949859466  0.500000000000000  0.500000000000000 
7.0    K  0.005990947889348  0.000000000000000  0.000000000000000  0.020277168233425  0.004256844188333  0.024097044146999  0.014308338850283  0.011210543239115  0.647072827241427  0.003241775724961  0.008229383093397  0.011477879947487  0.028517671516983  0.000000000000000  0.132954084111648  0.034578042284134  0.014199658069508  0.021418481327808  0.010265872087104  0.008082402980616  0.923382310729395  0.067968024428430  0.008449021589716  0.223446290589197  0.776468875001040  0.000000000000000  1.000000000000000  0.058354996557207  0.465547409915115  0.500000000000000 
8.0    Q  0.044102370106522  0.000000000000000  0.000000000000000  0.021747599872361  0.000000000000000  0.006108356586942  0.012665079998208  0.023650262390150  0.099442060469365  0.015218816695988  0.009485897534336  0.017935975216484  0.038340155539181  0.426613049056034  0.084905392784309  0.075887180274690  0.076521024525013  0.016288527513143  0.020905118043533  0.010230354867840  0.995159721820083  0.000000000000000  0.005090418552200  0.000000000000000  0.000000000000000  0.000000000000000  1.000000000000000  0.058598193528569  1.000000000000000  0.491751037013124 
9.0    L  0.032084048303750  0.000000000000000  0.000000000000000  0.002327505028465  0.006587743048829  0.011890885787807  0.001920902488333  0.093040328447909  0.032690154368517  0.507331273290440  0.048327896090957  0.002562912606625  0.082698214994258  0.025453361345944  0.020645912588410  0.048294409352999  0.014771908074230  0.031206708315657  0.029441602309525  0.008869078923016  0.961927454664775  0.021226348196077  0.016746460352130  0.316439148492570  0.683493725970905  0.594603557501361  0.405282559942655  0.058476468614463  0.492092011016900  0.488692883205403 
10.0    A  0.542990928161147  0.005051753640185  0.004578212045604  0.009591685030586  0.000000000000000  0.063153215405423  0.000000000000000  0.019343598294335  0.014588749139302  0.017205337470281  0.023003544721378  0.005616939581433  0.067639040282857  0.025277542136304  0.032374461361251  0.064838746035351  0.038022573707315  0.033423346496414  0.016176014435022  0.017301009132567  0.936921446872426  0.063372467486877  0.000000000000000  0.215237297084726  0.784584097896751  0.926588061890371  0.073251392729657  0.055629733328281  0.445346450303340  0.475988954248766 
11.0    S  0.117766409238101  0.013984766733250  0.000000000000000  0.006647372886770  0.005262631159632  0.034746223672410  0.014782150730087  0.012048522073500  0.064079202368037  0.012031830847439  0.015997607819194  0.016584737639841  0.053586002289636  0.010026764824710  0.028795755818709  0.197100043514070  0.382624192455667  0.010701820155981  0.000000000000000  0.003105411136519  0.983502074026248  0.004635690615846  0.012015162744299  0.137071448573487  0.862741344542656  0.681129017320244  0.318861097919636  0.056406295466402  0.499307333050514  0.496546247718518 
12.0    K  0.037059828106592  0.000000000000000  0.012370091654239  0.016630784100834  0.008686555918102  0.012841877926482  0.000000000000000  0.019077289260455  0.568014632393343  0.015474107373954  0.020775111065339  0.018262144508769  0.063592480756418  0.009316475565083  0.112111019957752  0.020263118041422  0.047695600280017  0.007411596212035  0.010547171758771  0.000000000000000  0.974004268543241  0.024433426347769  0.001601900217181  0.180366085857704  0.819604607637517  0.443805668634749  0.555939578758553  0.055360469943898  0.485653747770817  0.492092011016900 
13.0    A  0.476979775273779  0.008887540842754  0.011390698272005  0.020560226953578  0.000000000000000  0.032917532373589  0.000000000000000  0.008037708655419  0.087838668762920  0.020151066416498  0.007525483547032  0.007888682012474  0.030691862351981  0.012242143546083  0.034722147770472  0.084787770465479  0.080047491333111  0.070805242830987  0.000000000000000  0.004310288047039  0.929160674250913  0.049138580758771  0.021883692513863  0.261340025051291  0.738669031791280  0.169106028881284  0.831045861593648  0.055360469943898  0.469435873657726  0.491069797631696 
14.0    A  0.445346450303340  0.006363340336486  0.013489680602725  0.021300040738789  0.011833330592789  0.030991147835572  0.011882646509695  0.029096713119695  0.055322110286222  0.049002528379734  0.000000000000000  0.008698606392412  0.071051060827251  0.002141741383961  0.076733480244691  0.062803988776487  0.063769041203029  0.040190546357206  0.000000000000000  0.000000000000000  0.959929261038908  0.022718320583130  0.017122058850745  0.093817443594648  0.906261938267334  0.246387334234843  0.753667454779191  0.057074890625749  0.474013482564323  0.477641468191219 
15.0    R  0.032307210507749  0.017469716421342  0.008240799352094  0.023880883136956  0.000000000000000  0.093298648956060  0.034315400430845  0.000000000000000  0.092077980363530  0.020876157474845  0.000000000000000  0.009929935072701  0.033819520141429  0.049240867878084  0.485317234884773  0.052775055463986  0.022686848123498  0.017824433060444  0.000000000000000  0.005847355417159  0.937571096457110  0.018023212579063  0.044501568612408  0.151984910397887  0.847919964633148  0.000000000000000  1.000000000000000  0.059870951138919  0.489710148793463  0.460412848602520 
16.0    K  0.042511589137686  0.000000000000000  0.015986522964601  0.008844522672740  0.009005362084366  0.033307710502123  0.004120399676047  0.016075417310837  0.559418550517856  0.007134361328219  0.010881339692727  0.027450952132449  0.045154074935110  0.029137077701151  0.068583246098703  0.052410511527558  0.058679484207216  0.011241668593835  0.000000000000000  0.000000000000000  0.958599438492977  0.025190088484155  0.016053147490296  0.402483068810561  0.597495602428391  0.498615625676035  0.501388217950539  0.059581159080510  0.483303048532487  0.428390977384285 
17.0    S  0.113439894414645  0.003775805066660  0.000000000000000  0.006886563733650  0.005593627895317  0.050765774772265  0.017518219969195  0.007006938747359  0.035648866120888  0.013415084944340  0.020977695355942  0.040358042196948  0.038075320739850  0.027508094173848  0.091441951294020  0.452189688780544  0.044966674375338  0.026424133980547  0.000000000000000  0.004091937996484  1.000000000000000  0.000000000000000  0.000000000000000  0.000000000000000  0.000000000000000  0.000000000000000  1.000000000000000  0.059995578814932  1.000000000000000  0.453130969133667 
18.0    A  0.436786447958347  0.000000000000000  0.018491422214884  0.035698320214017  0.007421877991210  0.060790934213268  0.002517137950166  0.022781396544009  0.019437682082789  0.016956708935653  0.014140725982545  0.003963525572582  0.110032376695394  0.011367036590897  0.060833085884890  0.081503170953660  0.031973045929201  0.065425642623411  0.000000000000000  0.000000000000000  0.879649075922436  0.103234708116965  0.017313005435389  0.516199267741621  0.483638164806966  0.040893064732969  0.959264119325264  0.058883204619051  0.437089310205187  0.453130969133667 
19.0    P  0.012994095287108  0.000000000000000  0.007910584432426  0.023980407750014  0.005186582649931  0.084260483233566  0.003721242179859  0.009631658792686  0.079494562921473  0.036752851571593  0.000000000000000  0.018453010334836  0.514056913328033  0.025453361345944  0.027718634536005  0.074738737298508  0.045911519789947  0.025260027150174  0.000000000000000  0.004622855553721  0.962594443101751  0.008082402980616  0.029564301460175  0.122342706299679  0.877821797609519  0.036372704200067  0.963929807740643  0.059581159080510  0.490049707670935  0.440740078953585 
20.0    S  0.248962438273615  0.014802657353114  0.024315161767357  0.020503300852999  0.004739662344721  0.038181034427297  0.006551313940945  0.014427848605147  0.047629525948118  0.043646204139606  0.005143620789294  0.022686848123498  0.052120690239060  0.023438109207591  0.039254449410735  0.249307812838017  0.100551046367739  0.037525107108913  0.000000000000000  0.006223750752231  0.879039560911787  0.070658160445287  0.050136322897030  0.325786787340824  0.674083865868528  0.245705149636313  0.754190038343289  0.058153103606438  0.445655247948486  0.415235012045447 
21.0    T  0.064748922722501  0.007254037908646  0.009080578964985  0.014854048456716  0.013926726498390  0.034674046002120  0.010322956294205  0.022051185053261  0.041177498491692  0.024654588776640  0.004680894614607  0.013602352551502  0.065289735179014  0.036600318163088  0.040190546357206  0.105039219029160  0.433468781757343  0.032307210507749  0.000000000000000  0.026132699997314  0.966606097064973  0.011501772360689  0.022035905632569  0.257385020858499  0.742776460330414  0.364502344704145  0.635515844652833  0.061682284117865  0.494485458190466  0.397768241877459 
22.0    G  0.051331918797004  0.010672189505894  0.048562954299003  0.031642337729703  0.000000000000000  0.521594296764929  0.008257953441886  0.016153605253874  0.044656066866909  0.014072280935124  0.003713512114179  0.008373230176065  0.033469713224733  0.042629619839980  0.046423528770651  0.069878865685366  0.022592692102277  0.026132699997314  0.000000000000000  0.000000000000000  0.948684315140454  0.017506081471784  0.033960464453939  0.141414307855738  0.858565436437754  0.133323222603971  0.866937563514687  0.061086610400675  0.487339815445774  0.418413121341696 
23.0    G  0.057432055217441  0.000000000000000  0.005691402788664  0.015061403245948  0.000000000000000  0.512278411516401  0.016898043179432  0.010724097119179  0.049070507417098  0.011613929565867  0.002675455038995  0.025612643988672  0.069492447344819  0.031620412532092  0.037162722343835  0.083273426568251  0.046778843337272  0.008206598000084  0.002273294012504  0.014298424501999  0.964598184584138  0.034506213973847  0.000799286310147  0.087474116599700  0.912565488543452  0.143686856004335  0.856188284546457  0.063990431276778  0.468460723436213  0.404721108273704 
24.0    V  0.046455718263469  0.000000000000000  0.019887420863687  0.017169597149639  0.028875705388963  0.017313005435389  0.002416274372436  0.067545337627459  0.069492447344819  0.039885274025905  0.015239929086369  0.007329853097661  0.085200162955157  0.063197005053207  0.015711884068726  0.045657636829552  0.057035343033966  0.401646998378517  0.000000000000000  0.000000000000000  0.913198250011992  0.068821349881123  0.017935975216484  0.210953949032504  0.788946840852465  0.298127218082658  0.701735863019538  0.063022028430912  0.453130969133667  0.416676603579609 
25.0    K  0.036372704200067  0.000000000000000  0.003353771236085  0.025648175275328  0.000000000000000  0.016619260513956  0.018198962288570  0.023292349793733  0.498615625676035  0.005104551773020  0.015474107373954  0.017481829703683  0.051260806949795  0.034915223064757  0.178129701768598  0.042955896736626  0.016345077184258  0.016120049676584  0.000000000000000  0.000000000000000  0.949342120950519  0.021747599872361  0.029177498278604  0.367801686463934  0.632439771176968  0.266277050848354  0.733566672083662  0.066017851584491  0.470739232270603  0.427204870444866 
26.0    K  0.037681494615336  0.000000000000000  0.013583508751407  0.019970302550048  0.000000000000000  0.010287241578588  0.023568438698228  0.000000000000000  0.586417474615939  0.012779719664965  0.007910584432426  0.019846109102169  0.019722688001752  0.058112808913323  0.123023002754225  0.021270533070304  0.027129382112533  0.013984766733250  0.000000000000000  0.004862789981962  0.982139595263391  0.007149212250999  0.011017952816284  0.085200162955157  0.915099168127928  0.447202450891303  0.552865326660134  0.065244495463857  0.481964903870322  0.426613049056034 
27.0    P  0.031489180012828  0.000000000000000  0.000000000000000  0.018300159081544  0.000000000000000  0.009264957026648  0.016968466505036  0.006533174999329  0.179244406001978  0.021403640311962  0.007208925723858  0.018060729789919  0.501735874254751  0.027223568504446  0.064793818813733  0.049070507417098  0.037369368649254  0.008093615340313  0.000000000000000  0.003275656970472  0.960594863953477  0.035698320214017  0.003388822996688  0.294430697398745  0.705637921704346  0.489710148793463  0.510506062853597  0.062326953209504  0.475000191437443  0.448444079831007 
28.0    H  0.003703230332534  0.000000000000000  0.000000000000000  0.021463066147338  0.021642335439233  0.006015915423719  0.464258426153364  0.005051753640185  0.084143754329799  0.020560226953578  0.000000000000000  0.014407861217385  0.008531410513638  0.035402621415494  0.188939991039528  0.026497498894786  0.029157280985525  0.006163647194160  0.000000000000000  0.064123634083571  0.932386486436833  0.012499377005199  0.055245470691479  0.380244688310252  0.619853849969493  0.267757705797864  0.732550437305669  0.061213768599183  0.490049707670935  0.470413053756894 
29.0    R  0.016538818669924  0.020432364820887  0.000000000000000  0.020934118787935  0.006461120065963  0.016288527513143  0.019263317585372  0.000000000000000  0.063328556259943  0.000000000000000  0.000000000000000  0.021597378227009  0.022892201165802  0.007437327410137  0.724973416439426  0.027661055143111  0.018645870984871  0.010987446874321  0.000000000000000  0.002374764224967  0.984184022033800  0.012259126529637  0.003804704173997  0.076045147414629  0.924022572446823  0.627201102260497  0.372677596699730  0.059788009880742  0.472701058375372  0.430474594169452 
30.0    Y  0.028497911422493  0.011948720920959  0.000000000000000  0.003058415219752  0.217336140022505  0.008513688376667  0.031120304784202  0.016851256745226  0.016676958406874  0.012806321994336  0.003879267560301  0.012490716099257  0.008338479203437  0.003020493505685  0.053363607149453  0.023357019509921  0.009368280576493  0.027091798859834  0.076627178753322  0.435577096071128  0.982820598545251  0.000000000000000  0.017325010056298  0.000000000000000  0.000000000000000  0.341273429471292  0.658839975867070  0.058233776831548  1.000000000000000  0.472046209575125 
31.0    K  0.014199658069508  0.011849746448238  0.000000000000000  0.000000000000000  0.006900898839699  0.003426615424738  0.020193012978711  0.010724097119179  0.179244406001978  0.005528102188776  0.000000000000000  0.006810611246383  0.029790579540255  0.000000000000000  0.675955416514063  0.013754047086924  0.013039207518053  0.008572905762338  0.000000000000000  0.000000000000000  0.974004268543241  0.001522861020725  0.024247839196089  0.215088157652860  0.785128118673572  0.239317864548824  0.760489376620505  0.059498619281096  0.496890546661277  0.467487598875728 
32.0    P  0.054146053525005  0.000000000000000  0.000000000000000  0.000000000000000  0.000000000000000  0.000000000000000  0.003680200288691  0.006488047063210  0.020861692238999  0.008813922948879  0.000000000000000  0.010258758792376  0.755759964158113  0.012259126529637  0.056523711097568  0.039719740290802  0.018620040227719  0.006891338790603  0.004307301418238  0.001493590115120  0.980099415341871  0.017493951385222  0.002682883268417  0.637722195839272  0.362235538638720  0.123535706437592  0.876605721316035  0.058395459180199  0.477310507069858  0.458184322337676 
33.0    G  0.020151066416498  0.000000000000000  0.008728805766189  0.005949565389466  0.004839252725718  0.741747466920561  0.014189819026899  0.000000000000000  0.032826392000336  0.014538275901610  0.007006938747359  0.006249688502600  0.000000000000000  0.014268722656437  0.062760471452436  0.041897268486885  0.005090418552200  0.014926295880976  0.001778652018734  0.003186083958356  0.946713631236714  0.038393343138927  0.014864348067684  0.273763117698394  0.725979139951947  0.173860246463749  0.826450318154212  0.055475708579344  0.466839972457657  0.459775023075829 
34.0    T  0.038499939795180  0.015239929086369  0.024416496255385  0.026405824512891  0.022545760732213  0.004521446160118  0.014833470639852  0.030458738465361  0.033632503899494  0.035698320214017  0.018788582014034  0.017027376753333  0.024180703024100  0.053586002289636  0.008032139270751  0.058153103606438  0.553632292242143  0.014812921330135  0.005754873772721  0.000000000000000  0.993781093322555  0.002404578932314  0.004069310269563  0.088572337281764  0.911301280637141  0.257563488405019  0.742261785314525  0.051403129294529  0.493116352246680  0.441963765531836 
35.0    V  0.021079727099058  0.017701310707747  0.000000000000000  0.013499034178129  0.003917095452739  0.016030908520893  0.005632534654142  0.012387252134536  0.136597217387619  0.109120948891720  0.023067412588794  0.032061817041786  0.012438876543418  0.022828818414776  0.082354996983384  0.000000000000000  0.018998113799736  0.460412848602520  0.007861389246076  0.003993861447695  0.995159721820083  0.002235789376169  0.002322670146490  0.568014632393343  0.432268615653933  0.356506429341035  0.643494623650635  0.047431851655439  0.492092011016900  0.453759577658580 
36.0    A  0.672683604260913  0.003208244924813  0.000000000000000  0.004002175089972  0.011533706294397  0.004726539411013  0.008496003053554  0.009505643426829  0.000000000000000  0.029482445340480  0.010731533073669  0.018827692421794  0.000000000000000  0.000000000000000  0.007726335284226  0.067920928907879  0.036727385263118  0.096455010941183  0.018135998662246  0.000000000000000  0.981459063853479  0.007763914791582  0.011102281587354  0.262247331893736  0.737645728541420  0.095193046231454  0.905006462882905  0.044286168640882  0.485653747770817  0.467163673441590 
37.0    L  0.007075265492327  0.001858043508461  0.011613929565867  0.023650262390150  0.023373214974412  0.000000000000000  0.014150530984653  0.050625217102003  0.004160578919506  0.760489376620505  0.012023493907507  0.020617311105826  0.008967987608242  0.011063870611051  0.011257263662796  0.008734858210671  0.000000000000000  0.021582413252248  0.008602668735140  0.000000000000000  1.000000000000000  0.000000000000000  0.000000000000000  0.027776333786455  0.971980987981352  0.182504001331815  0.817335328488283  0.042511589137686  0.497235084336607  0.459456441739525 
38.0    R  0.016379101179952  0.050136322897030  0.011249463425896  0.008263679403269  0.001278794358480  0.009558500321343  0.047497651762547  0.006712193398025  0.155393708612992  0.017373111836205  0.015176679617838  0.004035603076891  0.025435724533451  0.065244495463857  0.523405140987288  0.017664540111322  0.002044551331982  0.002613139755442  0.008602668735140  0.011800567074710  0.979420297586927  0.005547294369310  0.014978116226453  0.333324669272800  0.666649338545599  0.501735874254751  0.498270131413934  0.041781265481410  0.496202187342909  0.467163673441590 
39.0    E  0.004543437662296  0.000000000000000  0.029708096913432  0.859160754947185  0.000000000000000  0.004236239878293  0.000000000000000  0.000000000000000  0.032240099353167  0.000000000000000  0.003664926548831  0.000000000000000  0.009162773040874  0.014548356559847  0.009181846315779  0.025453361345944  0.000000000000000  0.007949060094552  0.000000000000000  0.000000000000000  0.997231251352069  0.001737224596754  0.001262938410046  1.000000000000000  0.000000000000000  0.109499789383391  0.890692900606681  0.042159454198116  0.499307333050514  0.469110598250336 
40.0    I  0.000000000000000  0.008161216897377  0.000000000000000  0.000000000000000  0.006007581372149  0.004236239878293  0.000000000000000  0.852044095074866  0.005069292058356  0.019024469041609  0.015061403245948  0.000000000000000  0.006592310907266  0.009162773040874  0.000000000000000  0.009169126392823  0.009978232493714  0.055706905993561  0.000000000000000  0.000000000000000  0.997922718999051  0.002113720008839  0.000000000000000  0.333324669272800  0.666649338545599  0.000000000000000  1.000000000000000  0.042130241616783  0.500000000000000  0.471065636952404 
41.0    R  0.011086901220315  0.038128140946007  0.000000000000000  0.007094909513449  0.000000000000000  0.006796463693036  0.057154068093744  0.004030012419146  0.068964608752622  0.022939853688033  0.007731692628244  0.016700093612672  0.015931213796847  0.017397212784823  0.683020128377198  0.017849160107009  0.009485897534336  0.004416135027830  0.004100455795403  0.007060568177743  0.998614666101029  0.000000000000000  0.001607461611872  0.000000000000000  0.000000000000000  0.000000000000000  1.000000000000000  0.042159454198116  1.000000000000000  0.471065636952404 
42.0    R  0.024382671255428  0.016008700359888  0.000000000000000  0.011296346051139  0.057631444869539  0.000000000000000  0.079549683454746  0.001963985508591  0.264437740904607  0.026205255763779  0.005219039368711  0.029543816148461  0.022765611154656  0.055784185717061  0.313383255110173  0.040079268836320  0.013489680602725  0.005883947135288  0.001482245364232  0.030926770512975  0.974679630891549  0.000000000000000  0.025312608551001  0.000000000000000  0.000000000000000  0.106284270008024  0.893785162356787  0.042130241616783  1.000000000000000  0.468460723436213 
43.0    Y  0.007370611335120  0.007834190905477  0.007801677078914  0.009678505451437  0.099511012347347  0.000000000000000  0.021359178936591  0.009264957026648  0.003574606125500  0.164253953393671  0.007355300504228  0.002122529028371  0.000000000000000  0.024433426347769  0.004268663043363  0.002814315915699  0.000000000000000  0.000000000000000  0.000000000000000  0.628506687260914  0.978741650397436  0.007551610133320  0.013527133836245  0.411795508633787  0.588045625145482  0.000000000000000  1.000000000000000  0.043737058299850  0.495171435966512  0.446892581178393 
44.0    Q  0.007468322793701  0.000000000000000  0.000000000000000  0.024826075003003  0.000000000000000  0.000000000000000  0.007927051145163  0.000000000000000  0.022702578899553  0.000000000000000  0.008992886650998  0.018723578458428  0.015495573917786  0.844400887423782  0.026571067502006  0.008065613558463  0.007179006902180  0.007504647374637  0.000000000000000  0.000000000000000  1.000000000000000  0.000000000000000  0.000000000000000  0.000000000000000  0.000000000000000  0.249480679749763  0.750539548757186  0.044409126349417  1.000000000000000  0.427501088945986 
45.0    K  0.037864770638445  0.000000000000000  0.004189518034445  0.019709022012988  0.000000000000000  0.006583178355493  0.022436632978491  0.000000000000000  0.581560020773925  0.005754873772721  0.008021012075937  0.024113752735296  0.007365504186861  0.035896823593657  0.146401272652351  0.080269738061839  0.019970302550048  0.000000000000000  0.000000000000000  0.000000000000000  0.984866442895551  0.007828762539685  0.007416735319926  0.466516495768404  0.533292890415882  0.142694338390847  0.857376036634172  0.043495199744722  0.493458272942921  0.445037866626248 
46.0    S  0.024365776331604  0.002122529028371  0.014101573866600  0.007796271242180  0.020221025851295  0.042807280623924  0.025988190574216  0.004370457425921  0.010701820155981  0.011367036590897  0.003841804976665  0.033889919026346  0.014957366534302  0.009220112057314  0.023163547028169  0.644387315242508  0.103449602009776  0.003111875376116  0.000000000000000  0.000000000000000  0.995849753094458  0.003908958544776  0.000000000000000  0.125000000000000  0.874784764905822  0.245364765963370  0.754712984260280  0.042807280623924  0.497235084336607  0.444113397921202 
47.0    T  0.017145811524676  0.002356726405705  0.013564691056266  0.046746429948825  0.004951220789197  0.020948634243443  0.010903990344704  0.015474107373954  0.000000000000000  0.000000000000000  0.007324774191071  0.008507789182313  0.045468146363586  0.010401965728409  0.006987538295177  0.049206748535575  0.676424115525137  0.052048485680034  0.008838394240984  0.002820174210005  0.982139595263391  0.000000000000000  0.017886315009354  0.000000000000000  0.000000000000000  0.000000000000000  1.000000000000000  0.042511589137686  1.000000000000000  0.457866843209063 
48.0    E  0.018300159081544  0.014957366534302  0.162893393670412  0.358488812003957  0.003815267691259  0.061596833558711  0.044132950137024  0.000000000000000  0.070462525759089  0.004443770421377  0.005597506446770  0.112033337446176  0.005727018582770  0.046455718263469  0.031315050158739  0.028419007868773  0.014199658069508  0.011874412940637  0.000000000000000  0.005395603313062  0.990342871933025  0.000000000000000  0.009964409309989  0.000000000000000  0.000000000000000  0.118914784541475  0.880869374126979  0.042600081477578  1.000000000000000  0.434672280045011 
49.0    L  0.022312562182579  0.007609408347994  0.007309558576808  0.004779250160671  0.084085450532614  0.000000000000000  0.006271385849343  0.020660228205353  0.006202218210404  0.716480825186550  0.021898866391887  0.012301687133894  0.019077289260455  0.000000000000000  0.023814762974059  0.015799251263302  0.023405639600378  0.007790869151188  0.000000000000000  0.000000000000000  0.999307092990453  0.000000000000000  0.000902991482533  0.142892291926755  0.857376036634172  0.396941965465826  0.602903913845380  0.042541066140609  0.484644908467533  0.432268615653933 
50.0    L  0.007894151925678  0.005920767837931  0.000000000000000  0.007774685326719  0.033702513490452  0.000000000000000  0.011226095129250  0.114784520287615  0.000000000000000  0.734584316639154  0.024416496255385  0.000000000000000  0.005410583859808  0.000000000000000  0.001679211887193  0.025347723611783  0.000000000000000  0.027508094173848  0.000000000000000  0.000000000000000  1.000000000000000  0.000000000000000  0.000000000000000  0.000000000000000  0.000000000000000  0.328963631257252  0.670821112441131  0.040302132832996  1.000000000000000  0.457866843209063 
51.0    I  0.000000000000000  0.009957504900932  0.000000000000000  0.002096211496862  0.068821349881123  0.000000000000000  0.011156281091290  0.675018992561373  0.000000000000000  0.135184345435452  0.014397877909355  0.012301687133894  0.012395841299862  0.002843729587889  0.017542522219900  0.000000000000000  0.009220112057314  0.023357019509921  0.000000000000000  0.005558841645448  0.982139595263391  0.017542522219900  0.000000000000000  0.155178436440764  0.844986384412514  0.000000000000000  1.000000000000000  0.040978187944239  0.479964630519454  0.472046209575125 
52.0    R  0.035060733766578  0.019424213576624  0.006142322594846  0.004195329967266  0.006661210091937  0.001771270173698  0.029441602309525  0.000000000000000  0.019777446780786  0.081052472165688  0.000000000000000  0.004044003608755  0.315781815461450  0.034939432842683  0.390934821564297  0.035402621415494  0.007060568177743  0.008132981231907  0.000000000000000  0.000000000000000  0.997922718999051  0.000000000000000  0.002023403835078  0.000000000000000  0.000000000000000  0.157344646688107  0.842646829503152  0.041752314949691  1.000000000000000  0.455019412040450 
53.0    K  0.032735503971869  0.006061959799022  0.005448217446681  0.010173782731008  0.020404059173264  0.000000000000000  0.013489680602725  0.007238969233519  0.657927262514504  0.004449935067274  0.000000000000000  0.008032139270751  0.005990947889348  0.044749023162536  0.146097156070156  0.010554485035435  0.006315006787543  0.020151066416498  0.000000000000000  0.000000000000000  1.000000000000000  0.000000000000000  0.000000000000000  0.000000000000000  0.000000000000000  0.000000000000000  1.000000000000000  0.040274207202657  1.000000000000000  0.460093825312437 
54.0    L  0.208916739730463  0.000000000000000  0.002031836458051  0.024298313621330  0.016515906883772  0.018542762463383  0.000000000000000  0.056641371141708  0.014936645587402  0.520871714504111  0.017923547253534  0.008930768245422  0.005451995172352  0.010561803383032  0.027699428099840  0.034410674940561  0.026534257701464  0.004089102663963  0.000000000000000  0.001751734686840  0.996540262827868  0.003698100122018  0.000000000000000  0.500000000000000  0.500000000000000  0.000000000000000  1.000000000000000  0.040162698045918  0.497924876547229  0.460093825312437 
55.0    P  0.034842694335241  0.021344379011787  0.000000000000000  0.000000000000000  0.000000000000000  0.006020086784050  0.004044003608755  0.050800975124020  0.000000000000000  0.028261855548784  0.000000000000000  0.002634965887382  0.691116103264291  0.008704637897026  0.039802421103953  0.074583483939483  0.019709022012988  0.013782677581206  0.000000000000000  0.004358356727832  0.990342871933025  0.009671799147168  0.000000000000000  1.000000000000000  0.000000000000000  0.000000000000000  1.000000000000000  0.041320456410705  0.493800430722686  0.460093825312437 
56.0    F  0.010642640895629  0.000000000000000  0.000000000000000  0.000000000000000  0.929804942613162  0.000000000000000  0.000000000000000  0.004044003608755  0.000000000000000  0.031532863557646  0.006202218210404  0.000000000000000  0.000000000000000  0.000000000000000  0.000000000000000  0.005380664243684  0.003282475594661  0.004934090866585  0.000000000000000  0.004358356727832  1.000000000000000  0.000000000000000  0.000000000000000  0.000000000000000  0.000000000000000  0.629814989973700  0.370359949505080  0.041320456410705  1.000000000000000  0.460093825312437 
57.0    Q  0.145490816800267  0.022655419263732  0.010445316370353  0.023486898094774  0.013946046429265  0.024231037698344  0.018110874248507  0.040274207202657  0.012199788946990  0.002252901572383  0.017361073885236  0.006834255975827  0.019117000642685  0.407818746669505  0.035822255804012  0.118750047859361  0.040751585476830  0.034602018265134  0.005986796719562  0.000000000000000  1.000000000000000  0.000000000000000  0.000000000000000  0.000000000000000  0.000000000000000  0.000000000000000  1.000000000000000  0.040414029121484  1.000000000000000  0.486664687079119 
58.0    R  0.031012636708932  0.020503300852999  0.010657404959995  0.003332914445750  0.000000000000000  0.024860515117341  0.053772039413215  0.000000000000000  0.031973045929201  0.010117523428550  0.005516618767128  0.000000000000000  0.000000000000000  0.018123432101647  0.717972255311718  0.034939432842683  0.013057296233154  0.007731692628244  0.001919571481534  0.014377932041014  0.982139595263391  0.000000000000000  0.018060729789919  0.000000000000000  0.000000000000000  0.000000000000000  1.000000000000000  0.040190546357206  1.000000000000000  0.486664687079119 
59.0    L  0.008326927625531  0.012850782323632  0.000000000000000  0.007720981652349  0.026979361205450  0.011171757705951  0.003438511771731  0.025330159996416  0.000000000000000  0.761544369851631  0.010746420454217  0.000000000000000  0.000000000000000  0.020137103601328  0.000000000000000  0.015986522964601  0.001849050061009  0.087716982877442  0.000000000000000  0.006280085865181  0.985549336939371  0.007309558576808  0.006992383366625  0.610896550836750  0.389042588277709  0.552482242399956  0.447822835045425  0.040218413978165  0.476649272644080  0.465547409915115 
60.0    V  0.062370169937441  0.015517070241204  0.000000000000000  0.000000000000000  0.000000000000000  0.017169597149639  0.000000000000000  0.072343138561883  0.000000000000000  0.026205255763779  0.007541148631811  0.000000000000000  0.018879966302968  0.005683518295448  0.010202029586632  0.015876095984277  0.005369487092078  0.740206649000025  0.002475610394598  0.000000000000000  0.988285651500733  0.011414409207388  0.000000000000000  0.205612517178116  0.794434400096105  0.000000000000000  1.000000000000000  0.040358042196948  0.490729531926740  0.475329550614909 
61.0    R  0.022561393680039  0.038714021805747  0.006510571930931  0.000000000000000  0.000000000000000  0.008789519411631  0.022266212721075  0.000000000000000  0.123279088061670  0.012700243781005  0.000000000000000  0.000000000000000  0.004819168632068  0.067920928907879  0.647970482716667  0.009813612352684  0.001514439856146  0.011990203875007  0.015722778492153  0.005436899968090  0.985549336939371  0.009766111738947  0.004410017206274  0.296889916518353  0.703196599956560  0.202641279971327  0.797192476540536  0.040978187944239  0.494828328207603  0.475329550614909 
62.0    E  0.010337276874282  0.002881428627115  0.030991147835572  0.787853886049346  0.000000000000000  0.011743449047387  0.004756117260402  0.000000000000000  0.046941247716904  0.000000000000000  0.002536403520957  0.002351830822718  0.007672965587995  0.018262144508769  0.026405824512891  0.033936933010072  0.008212288352248  0.002748766358057  0.000000000000000  0.002409584316034  0.980779003988551  0.000000000000000  0.018932385319223  0.000000000000000  0.000000000000000  0.287373712008669  0.712518807074392  0.040638754579640  1.000000000000000  0.474342157570227 
63.0    I  0.007525483547032  0.004958089398515  0.004947790053606  0.000000000000000  0.019722688001752  0.000000000000000  0.000000000000000  0.728499556949005  0.000000000000000  0.062197482613755  0.007365504186861  0.000000000000000  0.000000000000000  0.000000000000000  0.000000000000000  0.025347723611783  0.025033433674676  0.114546080584419  0.000000000000000  0.000000000000000  0.989656656415207  0.006749517089065  0.003472041723307  0.264071406337964  0.736113431084089  0.127273149970578  0.872967591133763  0.042217940141739  0.495858365369147  0.462011286223412 
64.0    A  0.387965427137428  0.050066867349351  0.043404847992660  0.009137403625406  0.000000000000000  0.014072280935124  0.001570021466295  0.038983299122314  0.000000000000000  0.056094378166704  0.039227249727583  0.022498926851792  0.027035521580781  0.010911551034902  0.010124538792448  0.073149915092162  0.135184345435452  0.073658712988230  0.006905683836435  0.000000000000000  0.969961910341735  0.003559770627489  0.026405824512891  1.000000000000000  0.000000000000000  0.034915223064757  0.965267024871757  0.042482132559586  0.498615625676035  0.463294030945185 
65.0    Q  0.032106294980593  0.010657404959995  0.030905341136904  0.088204740213043  0.006306258394568  0.020067434515460  0.019873640730368  0.016700093612672  0.030649343874642  0.069492447344819  0.033984012214215  0.042866665268456  0.014998894703733  0.421907898065009  0.044687030823803  0.037838533873455  0.024808872841614  0.039774841727373  0.002373118734189  0.011719054603795  0.932386486436833  0.006236706143411  0.061383724703962  0.262975444800968  0.737134608645551  0.056094378166704  0.944092419150250  0.043797732783773  0.494828328207603  0.440740078953585 
66.0    D  0.039527485698561  0.000000000000000  0.323312232971872  0.164938488846612  0.020545980628204  0.022066475068512  0.007976657232087  0.017062821027276  0.095193046231454  0.013405789537948  0.012191335627714  0.053958722410901  0.005317633267576  0.049686578184311  0.037917298757772  0.063946091858402  0.048529304687565  0.013175486097658  0.005291894443302  0.005920767837931  0.963261894020148  0.028855697210294  0.007753159177233  0.320411981040048  0.679714120953369  0.180866860733816  0.819036697859828  0.048394939240826  0.472701058375372  0.383952567425525 
67.0    F  0.015367219906660  0.044470733163581  0.000000000000000  0.020375792738415  0.405001736816023  0.005086891365504  0.030564483545229  0.080214118597682  0.009631658792686  0.105696535922190  0.034506213973847  0.032352028870043  0.000000000000000  0.009875024206663  0.005551140793677  0.022971677131079  0.005656008485858  0.049104532291724  0.017361073885236  0.106210624892331  0.804966137621122  0.179991414814336  0.015166163590149  0.510860041357151  0.489370825198718  0.101531549544529  0.898755126611030  0.049240867878084  0.330334601414566  0.396941965465826 
68.0    K  0.038714021805747  0.007662335968661  0.019750048413325  0.049549008538143  0.008252231448061  0.083562530962821  0.015367219906660  0.023292349793733  0.340328529124868  0.028716027608720  0.010987446874321  0.054334035005626  0.004111840448084  0.024535253708549  0.075887180274690  0.115183023274838  0.072042896674929  0.008734858210671  0.005108091205222  0.013763583970734  0.823591017267573  0.176165094392752  0.000000000000000  0.466839972457657  0.533292890415882  0.604997044609646  0.394746943350277  0.048596627242660  0.343171107813728  0.389582289830250 
69.0    S  0.068488235402981  0.002134331521682  0.040218413978165  0.087231922757635  0.001966710058705  0.060120465916548  0.054371709544291  0.019249969897590  0.022608357591727  0.023897441841918  0.003300728064111  0.028676246322230  0.059622471909222  0.031012636708932  0.064838746035351  0.075519865211871  0.301034345307854  0.044409126349417  0.005482311429840  0.005904374719985  0.951977908497532  0.036448417805890  0.011646174896867  0.337509496280686  0.662503508522604  0.248445273330639  0.751580739032781  0.044041273598188  0.441657525740733  0.437695664847132 
70.0    D  0.030374405874417  0.000000000000000  0.385018587118036  0.100690536381094  0.000000000000000  0.045594385757505  0.030248344590429  0.021138253610161  0.024130472909118  0.007119541254978  0.011179504062679  0.133046272806670  0.061639544030835  0.024281477149502  0.014091802787223  0.040470093714201  0.046941247716904  0.020803931456818  0.000000000000000  0.003135692924672  0.927230546435463  0.059705183523902  0.012779719664965  0.387965427137428  0.612168196200102  0.379717922453632  0.620283648857694  0.044904380517002  0.396941965465826  0.437695664847132 
71.0    L  0.000000000000000  0.024046987815013  0.004733096329806  0.004947790053606  0.141414307855738  0.003298440966499  0.053252755942179  0.062934721878545  0.000000000000000  0.435879119768531  0.049583365199446  0.019064070473003  0.017169597149639  0.000000000000000  0.009512234520805  0.010089510549237  0.014278616409834  0.059539874877746  0.003137867174832  0.087050717541815  0.970634469769547  0.027853452996780  0.001585331212846  0.466193243218416  0.533662669019980  0.378141999320990  0.622005826649234  0.044470733163581  0.452189688780544  0.444729496768949 
72.0    R  0.004886441719192  0.028164076956588  0.003052062031923  0.005543450610158  0.003433748284812  0.003884649096380  0.032396909406866  0.003328297246386  0.051940366349603  0.011957006014240  0.004212814186306  0.014437852694482  0.006488047063210  0.064257114166004  0.689202576487815  0.028735938942239  0.002346945409232  0.014082038478294  0.020263118041422  0.007269137950805  0.990342871933025  0.009651708102554  0.000000000000000  0.411795508633787  0.588453368609384  0.153360622156726  0.846745312362527  0.044656066866909  0.489031736723670  0.463615273217731 
73.0    F  0.000000000000000  0.005949565389466  0.000000000000000  0.000000000000000  0.524494663787473  0.000000000000000  0.000000000000000  0.119824929811622  0.000000000000000  0.016243428674614  0.015549370653439  0.002345319194307  0.002040304224344  0.000000000000000  0.003428991396912  0.017799740269096  0.001771270173698  0.028359973603661  0.238159499510984  0.023798261557863  1.000000000000000  0.000000000000000  0.000000000000000  0.000000000000000  0.000000000000000  0.311866392978511  0.688247800795349  0.044718016250716  1.000000000000000  0.469435873657726 
74.0    Q  0.021883692513863  0.000000000000000  0.006953716666035  0.017050998078983  0.000000000000000  0.004131839701634  0.015581738302376  0.000000000000000  0.014782150730087  0.004063672916102  0.000000000000000  0.007583081795075  0.000000000000000  0.598739352309464  0.089064850884299  0.044286168640882  0.165625877130651  0.002165626257037  0.004209895097827  0.003900838539457  0.995849753094458  0.000000000000000  0.004352318948513  0.000000000000000  0.000000000000000  0.000000000000000  1.000000000000000  0.043555538708983  1.000000000000000  0.479632059662632 
75.0    S  0.181243354109856  0.018123432101647  0.010798689113505  0.039254449410735  0.003105411136519  0.028835702895431  0.051118878659861  0.006284440397984  0.056523711097568  0.007993261482300  0.008832270055661  0.008961773626767  0.054674047806614  0.016019800592009  0.040218413978165  0.379191886343611  0.031995215638389  0.039390730986968  0.000000000000000  0.017349044275447  0.995849753094458  0.000000000000000  0.003922529465777  0.000000000000000  0.000000000000000  0.109423916211783  0.890692900606681  0.043344717785356  1.000000000000000  0.474342157570227 
76.0    S  0.139081265073104  0.000000000000000  0.059663813383732  0.120240931833097  0.011702819800189  0.051760666333409  0.022860487823505  0.008373230176065  0.016008700359888  0.015345931175990  0.016711673248207  0.020603025226443  0.024214247842474  0.089064850884299  0.030164594527242  0.298747801214196  0.059912464905811  0.010173782731008  0.000000000000000  0.005459558483793  0.997922718999051  0.000000000000000  0.002251340521092  0.000000000000000  0.000000000000000  0.000000000000000  1.000000000000000  0.043585739573450  1.000000000000000  0.472373520498603 
77.0    A  0.757333157938488  0.023179608341268  0.006782345528133  0.003977285936581  0.000000000000000  0.021807980689409  0.000000000000000  0.006610614035940  0.000000000000000  0.000000000000000  0.003786288347403  0.000000000000000  0.009499056899868  0.000000000000000  0.014062530153024  0.058720171825876  0.027054267672489  0.059416193826864  0.000000000000000  0.007883215889412  0.995159721820083  0.004733096329806  0.000000000000000  0.075992455198944  0.924022572446823  0.528509020280690  0.471719125447680  0.043676467870346  0.478967609111348  0.468785548228555 
78.0    I  0.000000000000000  0.000000000000000  0.013443009853304  0.000000000000000  0.022081775685668  0.005200982864205  0.006707542472170  0.283024725527668  0.000000000000000  0.436786447958347  0.034626010870779  0.006782345528133  0.000000000000000  0.000000000000000  0.000000000000000  0.016573245958878  0.014170161389580  0.154641559835897  0.000000000000000  0.005855467194358  0.984866442895551  0.005855467194358  0.008974205898414  1.000000000000000  0.000000000000000  0.000000000000000  1.000000000000000  0.042926132294676  0.497235084336607  0.486327473706143 
79.0    G  0.051189793616239  0.011086901220315  0.088388347648318  0.132402291835485  0.027110583973502  0.097937148368668  0.004964967536350  0.046681670534761  0.016504462896123  0.182630547318209  0.118257205840699  0.028359973603661  0.011033237534256  0.040302132832996  0.006824788249349  0.027776333786455  0.025952188252840  0.054258764225065  0.026278012976679  0.002053072088062  0.999307092990453  0.000363942965527  0.000000000000000  1.000000000000000  0.000000000000000  0.436786447958347  0.563309614248640  0.043344717785356  0.500000000000000  0.476979775273779 
80.0    A  0.666649338545599  0.032106294980593  0.002611329092588  0.000000000000000  0.000000000000000  0.003847134542561  0.020151066416498  0.023115429832013  0.000000000000000  0.042511589137686  0.024231037698344  0.007710285514733  0.033123524481165  0.000000000000000  0.014487977288054  0.049377581991461  0.024063661694877  0.056133273305246  0.000000000000000  0.000000000000000  1.000000000000000  0.000000000000000  0.000000000000000  0.000000000000000  0.000000000000000  0.000000000000000  1.000000000000000  0.042955896736626  1.000000000000000  0.488015880388112 
81.0    L  0.019290040732712  0.016723260912916  0.005200982864205  0.000000000000000  0.013433695097547  0.000000000000000  0.007710285514733  0.111800612722826  0.000000000000000  0.750019494642909  0.029339742103608  0.000000000000000  0.015030116479137  0.000000000000000  0.008166875782853  0.010554485035435  0.000000000000000  0.012682649702770  0.000000000000000  0.000000000000000  0.993781093322555  0.000000000000000  0.006341324851385  0.000000000000000  0.000000000000000  0.000000000000000  1.000000000000000  0.042955896736626  1.000000000000000  0.488015880388112 
82.0    Q  0.000000000000000  0.013480333508479  0.000000000000000  0.014258835758491  0.000000000000000  0.005867655964613  0.051118878659861  0.000000000000000  0.016030908520893  0.006628967982077  0.000000000000000  0.000000000000000  0.002301834780882  0.832198734711525  0.035574813408590  0.012994095287108  0.007604135735611  0.000000000000000  0.001895770448769  0.000000000000000  1.000000000000000  0.000000000000000  0.000000000000000  0.000000000000000  0.000000000000000  0.316219885588484  0.683967651951245  0.043224707156593  1.000000000000000  0.481297221550876 
83.0    E  0.020474896935287  0.010068551800664  0.013012121420009  0.637280313659631  0.010488847677971  0.018300159081544  0.011890885787807  0.000000000000000  0.031250000000000  0.012949139132625  0.002554045602611  0.000000000000000  0.000000000000000  0.012922240131926  0.025772923394065  0.034339194299277  0.054901904264898  0.089746531913965  0.000000000000000  0.014160342785427  0.996540262827868  0.003467231786209  0.000000000000000  1.000000000000000  0.000000000000000  0.193445624192799  0.806641759222126  0.042955896736626  0.500000000000000  0.488015880388112 
84.0    S  0.647970482716667  0.007228940844046  0.000000000000000  0.000000000000000  0.000000000000000  0.011469926844016  0.007530701622974  0.057154068093744  0.000000000000000  0.023470623858452  0.014377932041014  0.000000000000000  0.020934118787935  0.011800567074710  0.011446100582901  0.072443496994028  0.065835064747177  0.048462075396688  0.000000000000000  0.000000000000000  1.000000000000000  0.000000000000000  0.000000000000000  0.000000000000000  0.000000000000000  0.000000000000000  1.000000000000000  0.044470733163581  1.000000000000000  0.491069797631696 
85.0    V  0.378666578969244  0.023914012028479  0.000000000000000  0.000000000000000  0.014680042956469  0.004358356727832  0.013480333508479  0.003708367659963  0.004578212045604  0.015788303851356  0.000000000000000  0.006815333638834  0.010496120513448  0.007530701622974  0.022312562182579  0.293412044570338  0.126744934973754  0.073403873200853  0.000000000000000  0.000000000000000  1.000000000000000  0.000000000000000  0.000000000000000  0.000000000000000  0.000000000000000  0.000000000000000  1.000000000000000  0.044470733163581  1.000000000000000  0.491069797631696 
86.0    E  0.013239569296033  0.000000000000000  0.005051753640185  0.883927531063671  0.000000000000000  0.003289308412533  0.000000000000000  0.000000000000000  0.022158438057492  0.000000000000000  0.002783276590134  0.000000000000000  0.010569126805080  0.011662331119507  0.042423280621250  0.004896613361096  0.000000000000000  0.000000000000000  0.000000000000000  0.000000000000000  0.991716730738293  0.000000000000000  0.008043281901828  0.000000000000000  0.000000000000000  0.000000000000000  1.000000000000000  0.045816148662163  1.000000000000000  0.491069797631696 
87.0    A  0.516199267741621  0.014397877909355  0.082126976696836  0.020531744174209  0.040107059298841  0.008753040735892  0.011071542160220  0.015019702006074  0.013499034178129  0.024298313621330  0.044255482444204  0.008402299925448  0.032441852204471  0.010110512925647  0.000000000000000  0.076733480244691  0.031358492140922  0.030841142058933  0.000000000000000  0.019818615614467  0.982820598545251  0.017039183322895  0.000000000000000  1.000000000000000  0.000000000000000  0.000000000000000  1.000000000000000  0.047497651762547  0.489370825198718  0.483638164806966 
88.0    Y  0.000000000000000  0.016458766186794  0.000000000000000  0.012904338514621  0.196554323035083  0.000000000000000  0.042807280623924  0.037317599596081  0.000000000000000  0.023211764385325  0.022971677131079  0.011751591807724  0.011702819800189  0.006011746953753  0.013499034178129  0.003601965304346  0.069878865685366  0.022545760732213  0.003783664801667  0.504875648798343  1.000000000000000  0.000000000000000  0.000000000000000  0.038473262917029  0.961260928388761  0.498615625676035  0.501388217950539  0.047333322371155  0.500000000000000  0.483638164806966 
89.0    L  0.008149910886952  0.000000000000000  0.000000000000000  0.000000000000000  0.002047387647494  0.000000000000000  0.000000000000000  0.080828058242968  0.005076324462717  0.718968266423479  0.053623158151793  0.000000000000000  0.007427024228358  0.000000000000000  0.016968466505036  0.005855467194358  0.015953314464175  0.048294409352999  0.036854893508163  0.000000000000000  0.994470168673214  0.000000000000000  0.005240789940946  0.000000000000000  0.000000000000000  0.539240215847226  0.460732093099352  0.046649324478030  1.000000000000000  0.493116352246680 
90.0    V  0.024740183308477  0.019928818619977  0.000000000000000  0.000000000000000  0.012056876367648  0.008680536942618  0.003559770627489  0.091188771515011  0.000000000000000  0.021838233935173  0.003963525572582  0.000000000000000  0.000000000000000  0.004295375583260  0.012361520331023  0.006939271842519  0.136502568218206  0.640823962080096  0.008321157839011  0.004937512103331  0.984866442895551  0.010972225591703  0.004325252283142  1.000000000000000  0.000000000000000  0.000000000000000  1.000000000000000  0.047267749915124  0.494828328207603  0.491410299272626 
91.0    S  0.031098741306878  0.025898278265250  0.042276507220321  0.046070913040347  0.000000000000000  0.287373712008669  0.078945453865362  0.021762679385454  0.027737854289672  0.014812921330135  0.003491348290456  0.034125642054552  0.000000000000000  0.117277649562584  0.045816148662163  0.126131454230585  0.082812938565325  0.014387901518829  0.000000000000000  0.000000000000000  0.994470168673214  0.000000000000000  0.005208197957387  0.500000000000000  0.500000000000000  0.473356815618357  0.526680517977418  0.047202268298838  0.495858365369147  0.488354264481114 
92.0    L  0.000000000000000  0.008419790195654  0.001440714313557  0.026811579075897  0.048900736358532  0.000000000000000  0.012015162744299  0.034915223064757  0.000000000000000  0.680185426202977  0.049172652834598  0.000000000000000  0.002329118891271  0.008734858210671  0.056877426505056  0.007334935525902  0.009732323559137  0.047267749915124  0.000000000000000  0.005766853147199  0.981459063853479  0.000000000000000  0.018658799798040  0.000000000000000  0.000000000000000  0.372419365780676  0.627635995641322  0.047104215923699  1.000000000000000  0.490729531926740 
93.0    F  0.000000000000000  0.000000000000000  0.000000000000000  0.000000000000000  0.718968266423479  0.000000000000000  0.000000000000000  0.000000000000000  0.013725476066224  0.158439065254303  0.053958722410901  0.000000000000000  0.013744516811288  0.000000000000000  0.013021143861863  0.021597378227009  0.000000000000000  0.000000000000000  0.000000000000000  0.006651982091789  0.994470168673214  0.005240789940946  0.000000000000000  0.500000000000000  0.500000000000000  0.000000000000000  1.000000000000000  0.048731552663208  0.495858365369147  0.481964903870322 
94.0    E  0.036701936600427  0.000000000000000  0.009118422670457  0.662044455197699  0.000000000000000  0.043404847992660  0.002333967196986  0.000000000000000  0.095656048113917  0.000000000000000  0.002956282798769  0.003557304037469  0.000000000000000  0.053105312446166  0.018023212579063  0.053623158151793  0.015356571852270  0.004157696025208  0.000000000000000  0.000000000000000  0.998614666101029  0.001217383978784  0.000000000000000  0.250000000000000  0.750019494642909  0.849684999138650  0.150308656112272  0.049480366616954  0.500000000000000  0.481964903870322 
95.0    D  0.017074652173452  0.028399316139016  0.605416541975277  0.028537445312875  0.000000000000000  0.017289021142067  0.035085044439800  0.018645870984871  0.029852591761951  0.034626010870779  0.021270533070304  0.027148193285957  0.000000000000000  0.010131559020711  0.020193012978711  0.005543450610158  0.015964376292411  0.012456132445946  0.000000000000000  0.072443496994028  0.995159721820083  0.000000000000000  0.004723264358724  0.000000000000000  0.000000000000000  0.000000000000000  1.000000000000000  0.048093975630027  1.000000000000000  0.497579860910041 
96.0    T  0.287174588749259  0.030628106729433  0.031098741306878  0.000000000000000  0.003552375983597  0.025382887386132  0.000000000000000  0.013555291986751  0.018736561152986  0.007604135735611  0.002220345650852  0.022561393680039  0.010209103546040  0.011670417633690  0.004018854327709  0.185436866730140  0.334713814244611  0.011469926844016  0.000000000000000  0.000000000000000  0.998614666101029  0.001498775484376  0.000000000000000  0.166662334636400  0.833353207159218  0.000000000000000  1.000000000000000  0.048160694272400  0.500000000000000  0.493116352246680 
97.0    N  0.009194583884522  0.000000000000000  0.006829520471956  0.001861911221266  0.004286452881169  0.027737854289672  0.009188212892898  0.026830169888680  0.002673601197445  0.031973045929201  0.033377044001495  0.471065636952404  0.030206440533280  0.059087632296921  0.007447644885064  0.041349107497129  0.029790579540255  0.081164912670618  0.000000000000000  0.125869443757090  0.988285651500733  0.002156638373365  0.009725579963923  0.142892291926755  0.857376036634172  0.000000000000000  1.000000000000000  0.048160694272400  0.498961359499525  0.493116352246680 
98.0    L  0.039500096826650  0.008566965535843  0.000000000000000  0.009902441578394  0.000000000000000  0.000000000000000  0.000000000000000  0.036096430767300  0.070267432736164  0.634195699662934  0.049859077488065  0.007593601468604  0.014528202228331  0.012832979699251  0.035847094507068  0.018478609378815  0.033796086358863  0.013602352551502  0.003300728064111  0.011533706294397  0.971980987981352  0.028281451965091  0.000000000000000  0.477972658796871  0.522317881432116  0.622005826649234  0.378141999320990  0.049036506118547  0.476979775273779  0.485653747770817 
99.0    C  0.056367211148891  0.548665968789621  0.000000000000000  0.000000000000000  0.018788582014034  0.012859692894980  0.000000000000000  0.040554336466849  0.000000000000000  0.149996422796652  0.020249077584896  0.003395877187852  0.000000000000000  0.000000000000000  0.022189177477241  0.019050860844942  0.056289123740496  0.033913417871306  0.000000000000000  0.017911127902006  0.994470168673214  0.000000000000000  0.005258984645612  0.000000000000000  0.000000000000000  0.658839975867070  0.341273429471292  0.048127323389754  1.000000000000000  0.496202187342909 
100.0    A  0.575544745663881  0.030395467106634  0.000000000000000  0.000000000000000  0.000000000000000  0.001774957258689  0.011654250208527  0.045689295262501  0.009124745270415  0.000000000000000  0.063946091858402  0.000000000000000  0.012949139132625  0.000000000000000  0.000000000000000  0.092014178885511  0.134436798807172  0.022639721164920  0.000000000000000  0.000000000000000  0.984866442895551  0.015197733553317  0.000000000000000  0.320411981040048  0.679714120953369  0.000000000000000  1.000000000000000  0.047794883683837  0.489370825198718  0.496202187342909 
101.0    I  0.042071877164899  0.003116192343004  0.000000000000000  0.002746861718580  0.010768790257622  0.000000000000000  0.014710601008456  0.435275281648062  0.023601134149419  0.170400325910313  0.024757337841405  0.020489093972119  0.025862400502444  0.029482445340480  0.036046425158126  0.023211764385325  0.072594295745358  0.028996046139728  0.000000000000000  0.035797434311867  1.000000000000000  0.000000000000000  0.000000000000000  0.000000000000000  0.000000000000000  0.000000000000000  1.000000000000000  0.047794883683837  1.000000000000000  0.496202187342909 
102.0    H  0.009131072254385  0.000000000000000  0.002231145013376  0.007866840234818  0.017361073885236  0.013659040943912  0.804408370941916  0.000000000000000  0.006968191557969  0.009055437124254  0.000000000000000  0.003289308412533  0.007530701622974  0.014160342785427  0.035109371969739  0.023765293019391  0.008321157839011  0.006838994763236  0.000000000000000  0.030227385300435  1.000000000000000  0.000000000000000  0.000000000000000  0.000000000000000  0.000000000000000  0.000000000000000  1.000000000000000  0.047927583114784  1.000000000000000  0.496202187342909 
103.0    A  0.628942485918009  0.036322315859941  0.000000000000000  0.014043048853297  0.000000000000000  0.070756181381917  0.035036439938391  0.003421868418231  0.000000000000000  0.013564691056266  0.000000000000000  0.002662505092349  0.018148573936339  0.017181502333040  0.075624630576206  0.039281667953807  0.019915009801863  0.011249463425896  0.000000000000000  0.013754047086924  1.000000000000000  0.000000000000000  0.000000000000000  0.000000000000000  0.000000000000000  0.000000000000000  1.000000000000000  0.049893649147291  1.000000000000000  0.496202187342909 
104.0    K  0.020053529649420  0.000000000000000  0.013443009853304  0.003857815865021  0.000000000000000  0.072543994648983  0.026607928367155  0.000000000000000  0.577142708758419  0.000000000000000  0.000000000000000  0.061896429495814  0.012370091654239  0.024399577893981  0.097530685021713  0.078836088051953  0.011327709631866  0.000000000000000  0.000000000000000  0.000000000000000  1.000000000000000  0.000000000000000  0.000000000000000  0.000000000000000  0.000000000000000  0.000000000000000  1.000000000000000  0.049893649147291  1.000000000000000  0.496202187342909 
105.0    R  0.023454360898662  0.058638824781292  0.000000000000000  0.014091802787223  0.000000000000000  0.006267040362129  0.031862427593693  0.019170077769591  0.008189550589976  0.004862789981962  0.000000000000000  0.000000000000000  0.007635826300084  0.005226279510883  0.787307976569203  0.023292349793733  0.000000000000000  0.000000000000000  0.000000000000000  0.009861344000876  0.978063473447339  0.021974893748642  0.000000000000000  0.455019412040450  0.544876056106664  0.000000000000000  1.000000000000000  0.049514675682811  0.482299092292069  0.496202187342909 
106.0    V  0.049583365199446  0.004693890818464  0.000000000000000  0.014895289770127  0.000000000000000  0.002492829626619  0.014179986801831  0.079054971397121  0.016311123865964  0.032894723584670  0.007421877991210  0.000000000000000  0.000000000000000  0.009505643426829  0.003977285936581  0.015722778492153  0.006848482197782  0.742261785314525  0.000000000000000  0.000000000000000  0.997922718999051  0.000000000000000  0.002411255091589  0.000000000000000  0.000000000000000  0.672217497076313  0.328052813647990  0.051118878659861  1.000000000000000  0.496202187342909 
107.0    T  0.000000000000000  0.000000000000000  0.010731533073669  0.000000000000000  0.002571810394647  0.000000000000000  0.018998113799736  0.040610595701733  0.011351289449776  0.009712106788312  0.010216182410443  0.016493026838093  0.022359008125358  0.000000000000000  0.009793226722193  0.003374758544532  0.841479482285381  0.002330733873109  0.000000000000000  0.000000000000000  0.986916545885842  0.010657404959995  0.002575378153305  1.000000000000000  0.000000000000000  0.425431864753270  0.574747424017338  0.052884912287518  0.497235084336607  0.498961359499525 
108.0    I  0.000000000000000  0.000000000000000  0.000000000000000  0.000000000000000  0.006159376359815  0.000000000000000  0.019196671569463  0.445037866626248  0.010828670981644  0.388773017941279  0.005941323254848  0.011265069308283  0.000000000000000  0.000000000000000  0.000000000000000  0.011808749439971  0.006675076100701  0.094273754792911  0.000000000000000  0.000000000000000  1.000000000000000  0.000000000000000  0.000000000000000  0.000000000000000  0.000000000000000  0.000000000000000  1.000000000000000  0.052811649025782  1.000000000000000  0.498270131413934 
109.0    Q  0.019491649561157  0.023115429832013  0.003282475594661  0.014578640492763  0.061298687749284  0.000000000000000  0.008496003053554  0.026626377971090  0.043134917293645  0.025737219289612  0.517632461920689  0.011125392153102  0.000000000000000  0.076839929203411  0.014082038478294  0.012140738574751  0.114864110434881  0.006633564425366  0.000000000000000  0.020760715845258  1.000000000000000  0.000000000000000  0.000000000000000  0.000000000000000  0.000000000000000  0.000000000000000  1.000000000000000  0.058193426239389  1.000000000000000  0.498270131413934 
110.0    S  0.061639544030835  0.000000000000000  0.022561393680039  0.021270533070304  0.000000000000000  0.006403160997168  0.001288581944114  0.009355302379835  0.048361406048200  0.028105572254617  0.000000000000000  0.003807342308170  0.537747195228689  0.096655792181915  0.039747281460737  0.051796556530500  0.027603595358796  0.043495199744722  0.000000000000000  0.000000000000000  0.997231251352069  0.002616764848492  0.000000000000000  1.000000000000000  0.000000000000000  1.000000000000000  0.000000000000000  0.076733480244691  0.499653546495226  0.498270131413934 
111.0    K  0.009407323290870  0.000000000000000  0.013368672276291  0.021477948368313  0.000000000000000  0.036651092163496  0.000000000000000  0.000000000000000  0.734075318017052  0.000000000000000  0.000000000000000  0.005974360460480  0.014915953345933  0.015050967094065  0.114704985288921  0.021270533070304  0.013030172559765  0.000000000000000  0.000000000000000  0.000000000000000  1.000000000000000  0.000000000000000  0.000000000000000  1.000000000000000  0.000000000000000  0.000000000000000  0.000000000000000  0.078128893911576  1.000000000000000  1.000000000000000 
