No:  residues  hmm_col_1  hmm_col_2  hmm_col_3  hmm_col_4  hmm_col_5  hmm_col_6  hmm_col_7  hmm_col_8  hmm_col_9  hmm_col_10  hmm_col_11  hmm_col_12  hmm_col_13  hmm_col_14  hmm_col_15  hmm_col_16  hmm_col_17  hmm_col_18  hmm_col_19  hmm_col_20  hmm_col_21   hmm_col_22   hmm_col_23   hmm_col_24   hmm_col_25   hmm_col_26   hmm_col_27   hmm_col_28   hmm_col_29   hmm_col_30   
1.0    M  0.000000000000000  0.000000000000000  0.000000000000000  0.000000000000000  0.000000000000000  0.000000000000000  0.000000000000000  0.000000000000000  0.000000000000000  0.000000000000000  0.822450068712464  0.000000000000000  0.000000000000000  0.000000000000000  0.000000000000000  0.000000000000000  0.000000000000000  0.177513419817928  0.000000000000000  0.000000000000000  1.000000000000000  0.000000000000000  0.000000000000000  0.000000000000000  0.000000000000000  0.000000000000000  0.000000000000000  0.167125061925642  1.000000000000000  1.000000000000000 
2.0    S  0.249480679749763  0.000000000000000  0.000000000000000  0.000000000000000  0.000000000000000  0.000000000000000  0.000000000000000  0.000000000000000  0.000000000000000  0.000000000000000  0.000000000000000  0.000000000000000  0.000000000000000  0.128158404736074  0.000000000000000  0.622437117691085  0.000000000000000  0.000000000000000  0.000000000000000  0.000000000000000  0.963261894020148  0.000000000000000  0.036701936600427  0.000000000000000  0.000000000000000  0.000000000000000  0.000000000000000  0.167125061925642  1.000000000000000  1.000000000000000 
3.0    D  0.000000000000000  0.000000000000000  0.624165274450806  0.336575017319196  0.000000000000000  0.000000000000000  0.000000000000000  0.000000000000000  0.000000000000000  0.000000000000000  0.000000000000000  0.000000000000000  0.000000000000000  0.000000000000000  0.000000000000000  0.000000000000000  0.000000000000000  0.039254449410735  0.000000000000000  0.000000000000000  1.000000000000000  0.000000000000000  0.000000000000000  0.000000000000000  0.000000000000000  1.000000000000000  0.000000000000000  0.168871760566955  1.000000000000000  0.500000000000000 
4.0    A  0.392564059336786  0.000000000000000  0.000000000000000  0.000000000000000  0.000000000000000  0.000000000000000  0.000000000000000  0.000000000000000  0.035624164771671  0.000000000000000  0.000000000000000  0.000000000000000  0.098277161517541  0.000000000000000  0.000000000000000  0.000000000000000  0.400257405328151  0.073251392729657  0.000000000000000  0.000000000000000  0.949342120950519  0.050695447223565  0.000000000000000  1.000000000000000  0.000000000000000  0.000000000000000  0.000000000000000  0.167240944348264  0.499307333050514  1.000000000000000 
5.0    A  0.558256480991286  0.000000000000000  0.045216715183454  0.114704985288921  0.000000000000000  0.000000000000000  0.000000000000000  0.000000000000000  0.110108671765872  0.000000000000000  0.000000000000000  0.000000000000000  0.033842970172685  0.000000000000000  0.000000000000000  0.063901783163120  0.042071877164899  0.031884520601514  0.000000000000000  0.000000000000000  1.000000000000000  0.000000000000000  0.000000000000000  0.000000000000000  0.000000000000000  0.000000000000000  0.000000000000000  0.150204506190856  1.000000000000000  1.000000000000000 
6.0    V  0.000000000000000  0.033842970172685  0.000000000000000  0.000000000000000  0.000000000000000  0.019901210551977  0.000000000000000  0.000000000000000  0.027969533466499  0.034363004666080  0.000000000000000  0.000000000000000  0.000000000000000  0.000000000000000  0.000000000000000  0.000000000000000  0.000000000000000  0.883927531063671  0.000000000000000  0.000000000000000  1.000000000000000  0.000000000000000  0.000000000000000  0.000000000000000  0.000000000000000  0.000000000000000  0.000000000000000  0.150204506190856  1.000000000000000  1.000000000000000 
7.0    D  0.000000000000000  0.000000000000000  0.791137301185450  0.097733705391074  0.000000000000000  0.045029054651185  0.000000000000000  0.000000000000000  0.000000000000000  0.000000000000000  0.000000000000000  0.032195436050627  0.000000000000000  0.033842970172685  0.000000000000000  0.000000000000000  0.000000000000000  0.000000000000000  0.000000000000000  0.000000000000000  1.000000000000000  0.000000000000000  0.000000000000000  0.000000000000000  0.000000000000000  0.000000000000000  0.000000000000000  0.150204506190856  1.000000000000000  1.000000000000000 
8.0    T  0.148857106170621  0.000000000000000  0.000000000000000  0.000000000000000  0.000000000000000  0.000000000000000  0.000000000000000  0.000000000000000  0.031818287492644  0.000000000000000  0.000000000000000  0.028656376350146  0.000000000000000  0.000000000000000  0.000000000000000  0.110951417158687  0.679714120953369  0.000000000000000  0.000000000000000  0.000000000000000  1.000000000000000  0.000000000000000  0.000000000000000  0.000000000000000  0.000000000000000  0.000000000000000  0.000000000000000  0.168170901065228  1.000000000000000  1.000000000000000 
9.0    S  0.086749544938474  0.000000000000000  0.000000000000000  0.064704057740086  0.000000000000000  0.053031743856619  0.000000000000000  0.000000000000000  0.030948214747907  0.000000000000000  0.026296233821418  0.000000000000000  0.000000000000000  0.033215489823705  0.000000000000000  0.574349177498517  0.130579470358029  0.000000000000000  0.000000000000000  0.000000000000000  0.904379377561088  0.000000000000000  0.095656048113917  0.000000000000000  0.000000000000000  0.000000000000000  0.000000000000000  0.168520966467132  1.000000000000000  1.000000000000000 
10.0    S  0.134064577102243  0.000000000000000  0.000000000000000  0.000000000000000  0.000000000000000  0.000000000000000  0.000000000000000  0.000000000000000  0.065108964313014  0.000000000000000  0.000000000000000  0.000000000000000  0.035158077646525  0.000000000000000  0.000000000000000  0.544121220835402  0.141218401821265  0.080492601844364  0.000000000000000  0.000000000000000  0.855595025682602  0.144385723069198  0.000000000000000  0.500000000000000  0.500000000000000  1.000000000000000  0.000000000000000  0.190122344155126  0.456282744271726  0.460412848602520 
11.0    E  0.000000000000000  0.000000000000000  0.000000000000000  0.693996359507796  0.000000000000000  0.064704057740086  0.000000000000000  0.000000000000000  0.083504629899381  0.000000000000000  0.000000000000000  0.000000000000000  0.000000000000000  0.061468879626641  0.000000000000000  0.026296233821418  0.000000000000000  0.070121467533155  0.000000000000000  0.000000000000000  1.000000000000000  0.000000000000000  0.000000000000000  0.000000000000000  0.000000000000000  0.000000000000000  0.000000000000000  0.168520966467132  1.000000000000000  1.000000000000000 
12.0    I  0.000000000000000  0.017812082385835  0.000000000000000  0.000000000000000  0.000000000000000  0.000000000000000  0.000000000000000  0.536258308408971  0.069060280299994  0.043525358770907  0.000000000000000  0.064614421015498  0.052084575447451  0.025207554975691  0.000000000000000  0.000000000000000  0.051189793616239  0.140242935066311  0.000000000000000  0.000000000000000  1.000000000000000  0.000000000000000  0.000000000000000  0.000000000000000  0.000000000000000  0.000000000000000  0.000000000000000  0.170873431492726  1.000000000000000  1.000000000000000 
13.0    T  0.000000000000000  0.000000000000000  0.000000000000000  0.064614421015498  0.000000000000000  0.000000000000000  0.000000000000000  0.053215856734309  0.000000000000000  0.000000000000000  0.000000000000000  0.000000000000000  0.000000000000000  0.000000000000000  0.032284824615129  0.232290168562728  0.540362701019676  0.052084575447451  0.000000000000000  0.025207554975691  0.967947026893737  0.032284824615129  0.000000000000000  0.500000000000000  0.500000000000000  0.000000000000000  0.000000000000000  0.170873431492726  0.500000000000000  1.000000000000000 
14.0    T  0.250173346865645  0.000000000000000  0.000000000000000  0.063240825064183  0.017217267435572  0.000000000000000  0.000000000000000  0.027508094173848  0.000000000000000  0.026223426159579  0.000000000000000  0.000000000000000  0.025382887386132  0.000000000000000  0.000000000000000  0.000000000000000  0.590087171668101  0.000000000000000  0.000000000000000  0.000000000000000  1.000000000000000  0.000000000000000  0.000000000000000  0.000000000000000  0.000000000000000  0.000000000000000  0.000000000000000  0.170755032094299  1.000000000000000  1.000000000000000 
15.0    K  0.000000000000000  0.000000000000000  0.000000000000000  0.060833085884890  0.000000000000000  0.000000000000000  0.000000000000000  0.000000000000000  0.814507563070215  0.000000000000000  0.000000000000000  0.000000000000000  0.000000000000000  0.070072879876782  0.000000000000000  0.000000000000000  0.029482445340480  0.000000000000000  0.000000000000000  0.025242524300300  1.000000000000000  0.000000000000000  0.000000000000000  0.000000000000000  0.000000000000000  0.000000000000000  0.000000000000000  0.171466661073825  1.000000000000000  1.000000000000000 
16.0    D  0.000000000000000  0.000000000000000  0.792234810924969  0.077966598244628  0.000000000000000  0.026114592466308  0.000000000000000  0.000000000000000  0.000000000000000  0.000000000000000  0.000000000000000  0.000000000000000  0.000000000000000  0.000000000000000  0.000000000000000  0.000000000000000  0.060833085884890  0.023340835267380  0.000000000000000  0.019736363466341  1.000000000000000  0.000000000000000  0.000000000000000  0.000000000000000  0.000000000000000  0.000000000000000  0.000000000000000  0.171466661073825  1.000000000000000  1.000000000000000 
17.0    L  0.000000000000000  0.000000000000000  0.000000000000000  0.000000000000000  0.016187230680625  0.000000000000000  0.000000000000000  0.000000000000000  0.000000000000000  0.874178620410373  0.000000000000000  0.000000000000000  0.000000000000000  0.000000000000000  0.000000000000000  0.086210057614191  0.000000000000000  0.023389421668636  0.000000000000000  0.000000000000000  0.875998315067126  0.000000000000000  0.123792858991628  0.000000000000000  0.000000000000000  0.000000000000000  0.000000000000000  0.171466661073825  1.000000000000000  1.000000000000000 
18.0    K  0.000000000000000  0.000000000000000  0.000000000000000  0.000000000000000  0.000000000000000  0.000000000000000  0.000000000000000  0.000000000000000  0.842062953608416  0.061939347704005  0.000000000000000  0.000000000000000  0.000000000000000  0.096254646779509  0.000000000000000  0.000000000000000  0.000000000000000  0.000000000000000  0.000000000000000  0.000000000000000  0.876605721316035  0.123535706437592  0.000000000000000  1.000000000000000  0.000000000000000  1.000000000000000  0.000000000000000  0.186468003336433  0.479632059662632  0.463294030945185 
19.0    E  0.000000000000000  0.000000000000000  0.000000000000000  0.703684187662699  0.000000000000000  0.026114592466308  0.000000000000000  0.000000000000000  0.270368690870904  0.000000000000000  0.000000000000000  0.000000000000000  0.000000000000000  0.000000000000000  0.000000000000000  0.000000000000000  0.000000000000000  0.000000000000000  0.000000000000000  0.000000000000000  0.925304428037852  0.000000000000000  0.074946244611945  0.000000000000000  0.000000000000000  0.000000000000000  0.000000000000000  0.171466661073825  1.000000000000000  1.000000000000000 
20.0    K  0.000000000000000  0.000000000000000  0.025435724533451  0.208916739730463  0.000000000000000  0.000000000000000  0.000000000000000  0.000000000000000  0.671751712860648  0.000000000000000  0.000000000000000  0.000000000000000  0.000000000000000  0.000000000000000  0.093882495433808  0.000000000000000  0.000000000000000  0.000000000000000  0.000000000000000  0.000000000000000  0.982820598545251  0.000000000000000  0.016956708935653  0.000000000000000  0.000000000000000  1.000000000000000  0.000000000000000  0.169458040850000  1.000000000000000  0.481630947010074 
21.0    K  0.000000000000000  0.000000000000000  0.000000000000000  0.094404536597677  0.000000000000000  0.000000000000000  0.000000000000000  0.000000000000000  0.847332434946118  0.000000000000000  0.000000000000000  0.058476468614463  0.000000000000000  0.000000000000000  0.000000000000000  0.000000000000000  0.000000000000000  0.000000000000000  0.000000000000000  0.000000000000000  0.902500727462430  0.000000000000000  0.097733705391074  0.000000000000000  0.000000000000000  0.000000000000000  1.000000000000000  0.171585553906864  1.000000000000000  0.500000000000000 
22.0    E  0.019763742849280  0.000000000000000  0.039719740290802  0.755759964158113  0.000000000000000  0.029177498278604  0.000000000000000  0.000000000000000  0.155609279422771  0.000000000000000  0.000000000000000  0.000000000000000  0.000000000000000  0.000000000000000  0.000000000000000  0.000000000000000  0.000000000000000  0.000000000000000  0.000000000000000  0.000000000000000  0.969289816935065  0.030628106729433  0.000000000000000  1.000000000000000  0.000000000000000  1.000000000000000  0.000000000000000  0.192242603908784  0.500000000000000  0.443498152576075 
23.0    V  0.056602123938614  0.000000000000000  0.000000000000000  0.000000000000000  0.000000000000000  0.000000000000000  0.000000000000000  0.000000000000000  0.041177498491692  0.128247268167143  0.030018589498546  0.000000000000000  0.000000000000000  0.028320685570854  0.000000000000000  0.085673925311231  0.000000000000000  0.563309614248640  0.066754088002991  0.000000000000000  0.873572895916694  0.077374393177340  0.048866852695537  1.000000000000000  0.000000000000000  0.000000000000000  0.000000000000000  0.174463845515271  0.475988954248766  1.000000000000000 
24.0    V  0.028636520146105  0.000000000000000  0.000000000000000  0.000000000000000  0.000000000000000  0.031380235726218  0.000000000000000  0.042101049277053  0.000000000000000  0.000000000000000  0.000000000000000  0.000000000000000  0.000000000000000  0.000000000000000  0.032240099353167  0.000000000000000  0.000000000000000  0.782954296256543  0.082469244423306  0.000000000000000  0.913831450229400  0.042482132559586  0.043374772469237  0.157017797642941  0.843231110250112  1.000000000000000  0.000000000000000  0.182124889237251  0.473685035299634  0.492433221447775 
25.0    E  0.000000000000000  0.000000000000000  0.000000000000000  0.775930854274856  0.000000000000000  0.000000000000000  0.000000000000000  0.000000000000000  0.064973714698455  0.027930786323650  0.000000000000000  0.000000000000000  0.000000000000000  0.021717472185037  0.079329430376238  0.000000000000000  0.029935475569459  0.000000000000000  0.000000000000000  0.000000000000000  0.944092419150250  0.055861572647299  0.000000000000000  0.333324669272800  0.666649338545599  0.000000000000000  1.000000000000000  0.181117769319360  0.472046209575125  0.492433221447775 
26.0    E  0.025033433674676  0.000000000000000  0.000000000000000  0.661585719954060  0.000000000000000  0.000000000000000  0.000000000000000  0.000000000000000  0.176043028364010  0.029935475569459  0.000000000000000  0.000000000000000  0.000000000000000  0.028261855548784  0.079329430376238  0.000000000000000  0.000000000000000  0.000000000000000  0.000000000000000  0.000000000000000  1.000000000000000  0.000000000000000  0.000000000000000  0.000000000000000  0.000000000000000  0.000000000000000  1.000000000000000  0.181117769319360  1.000000000000000  0.492433221447775 
27.0    A  0.653835674268380  0.000000000000000  0.000000000000000  0.101461197622160  0.000000000000000  0.000000000000000  0.000000000000000  0.000000000000000  0.083562530962821  0.000000000000000  0.000000000000000  0.000000000000000  0.000000000000000  0.079329430376238  0.000000000000000  0.000000000000000  0.081899587741148  0.000000000000000  0.000000000000000  0.000000000000000  1.000000000000000  0.000000000000000  0.000000000000000  0.000000000000000  0.000000000000000  0.000000000000000  1.000000000000000  0.181117769319360  1.000000000000000  0.492433221447775 
28.0    E  0.000000000000000  0.000000000000000  0.055861572647299  0.780245480173703  0.000000000000000  0.000000000000000  0.000000000000000  0.000000000000000  0.098345305669196  0.000000000000000  0.000000000000000  0.000000000000000  0.000000000000000  0.000000000000000  0.065471007943737  0.000000000000000  0.000000000000000  0.000000000000000  0.000000000000000  0.000000000000000  1.000000000000000  0.000000000000000  0.000000000000000  0.000000000000000  0.000000000000000  0.000000000000000  1.000000000000000  0.181117769319360  1.000000000000000  0.492433221447775 
29.0    N  0.045562793088018  0.000000000000000  0.055861572647299  0.000000000000000  0.000000000000000  0.000000000000000  0.000000000000000  0.000000000000000  0.021717472185037  0.000000000000000  0.000000000000000  0.750539548757186  0.000000000000000  0.000000000000000  0.000000000000000  0.000000000000000  0.112266546610492  0.013830527571555  0.000000000000000  0.000000000000000  1.000000000000000  0.000000000000000  0.000000000000000  0.000000000000000  0.000000000000000  0.000000000000000  1.000000000000000  0.181117769319360  1.000000000000000  0.492433221447775 
30.0    G  0.000000000000000  0.000000000000000  0.091886708524315  0.037733768483953  0.055360469943898  0.741233504901418  0.000000000000000  0.000000000000000  0.000000000000000  0.000000000000000  0.000000000000000  0.000000000000000  0.000000000000000  0.000000000000000  0.073760896458513  0.000000000000000  0.000000000000000  0.000000000000000  0.000000000000000  0.000000000000000  1.000000000000000  0.000000000000000  0.000000000000000  0.000000000000000  0.000000000000000  0.000000000000000  1.000000000000000  0.183137609326417  1.000000000000000  0.492433221447775 
31.0    R  0.000000000000000  0.000000000000000  0.055360469943898  0.073760896458513  0.000000000000000  0.030500992524257  0.000000000000000  0.000000000000000  0.290377182981431  0.000000000000000  0.000000000000000  0.091886708524315  0.000000000000000  0.000000000000000  0.458184322337676  0.000000000000000  0.000000000000000  0.000000000000000  0.000000000000000  0.000000000000000  0.850863729506541  0.148960321821756  0.000000000000000  1.000000000000000  0.000000000000000  0.000000000000000  1.000000000000000  0.183137609326417  0.456282744271726  0.492433221447775 
32.0    D  0.073760896458513  0.000000000000000  0.670356295790168  0.175069540110901  0.000000000000000  0.055360469943898  0.000000000000000  0.000000000000000  0.000000000000000  0.000000000000000  0.000000000000000  0.000000000000000  0.000000000000000  0.000000000000000  0.000000000000000  0.000000000000000  0.000000000000000  0.025665959398502  0.000000000000000  0.000000000000000  1.000000000000000  0.000000000000000  0.000000000000000  0.000000000000000  0.000000000000000  0.000000000000000  1.000000000000000  0.183137609326417  1.000000000000000  0.492433221447775 
33.0    A  0.733058378594605  0.000000000000000  0.000000000000000  0.000000000000000  0.000000000000000  0.021657341963288  0.073760896458513  0.000000000000000  0.067873866020143  0.055360469943898  0.000000000000000  0.000000000000000  0.000000000000000  0.000000000000000  0.000000000000000  0.000000000000000  0.048394939240826  0.000000000000000  0.000000000000000  0.000000000000000  0.963261894020148  0.000000000000000  0.036549614501623  0.000000000000000  0.000000000000000  0.000000000000000  1.000000000000000  0.183137609326417  1.000000000000000  0.492433221447775 
34.0    P  0.028577034046872  0.000000000000000  0.000000000000000  0.000000000000000  0.000000000000000  0.000000000000000  0.039145763707004  0.000000000000000  0.000000000000000  0.074428553085311  0.000000000000000  0.000000000000000  0.813379198132126  0.000000000000000  0.000000000000000  0.000000000000000  0.000000000000000  0.044409126349417  0.000000000000000  0.000000000000000  1.000000000000000  0.000000000000000  0.000000000000000  0.000000000000000  0.000000000000000  0.433468781757343  0.566441942647899  0.187245116803023  1.000000000000000  0.476979775273779 
35.0    A  0.653382626946587  0.000000000000000  0.000000000000000  0.000000000000000  0.000000000000000  0.041723384477997  0.000000000000000  0.000000000000000  0.000000000000000  0.073760896458513  0.000000000000000  0.000000000000000  0.000000000000000  0.000000000000000  0.000000000000000  0.150204506190856  0.081052472165688  0.000000000000000  0.000000000000000  0.000000000000000  1.000000000000000  0.000000000000000  0.000000000000000  0.000000000000000  0.000000000000000  0.000000000000000  1.000000000000000  0.183137609326417  1.000000000000000  0.492433221447775 
36.0    N  0.000000000000000  0.000000000000000  0.037733768483953  0.055360469943898  0.000000000000000  0.000000000000000  0.030500992524257  0.027892092858531  0.000000000000000  0.000000000000000  0.000000000000000  0.774855930959171  0.000000000000000  0.000000000000000  0.000000000000000  0.000000000000000  0.073760896458513  0.000000000000000  0.000000000000000  0.000000000000000  1.000000000000000  0.000000000000000  0.000000000000000  0.000000000000000  0.000000000000000  0.000000000000000  1.000000000000000  0.183137609326417  1.000000000000000  0.492433221447775 
37.0    G  0.000000000000000  0.000000000000000  0.000000000000000  0.055360469943898  0.000000000000000  0.891310495896971  0.000000000000000  0.000000000000000  0.000000000000000  0.000000000000000  0.000000000000000  0.000000000000000  0.000000000000000  0.000000000000000  0.053178983094159  0.000000000000000  0.000000000000000  0.000000000000000  0.000000000000000  0.000000000000000  0.980779003988551  0.000000000000000  0.019559319666469  0.000000000000000  0.000000000000000  0.000000000000000  1.000000000000000  0.183137609326417  1.000000000000000  0.492433221447775 
38.0    N  0.000000000000000  0.000000000000000  0.000000000000000  0.055706905993561  0.000000000000000  0.000000000000000  0.000000000000000  0.000000000000000  0.118914784541475  0.000000000000000  0.000000000000000  0.598739352309464  0.000000000000000  0.000000000000000  0.000000000000000  0.000000000000000  0.226722582233286  0.000000000000000  0.000000000000000  0.000000000000000  0.840896415253715  0.028497911422493  0.130760617474066  0.500000000000000  0.500000000000000  0.000000000000000  1.000000000000000  0.181998693624886  0.500000000000000  0.480963727332387 
39.0    A  0.617709318563465  0.000000000000000  0.000000000000000  0.136030305208850  0.000000000000000  0.035133716368082  0.000000000000000  0.034244117701490  0.035231262879544  0.080436827956329  0.000000000000000  0.000000000000000  0.000000000000000  0.000000000000000  0.000000000000000  0.000000000000000  0.000000000000000  0.061086610400675  0.000000000000000  0.000000000000000  0.427501088945986  0.000000000000000  0.572362080299342  0.000000000000000  0.000000000000000  0.185179974752540  0.814507563070215  0.210807777562528  1.000000000000000  0.431669779287206 
40.0    Q  0.000000000000000  0.000000000000000  0.000000000000000  0.639936206922154  0.000000000000000  0.000000000000000  0.000000000000000  0.000000000000000  0.000000000000000  0.000000000000000  0.000000000000000  0.000000000000000  0.000000000000000  0.280680355518402  0.079439480581604  0.000000000000000  0.000000000000000  0.000000000000000  0.000000000000000  0.000000000000000  1.000000000000000  0.000000000000000  0.000000000000000  0.000000000000000  0.000000000000000  0.768970415635134  0.231326107009463  0.295862755438143  1.000000000000000  0.312299031413344 
41.0    N  0.067873866020143  0.000000000000000  0.000000000000000  0.070805242830987  0.000000000000000  0.000000000000000  0.000000000000000  0.000000000000000  0.031206708315657  0.000000000000000  0.088265900274047  0.696888619343735  0.000000000000000  0.000000000000000  0.000000000000000  0.045122787360078  0.000000000000000  0.000000000000000  0.000000000000000  0.000000000000000  1.000000000000000  0.000000000000000  0.000000000000000  0.000000000000000  0.000000000000000  0.643048741715302  0.357000994921266  0.218241897783441  1.000000000000000  0.456282744271726 
42.0    E  0.000000000000000  0.000000000000000  0.000000000000000  0.710546021590680  0.000000000000000  0.000000000000000  0.000000000000000  0.000000000000000  0.112422289018469  0.000000000000000  0.000000000000000  0.152724137709188  0.000000000000000  0.024097044146999  0.000000000000000  0.000000000000000  0.000000000000000  0.000000000000000  0.000000000000000  0.000000000000000  1.000000000000000  0.000000000000000  0.000000000000000  0.000000000000000  0.000000000000000  0.000000000000000  1.000000000000000  0.196690611338391  1.000000000000000  0.492433221447775 
43.0    E  0.018932385319223  0.028320685570854  0.028537445312875  0.615572206672458  0.000000000000000  0.213306524528017  0.000000000000000  0.000000000000000  0.095457343622544  0.000000000000000  0.000000000000000  0.000000000000000  0.000000000000000  0.000000000000000  0.000000000000000  0.000000000000000  0.000000000000000  0.000000000000000  0.000000000000000  0.000000000000000  1.000000000000000  0.000000000000000  0.000000000000000  0.000000000000000  0.000000000000000  0.000000000000000  1.000000000000000  0.196690611338391  1.000000000000000  0.492433221447775 
44.0    N  0.152724137709188  0.000000000000000  0.080102995260012  0.000000000000000  0.000000000000000  0.028320685570854  0.028537445312875  0.040190546357206  0.000000000000000  0.000000000000000  0.000000000000000  0.669891801213920  0.000000000000000  0.000000000000000  0.000000000000000  0.000000000000000  0.000000000000000  0.000000000000000  0.000000000000000  0.000000000000000  1.000000000000000  0.000000000000000  0.000000000000000  0.250000000000000  0.750019494642909  1.000000000000000  0.000000000000000  0.196690611338391  0.492433221447775  0.492433221447775 
45.0    G  0.000000000000000  0.000000000000000  0.146097156070156  0.042217940141739  0.000000000000000  0.759435844907265  0.000000000000000  0.000000000000000  0.000000000000000  0.000000000000000  0.000000000000000  0.000000000000000  0.000000000000000  0.000000000000000  0.024382671255428  0.027737854289672  0.000000000000000  0.000000000000000  0.000000000000000  0.000000000000000  1.000000000000000  0.000000000000000  0.000000000000000  0.000000000000000  0.000000000000000  0.000000000000000  0.000000000000000  0.192509293559018  1.000000000000000  1.000000000000000 
46.0    E  0.000000000000000  0.000000000000000  0.122852574818156  0.644834125327943  0.000000000000000  0.027737854289672  0.146097156070156  0.000000000000000  0.021959667190730  0.000000000000000  0.000000000000000  0.000000000000000  0.000000000000000  0.000000000000000  0.036498981081660  0.000000000000000  0.000000000000000  0.000000000000000  0.000000000000000  0.000000000000000  1.000000000000000  0.000000000000000  0.000000000000000  0.000000000000000  0.000000000000000  0.000000000000000  0.000000000000000  0.192509293559018  1.000000000000000  1.000000000000000 
47.0    Q  0.000000000000000  0.000000000000000  0.022436632978491  0.000000000000000  0.000000000000000  0.051331918797004  0.000000000000000  0.000000000000000  0.036498981081660  0.000000000000000  0.000000000000000  0.000000000000000  0.058557590429527  0.709070017839729  0.000000000000000  0.094732285406900  0.000000000000000  0.027299152997397  0.000000000000000  0.000000000000000  1.000000000000000  0.000000000000000  0.000000000000000  0.000000000000000  0.000000000000000  0.000000000000000  0.000000000000000  0.192509293559018  1.000000000000000  1.000000000000000 
48.0    E  0.051331918797004  0.000000000000000  0.123364568235730  0.681601303641254  0.000000000000000  0.092847057541302  0.000000000000000  0.021959667190730  0.029076551803219  0.000000000000000  0.000000000000000  0.000000000000000  0.000000000000000  0.000000000000000  0.000000000000000  0.000000000000000  0.000000000000000  0.000000000000000  0.000000000000000  0.000000000000000  1.000000000000000  0.000000000000000  0.000000000000000  0.000000000000000  0.000000000000000  0.000000000000000  0.000000000000000  0.192509293559018  1.000000000000000  1.000000000000000 
49.0    A  0.619853849969493  0.000000000000000  0.027969533466499  0.024467321758017  0.000000000000000  0.021138253610161  0.000000000000000  0.038446604523473  0.098686735837569  0.000000000000000  0.000000000000000  0.056838015737546  0.000000000000000  0.052410511527558  0.036549614501623  0.000000000000000  0.000000000000000  0.023552107961850  0.000000000000000  0.000000000000000  0.933679944915313  0.000000000000000  0.066384949155961  0.000000000000000  0.000000000000000  0.000000000000000  0.000000000000000  0.192109397661002  1.000000000000000  1.000000000000000 
50.0    D  0.000000000000000  0.000000000000000  0.669891801213920  0.032017400719775  0.000000000000000  0.048428495684948  0.000000000000000  0.000000000000000  0.037969899747032  0.000000000000000  0.000000000000000  0.109423916211783  0.000000000000000  0.000000000000000  0.000000000000000  0.000000000000000  0.000000000000000  0.102237757319723  0.000000000000000  0.000000000000000  0.967947026893737  0.000000000000000  0.032017400719775  0.000000000000000  0.000000000000000  0.000000000000000  1.000000000000000  0.199574596589162  1.000000000000000  0.484980955170867 
51.0    N  0.017277041458129  0.000000000000000  0.059622471909222  0.103163176064082  0.000000000000000  0.000000000000000  0.000000000000000  0.000000000000000  0.039390730986968  0.000000000000000  0.000000000000000  0.626332219312064  0.000000000000000  0.000000000000000  0.000000000000000  0.110108671765872  0.000000000000000  0.044071811265137  0.000000000000000  0.000000000000000  0.946713631236714  0.025172634095273  0.028008334361544  1.000000000000000  0.000000000000000  1.000000000000000  0.000000000000000  0.201660439805532  0.500000000000000  0.474342157570227 
52.0    E  0.103091693576260  0.000000000000000  0.121329308721193  0.613867841957530  0.000000000000000  0.000000000000000  0.000000000000000  0.000000000000000  0.084027187134539  0.000000000000000  0.000000000000000  0.000000000000000  0.000000000000000  0.000000000000000  0.000000000000000  0.000000000000000  0.000000000000000  0.077858588473092  0.000000000000000  0.000000000000000  1.000000000000000  0.000000000000000  0.000000000000000  0.000000000000000  0.000000000000000  0.000000000000000  1.000000000000000  0.191976283712762  1.000000000000000  0.500000000000000 
53.0    V  0.053178983094159  0.000000000000000  0.117848066989780  0.030905341136904  0.000000000000000  0.025755065154789  0.000000000000000  0.000000000000000  0.000000000000000  0.000000000000000  0.000000000000000  0.000000000000000  0.099511012347347  0.000000000000000  0.000000000000000  0.000000000000000  0.000000000000000  0.672683604260913  0.000000000000000  0.000000000000000  1.000000000000000  0.000000000000000  0.000000000000000  0.000000000000000  0.000000000000000  1.000000000000000  0.000000000000000  0.191976283712762  1.000000000000000  0.500000000000000 
54.0    D  0.123023002754225  0.000000000000000  0.527776858818983  0.247585717983256  0.000000000000000  0.000000000000000  0.000000000000000  0.000000000000000  0.000000000000000  0.000000000000000  0.000000000000000  0.016198454703433  0.000000000000000  0.000000000000000  0.000000000000000  0.000000000000000  0.049002528379734  0.036549614501623  0.000000000000000  0.000000000000000  1.000000000000000  0.000000000000000  0.000000000000000  0.000000000000000  0.000000000000000  0.000000000000000  0.000000000000000  0.192109397661002  1.000000000000000  1.000000000000000 
55.0    E  0.000000000000000  0.000000000000000  0.038446604523473  0.876605721316035  0.000000000000000  0.000000000000000  0.000000000000000  0.000000000000000  0.000000000000000  0.000000000000000  0.000000000000000  0.000000000000000  0.000000000000000  0.000000000000000  0.039885274025905  0.000000000000000  0.000000000000000  0.045122787360078  0.000000000000000  0.000000000000000  1.000000000000000  0.000000000000000  0.000000000000000  0.000000000000000  0.000000000000000  0.000000000000000  0.000000000000000  0.192109397661002  1.000000000000000  1.000000000000000 
56.0    E  0.000000000000000  0.000000000000000  0.095259051896236  0.727994774499543  0.000000000000000  0.080996310339583  0.020992241026895  0.000000000000000  0.045122787360078  0.000000000000000  0.000000000000000  0.000000000000000  0.000000000000000  0.029873291174804  0.000000000000000  0.000000000000000  0.000000000000000  0.000000000000000  0.000000000000000  0.000000000000000  0.976708528962227  0.000000000000000  0.023115429832013  0.000000000000000  0.000000000000000  0.000000000000000  0.000000000000000  0.192109397661002  1.000000000000000  1.000000000000000 
57.0    E  0.000000000000000  0.000000000000000  0.202641279971327  0.624598062826688  0.000000000000000  0.025719385789960  0.000000000000000  0.000000000000000  0.146909541052471  0.000000000000000  0.000000000000000  0.000000000000000  0.000000000000000  0.000000000000000  0.000000000000000  0.000000000000000  0.000000000000000  0.000000000000000  0.000000000000000  0.000000000000000  0.950659101229818  0.000000000000000  0.049617745683228  0.000000000000000  0.000000000000000  0.000000000000000  1.000000000000000  0.191047065095646  1.000000000000000  0.500000000000000 
58.0    E  0.000000000000000  0.000000000000000  0.112422289018469  0.703684187662699  0.000000000000000  0.000000000000000  0.075102253095428  0.000000000000000  0.048394939240826  0.000000000000000  0.000000000000000  0.000000000000000  0.000000000000000  0.000000000000000  0.000000000000000  0.000000000000000  0.000000000000000  0.060371020557803  0.000000000000000  0.000000000000000  1.000000000000000  0.000000000000000  0.000000000000000  0.000000000000000  0.000000000000000  0.322417062663971  0.677832163400000  0.195196623151848  1.000000000000000  0.485317234884773 
59.0    E  0.031973045929201  0.000000000000000  0.000000000000000  0.608783009331493  0.000000000000000  0.166200888522714  0.000000000000000  0.000000000000000  0.000000000000000  0.000000000000000  0.000000000000000  0.037214276542655  0.000000000000000  0.000000000000000  0.000000000000000  0.000000000000000  0.000000000000000  0.155933196489256  0.000000000000000  0.000000000000000  0.580351957191860  0.065880713955671  0.353553390593274  0.583174684894234  0.416965521912482  0.000000000000000  1.000000000000000  0.196282029668393  0.488015880388112  0.494485458190466 
60.0    G  0.000000000000000  0.000000000000000  0.000000000000000  0.000000000000000  0.000000000000000  1.000000000000000  0.000000000000000  0.000000000000000  0.000000000000000  0.000000000000000  0.000000000000000  0.000000000000000  0.000000000000000  0.000000000000000  0.000000000000000  0.000000000000000  0.000000000000000  0.000000000000000  0.000000000000000  0.000000000000000  1.000000000000000  0.000000000000000  0.000000000000000  0.000000000000000  0.000000000000000  0.000000000000000  1.000000000000000  0.278162530146209  1.000000000000000  0.381564802240140 
61.0    G  0.058679484207216  0.000000000000000  0.110720939887795  0.104603280335424  0.000000000000000  0.649769531227720  0.000000000000000  0.000000000000000  0.000000000000000  0.000000000000000  0.000000000000000  0.000000000000000  0.000000000000000  0.000000000000000  0.076468002570742  0.000000000000000  0.000000000000000  0.000000000000000  0.000000000000000  0.000000000000000  0.953959550547558  0.000000000000000  0.046070913040347  0.000000000000000  0.000000000000000  0.572362080299342  0.427797512841301  0.278162530146209  1.000000000000000  0.381564802240140 
62.0    E  0.034267862143372  0.000000000000000  0.155286035223055  0.733566672083662  0.000000000000000  0.000000000000000  0.000000000000000  0.000000000000000  0.000000000000000  0.000000000000000  0.000000000000000  0.000000000000000  0.000000000000000  0.000000000000000  0.000000000000000  0.000000000000000  0.000000000000000  0.076839929203411  0.000000000000000  0.000000000000000  1.000000000000000  0.000000000000000  0.000000000000000  0.000000000000000  0.000000000000000  0.132494097924660  0.867538687152068  0.241651524266243  1.000000000000000  0.442883759551180 
63.0    E  0.000000000000000  0.000000000000000  0.055900306361413  0.914465089499901  0.000000000000000  0.000000000000000  0.000000000000000  0.000000000000000  0.029543816148461  0.000000000000000  0.000000000000000  0.000000000000000  0.000000000000000  0.000000000000000  0.000000000000000  0.000000000000000  0.000000000000000  0.000000000000000  0.000000000000000  0.000000000000000  1.000000000000000  0.000000000000000  0.000000000000000  0.000000000000000  0.000000000000000  0.000000000000000  1.000000000000000  0.237500095718722  1.000000000000000  0.451876363375543 
64.0    E  0.000000000000000  0.000000000000000  0.046455718263469  0.814507563070215  0.000000000000000  0.104530799989258  0.000000000000000  0.000000000000000  0.034602018265134  0.000000000000000  0.000000000000000  0.000000000000000  0.000000000000000  0.000000000000000  0.000000000000000  0.000000000000000  0.000000000000000  0.000000000000000  0.000000000000000  0.000000000000000  1.000000000000000  0.000000000000000  0.000000000000000  0.000000000000000  0.000000000000000  0.408951029278891  0.591315500122071  0.237500095718722  1.000000000000000  0.451876363375543 
65.0    E  0.000000000000000  0.000000000000000  0.250000000000000  0.659296807246183  0.000000000000000  0.000000000000000  0.000000000000000  0.000000000000000  0.000000000000000  0.000000000000000  0.000000000000000  0.000000000000000  0.000000000000000  0.090873282332519  0.000000000000000  0.000000000000000  0.000000000000000  0.000000000000000  0.000000000000000  0.000000000000000  0.931094819830229  0.000000000000000  0.068726009332159  0.000000000000000  0.000000000000000  0.000000000000000  1.000000000000000  0.213158722941989  1.000000000000000  0.475988954248766 
66.0    E  0.000000000000000  0.000000000000000  0.021567458646822  0.869947352708651  0.000000000000000  0.000000000000000  0.000000000000000  0.000000000000000  0.060078808024298  0.000000000000000  0.000000000000000  0.000000000000000  0.000000000000000  0.048361406048200  0.000000000000000  0.000000000000000  0.000000000000000  0.000000000000000  0.000000000000000  0.000000000000000  1.000000000000000  0.000000000000000  0.000000000000000  0.000000000000000  0.000000000000000  0.000000000000000  1.000000000000000  0.229092161168838  1.000000000000000  0.456282744271726 
67.0    E  0.000000000000000  0.000000000000000  0.000000000000000  1.000000000000000  0.000000000000000  0.000000000000000  0.000000000000000  0.000000000000000  0.000000000000000  0.000000000000000  0.000000000000000  0.000000000000000  0.000000000000000  0.000000000000000  0.000000000000000  0.000000000000000  0.000000000000000  0.000000000000000  0.000000000000000  0.000000000000000  0.827023368443266  0.000000000000000  0.173138683513866  0.000000000000000  0.000000000000000  0.359733395002705  0.640379930664885  0.229092161168838  1.000000000000000  0.456282744271726 
68.0    E  0.000000000000000  0.000000000000000  0.165970644797805  0.525950889601936  0.000000000000000  0.128781744202509  0.000000000000000  0.000000000000000  0.132769898311922  0.000000000000000  0.000000000000000  0.000000000000000  0.000000000000000  0.000000000000000  0.000000000000000  0.000000000000000  0.046617000834108  0.000000000000000  0.000000000000000  0.000000000000000  1.000000000000000  0.000000000000000  0.000000000000000  0.000000000000000  0.000000000000000  0.606676780124346  0.393381222676783  0.210807777562528  1.000000000000000  0.420156876116641 
69.0    E  0.040246300922182  0.000000000000000  0.115743252815915  0.710053679271714  0.000000000000000  0.030248344590429  0.000000000000000  0.000000000000000  0.000000000000000  0.000000000000000  0.000000000000000  0.103521332666818  0.000000000000000  0.000000000000000  0.000000000000000  0.000000000000000  0.000000000000000  0.000000000000000  0.000000000000000  0.000000000000000  1.000000000000000  0.000000000000000  0.000000000000000  0.000000000000000  0.000000000000000  1.000000000000000  0.000000000000000  0.188416863694798  1.000000000000000  0.474671060475260 
70.0    G  0.029769937438873  0.030819772015417  0.024467321758017  0.083042863381032  0.000000000000000  0.685866644295299  0.000000000000000  0.000000000000000  0.000000000000000  0.000000000000000  0.000000000000000  0.000000000000000  0.000000000000000  0.000000000000000  0.028242272710971  0.045122787360078  0.000000000000000  0.072644631719882  0.000000000000000  0.000000000000000  1.000000000000000  0.000000000000000  0.000000000000000  0.000000000000000  0.000000000000000  0.000000000000000  0.000000000000000  0.192109397661002  1.000000000000000  1.000000000000000 
71.0    D  0.027969533466499  0.000000000000000  0.686342215627455  0.251215955105946  0.000000000000000  0.000000000000000  0.000000000000000  0.000000000000000  0.000000000000000  0.000000000000000  0.000000000000000  0.000000000000000  0.000000000000000  0.000000000000000  0.000000000000000  0.000000000000000  0.000000000000000  0.000000000000000  0.000000000000000  0.034363004666080  1.000000000000000  0.000000000000000  0.000000000000000  0.000000000000000  0.000000000000000  0.000000000000000  0.000000000000000  0.192109397661002  1.000000000000000  1.000000000000000 
72.0    G  0.052994997789572  0.000000000000000  0.069588851139293  0.038446604523473  0.000000000000000  0.790041311863377  0.000000000000000  0.000000000000000  0.000000000000000  0.000000000000000  0.000000000000000  0.000000000000000  0.000000000000000  0.000000000000000  0.000000000000000  0.048866852695537  0.000000000000000  0.000000000000000  0.000000000000000  0.000000000000000  0.969961910341735  0.029914733068603  0.000000000000000  0.500000000000000  0.500000000000000  0.000000000000000  0.000000000000000  0.192109397661002  0.500000000000000  1.000000000000000 
73.0    E  0.000000000000000  0.000000000000000  0.189727406621757  0.711531730617297  0.000000000000000  0.000000000000000  0.000000000000000  0.000000000000000  0.049002528379734  0.000000000000000  0.000000000000000  0.000000000000000  0.000000000000000  0.000000000000000  0.000000000000000  0.000000000000000  0.049686578184311  0.000000000000000  0.000000000000000  0.000000000000000  1.000000000000000  0.000000000000000  0.000000000000000  0.000000000000000  0.000000000000000  0.000000000000000  0.000000000000000  0.192109397661002  1.000000000000000  1.000000000000000 
74.0    E  0.129497845445002  0.000000000000000  0.159430548959818  0.711038705293637  0.000000000000000  0.000000000000000  0.000000000000000  0.000000000000000  0.000000000000000  0.000000000000000  0.000000000000000  0.000000000000000  0.000000000000000  0.000000000000000  0.000000000000000  0.000000000000000  0.000000000000000  0.000000000000000  0.000000000000000  0.000000000000000  1.000000000000000  0.000000000000000  0.000000000000000  0.000000000000000  0.000000000000000  0.000000000000000  0.000000000000000  0.192109397661002  1.000000000000000  1.000000000000000 
75.0    E  0.000000000000000  0.000000000000000  0.197647279150986  0.774319027853220  0.000000000000000  0.028242272710971  0.000000000000000  0.000000000000000  0.000000000000000  0.000000000000000  0.000000000000000  0.000000000000000  0.000000000000000  0.000000000000000  0.000000000000000  0.000000000000000  0.000000000000000  0.000000000000000  0.000000000000000  0.000000000000000  1.000000000000000  0.000000000000000  0.000000000000000  0.000000000000000  0.000000000000000  0.000000000000000  0.000000000000000  0.192109397661002  1.000000000000000  1.000000000000000 
76.0    D  0.034363004666080  0.000000000000000  0.562529242344405  0.233581836720795  0.000000000000000  0.088633752229966  0.000000000000000  0.000000000000000  0.000000000000000  0.000000000000000  0.000000000000000  0.080996310339583  0.000000000000000  0.000000000000000  0.000000000000000  0.000000000000000  0.000000000000000  0.000000000000000  0.000000000000000  0.000000000000000  0.785672516667580  0.067358321565229  0.146807746401707  0.127980862553555  0.871758239537062  0.000000000000000  0.000000000000000  0.192109397661002  0.481297221550876  1.000000000000000 
77.0    G  0.057233355401133  0.000000000000000  0.071495685825238  0.052592467642836  0.000000000000000  0.651122094784514  0.000000000000000  0.000000000000000  0.032307210507749  0.000000000000000  0.000000000000000  0.000000000000000  0.000000000000000  0.000000000000000  0.000000000000000  0.000000000000000  0.000000000000000  0.135371880690741  0.000000000000000  0.000000000000000  1.000000000000000  0.000000000000000  0.000000000000000  0.000000000000000  0.000000000000000  0.471392267959120  0.528509020280690  0.217185546287656  1.000000000000000  0.454704125900367 
78.0    D  0.000000000000000  0.000000000000000  0.632001549226403  0.189727406621757  0.000000000000000  0.022639721164920  0.000000000000000  0.000000000000000  0.000000000000000  0.000000000000000  0.000000000000000  0.048060650977196  0.107395094368398  0.000000000000000  0.000000000000000  0.000000000000000  0.000000000000000  0.000000000000000  0.000000000000000  0.000000000000000  1.000000000000000  0.000000000000000  0.000000000000000  0.000000000000000  0.000000000000000  1.000000000000000  0.000000000000000  0.202080217201392  1.000000000000000  0.481630947010074 
79.0    E  0.000000000000000  0.000000000000000  0.188286308329227  0.709561678100191  0.000000000000000  0.000000000000000  0.000000000000000  0.000000000000000  0.000000000000000  0.000000000000000  0.000000000000000  0.000000000000000  0.102237757319723  0.000000000000000  0.000000000000000  0.000000000000000  0.000000000000000  0.000000000000000  0.000000000000000  0.000000000000000  0.944747040997206  0.055016188347697  0.000000000000000  0.199990032083188  0.799960128332753  0.000000000000000  0.000000000000000  0.197921466467818  0.492433221447775  1.000000000000000 
80.0    D  0.102237757319723  0.000000000000000  0.807760777609608  0.090245574720156  0.000000000000000  0.000000000000000  0.000000000000000  0.000000000000000  0.000000000000000  0.000000000000000  0.000000000000000  0.000000000000000  0.000000000000000  0.000000000000000  0.000000000000000  0.000000000000000  0.000000000000000  0.000000000000000  0.000000000000000  0.000000000000000  1.000000000000000  0.000000000000000  0.000000000000000  0.000000000000000  0.000000000000000  0.000000000000000  0.000000000000000  0.197921466467818  1.000000000000000  1.000000000000000 
81.0    E  0.048294409352999  0.000000000000000  0.215386539928004  0.679714120953369  0.000000000000000  0.000000000000000  0.000000000000000  0.000000000000000  0.000000000000000  0.000000000000000  0.000000000000000  0.056445406884489  0.000000000000000  0.000000000000000  0.000000000000000  0.000000000000000  0.000000000000000  0.000000000000000  0.000000000000000  0.000000000000000  1.000000000000000  0.000000000000000  0.000000000000000  0.000000000000000  0.000000000000000  0.000000000000000  0.000000000000000  0.198196034152571  1.000000000000000  1.000000000000000 
82.0    E  0.000000000000000  0.000000000000000  0.000000000000000  0.880869374126979  0.000000000000000  0.000000000000000  0.000000000000000  0.000000000000000  0.083215725827273  0.000000000000000  0.000000000000000  0.000000000000000  0.000000000000000  0.000000000000000  0.035896823593657  0.000000000000000  0.000000000000000  0.000000000000000  0.000000000000000  0.000000000000000  1.000000000000000  0.000000000000000  0.000000000000000  0.000000000000000  0.000000000000000  0.000000000000000  0.000000000000000  0.198196034152571  1.000000000000000  1.000000000000000 
83.0    A  0.630251695791493  0.000000000000000  0.040302132832996  0.000000000000000  0.000000000000000  0.000000000000000  0.000000000000000  0.000000000000000  0.000000000000000  0.000000000000000  0.000000000000000  0.000000000000000  0.000000000000000  0.000000000000000  0.000000000000000  0.048127323389754  0.167705278110283  0.113754853010112  0.000000000000000  0.000000000000000  1.000000000000000  0.000000000000000  0.000000000000000  0.000000000000000  0.000000000000000  0.000000000000000  0.000000000000000  0.196010113518935  1.000000000000000  1.000000000000000 
84.0    G  0.000000000000000  0.000000000000000  0.000000000000000  0.906890328933143  0.000000000000000  0.092911436526938  0.000000000000000  0.000000000000000  0.000000000000000  0.000000000000000  0.000000000000000  0.000000000000000  0.000000000000000  0.000000000000000  0.000000000000000  0.000000000000000  0.000000000000000  0.000000000000000  0.000000000000000  0.000000000000000  1.000000000000000  0.000000000000000  0.000000000000000  0.000000000000000  0.000000000000000  0.000000000000000  0.000000000000000  0.397492625474487  1.000000000000000  1.000000000000000 
85.0    Q  0.000000000000000  0.000000000000000  0.000000000000000  0.000000000000000  0.000000000000000  0.000000000000000  0.000000000000000  0.000000000000000  0.000000000000000  0.000000000000000  0.000000000000000  0.000000000000000  0.000000000000000  1.000000000000000  0.000000000000000  0.000000000000000  0.000000000000000  0.000000000000000  0.000000000000000  0.000000000000000  1.000000000000000  0.000000000000000  0.000000000000000  0.000000000000000  0.000000000000000  0.000000000000000  0.000000000000000  0.500000000000000  1.000000000000000  1.000000000000000 
86.0    K  0.000000000000000  0.000000000000000  0.000000000000000  0.000000000000000  0.000000000000000  0.000000000000000  0.000000000000000  0.000000000000000  1.000000000000000  0.000000000000000  0.000000000000000  0.000000000000000  0.000000000000000  0.000000000000000  0.000000000000000  0.000000000000000  0.000000000000000  0.000000000000000  0.000000000000000  0.000000000000000  1.000000000000000  0.000000000000000  0.000000000000000  0.000000000000000  0.000000000000000  0.000000000000000  0.000000000000000  0.500000000000000  1.000000000000000  1.000000000000000 
87.0    K  0.000000000000000  0.000000000000000  0.000000000000000  0.000000000000000  0.000000000000000  0.000000000000000  0.000000000000000  0.000000000000000  1.000000000000000  0.000000000000000  0.000000000000000  0.000000000000000  0.000000000000000  0.000000000000000  0.000000000000000  0.000000000000000  0.000000000000000  0.000000000000000  0.000000000000000  0.000000000000000  1.000000000000000  0.000000000000000  0.000000000000000  1.000000000000000  0.000000000000000  0.000000000000000  0.000000000000000  0.500000000000000  1.000000000000000  1.000000000000000 
