No:  residues  hmm_col_1  hmm_col_2  hmm_col_3  hmm_col_4  hmm_col_5  hmm_col_6  hmm_col_7  hmm_col_8  hmm_col_9  hmm_col_10  hmm_col_11  hmm_col_12  hmm_col_13  hmm_col_14  hmm_col_15  hmm_col_16  hmm_col_17  hmm_col_18  hmm_col_19  hmm_col_20  hmm_col_21   hmm_col_22   hmm_col_23   hmm_col_24   hmm_col_25   hmm_col_26   hmm_col_27   hmm_col_28   hmm_col_29   hmm_col_30   
1.0    M  0.000000000000000  0.000000000000000  0.000000000000000  0.005440669846363  0.027337023903307  0.000000000000000  0.000000000000000  0.022655419263732  0.000000000000000  0.013248749447393  0.892546971472977  0.000000000000000  0.000000000000000  0.000000000000000  0.000000000000000  0.011102281587354  0.017689045345479  0.009861344000876  0.000000000000000  0.000000000000000  1.000000000000000  0.000000000000000  0.000000000000000  0.000000000000000  0.000000000000000  0.000000000000000  0.000000000000000  0.055283777208221  1.000000000000000  1.000000000000000 
2.0    A  0.711531730617297  0.000000000000000  0.000000000000000  0.004041201490308  0.000000000000000  0.015898120189104  0.000000000000000  0.000000000000000  0.012040173568100  0.005343497280869  0.002340447307304  0.000000000000000  0.035946621667206  0.000000000000000  0.000000000000000  0.092525831125003  0.069156084568267  0.051331918797004  0.000000000000000  0.000000000000000  0.973329374158238  0.021552514403548  0.004989116246857  0.415811049187453  0.584388624280623  0.000000000000000  0.000000000000000  0.054863862350595  0.489370825198718  1.000000000000000 
3.0    R  0.000000000000000  0.017948411796829  0.009420373653834  0.017205337470281  0.002295461578945  0.028379638053797  0.031840349894273  0.000000000000000  0.023019495090883  0.019303416205108  0.007203930608692  0.002729779241897  0.018568486016515  0.000000000000000  0.766309980103892  0.039336161672027  0.000000000000000  0.000000000000000  0.005101014793316  0.011125392153102  0.970634469769547  0.006730829372750  0.022452190258501  0.387696603173502  0.612592665952338  0.000000000000000  1.000000000000000  0.054560474445860  0.495858365369147  0.500000000000000 
4.0    T  0.000000000000000  0.015484836926001  0.007183984735560  0.033632503899494  0.000000000000000  0.029441602309525  0.000000000000000  0.053586002289636  0.011694710834318  0.023781771575615  0.043525358770907  0.004889829916617  0.028086097706595  0.000000000000000  0.015030116479137  0.047071577082307  0.686342215627455  0.000000000000000  0.000000000000000  0.000000000000000  1.000000000000000  0.000000000000000  0.000000000000000  0.000000000000000  0.000000000000000  0.000000000000000  1.000000000000000  0.052628934600526  1.000000000000000  0.490389501994276 
5.0    K  0.036347501298370  0.000000000000000  0.012726680672972  0.014578640492763  0.000000000000000  0.000000000000000  0.000000000000000  0.002808469790717  0.743291492215508  0.006389859832483  0.004726539411013  0.014629253866164  0.004265705256819  0.024723040662045  0.049514675682811  0.011156281091290  0.037786114869793  0.025826572442319  0.000000000000000  0.011304178795863  0.927873476471283  0.020948634243443  0.051118878659861  0.356506429341035  0.643494623650635  0.549808074657276  0.450312989923965  0.050310383601320  0.493458272942921  0.490389501994276 
6.0    Q  0.022828818414776  0.006824788249349  0.000000000000000  0.056641371141708  0.000000000000000  0.006241030597259  0.089250248730317  0.017445515030978  0.032039601184019  0.024535253708549  0.070658160445287  0.013868927144836  0.064883704408941  0.510506062853597  0.034339194299277  0.022374511581268  0.015821168864851  0.011727180449331  0.000000000000000  0.000000000000000  0.971307495541633  0.023019495090883  0.005835208816845  0.426908857195622  0.573156092864189  0.653835674268380  0.346037429012870  0.047629525948118  0.489031736723670  0.469435873657726 
7.0    T  0.065154110052570  0.000000000000000  0.009705377201441  0.026534257701464  0.017506081471784  0.017229205672952  0.000000000000000  0.023035456520173  0.012753172596108  0.020291228167654  0.019024469041609  0.016187230680625  0.025934205799687  0.021959667190730  0.049411819787746  0.053400608805608  0.590905773467183  0.026332713421973  0.004674410012620  0.000000000000000  0.924022572446823  0.027035521580781  0.049104532291724  0.280874975757911  0.718968266423479  0.799405830352472  0.200545291588122  0.045562793088018  0.480963727332387  0.488015880388112 
8.0    A  0.605836330215122  0.000000000000000  0.009585038884795  0.034770316268276  0.000000000000000  0.005999258866024  0.000000000000000  0.006834255975827  0.040526236082844  0.000000000000000  0.007340021478234  0.008431470597691  0.035822255804012  0.015843116871719  0.012762015486094  0.077804639711386  0.077535456107212  0.046811279200756  0.000000000000000  0.014004167180772  0.976708528962227  0.010517969291225  0.012985091587401  0.333324669272800  0.666649338545599  0.888842681166570  0.111336612575835  0.042130241616783  0.498615625676035  0.463294030945185 
9.0    R  0.030991147835572  0.030969673852002  0.011048543456040  0.024535253708549  0.000000000000000  0.023227859131735  0.040498155169792  0.011573748422034  0.078508898821470  0.008549169541100  0.006596881932998  0.033609199701793  0.023405639600378  0.029935475569459  0.507331273290440  0.052192994964273  0.023715925827720  0.046007089442756  0.011743449047387  0.005574275412960  0.946713631236714  0.031141883213371  0.022374511581268  1.000000000000000  0.000000000000000  0.000000000000000  1.000000000000000  0.043105028807096  0.484980955170867  0.492774668469685 
10.0    K  0.032464346978052  0.000000000000000  0.000000000000000  0.003212695580908  0.008223680896167  0.019424213576624  0.009131072254385  0.011485838565539  0.569986636346731  0.000000000000000  0.028557232819669  0.013773127467300  0.011998517732048  0.014248955711246  0.148444958259176  0.035206850890540  0.066800374450688  0.026867390195094  0.000000000000000  0.000000000000000  0.972654947412286  0.027016788478371  0.000000000000000  0.348444309671867  0.651573574681647  0.355765865308649  0.644387315242508  0.044501568612408  0.488015880388112  0.467811748915700 
11.0    S  0.094732285406900  0.007965606898423  0.000000000000000  0.029036271070341  0.012753172596108  0.044749023162536  0.000000000000000  0.024247839196089  0.022734073181793  0.000000000000000  0.000000000000000  0.005332397335489  0.071100326742032  0.009964409309989  0.066800374450688  0.488015880388112  0.086869888740146  0.030819772015417  0.000000000000000  0.004947790053606  0.989656656415207  0.000000000000000  0.010322956294205  0.000000000000000  0.000000000000000  0.000000000000000  1.000000000000000  0.045279442329840  1.000000000000000  0.479964630519454 
12.0    T  0.063065727115293  0.003887342663360  0.000000000000000  0.016781319869064  0.004789198672083  0.024214247842474  0.014004167180772  0.026998068356259  0.078237278665875  0.005941323254848  0.011002689272751  0.018249490540830  0.010598471308185  0.025683755852964  0.106653262264008  0.041435180009333  0.506979739895015  0.034220389712299  0.000000000000000  0.007416735319926  0.997231251352069  0.002589698750583  0.000000000000000  1.000000000000000  0.000000000000000  0.179493063827929  0.820741608810498  0.045784402331604  0.500000000000000  0.471392267959120 
13.0    G  0.055130710324824  0.009786440926751  0.013039207518053  0.021359178936591  0.000000000000000  0.526680517977418  0.001700294068938  0.016311123865964  0.054484889971066  0.003255285965466  0.000000000000000  0.010467059393968  0.045626000332954  0.035109371969739  0.025524030972188  0.090496135773722  0.067826835742613  0.011438169499575  0.000000000000000  0.011727180449331  0.961927454664775  0.014467906601989  0.023324662239015  0.455334916795989  0.544498507668053  0.000000000000000  1.000000000000000  0.048462075396688  0.488015880388112  0.476979775273779 
14.0    G  0.036778335538086  0.006910472151028  0.000000000000000  0.024063661694877  0.002102031493718  0.526680517977418  0.005990947889348  0.011148550825921  0.043105028807096  0.006310631075075  0.000000000000000  0.028855697210294  0.055861572647299  0.008292368819920  0.045531222309313  0.083620472174132  0.057154068093744  0.023666661185578  0.026387527731993  0.007583081795075  0.981459063853479  0.011678509754960  0.006910472151028  0.417833479460927  0.582366793234228  0.332401777045429  0.667574151647954  0.047169561516268  0.496202187342909  0.458819941155683 
15.0    K  0.062543336716411  0.000000000000000  0.014278616409834  0.060959716345478  0.000000000000000  0.010821167719617  0.019695365493484  0.007375722024611  0.559418550517856  0.012149156810665  0.000000000000000  0.029116888415774  0.033866436463899  0.054939972556987  0.055398856199679  0.031620412532092  0.029831906691866  0.017861536490844  0.000000000000000  0.000000000000000  0.968618189226628  0.028047189083352  0.003609463173620  0.161208531331986  0.838568184440931  0.258995690890005  0.741233504901418  0.045657636829552  0.485317234884773  0.469761374607006 
16.0    A  0.487002134271620  0.006315006787543  0.007747786958893  0.006341324851385  0.000000000000000  0.034866853822655  0.011998517732048  0.007193950759414  0.034339194299277  0.022592692102277  0.010672189505894  0.013602352551502  0.069156084568267  0.044749023162536  0.042777619159120  0.068678388598555  0.072695002596741  0.059128602920350  0.000000000000000  0.000000000000000  1.000000000000000  0.000000000000000  0.000000000000000  0.062500000000000  0.937571096457110  0.218999578766781  0.780786492607391  0.044656066866909  0.500000000000000  0.475988954248766 
17.0    P  0.053660339777360  0.000000000000000  0.006929658634001  0.015009294749273  0.007050786933300  0.016470178488918  0.009439983151484  0.011702819800189  0.047267749915124  0.013057296233154  0.005129379396188  0.026479138592066  0.579949827252717  0.049893649147291  0.020545980628204  0.096521891636473  0.027035521580781  0.011040887842834  0.000000000000000  0.002935862261847  0.978063473447339  0.009188212892898  0.012560171730362  0.110567554416443  0.889458993537898  0.000000000000000  1.000000000000000  0.044935516651467  0.487002134271620  0.481630947010074 
18.0    R  0.017157700215423  0.011557714916007  0.005328702479997  0.017361073885236  0.002775570396839  0.029217974929733  0.013782677581206  0.014004167180772  0.108743419088581  0.016504462896123  0.005957818958032  0.010716666317114  0.031995215638389  0.027091798859834  0.594603557501361  0.038313589376661  0.036423162441705  0.012913286221160  0.000000000000000  0.005659930291230  0.978063473447339  0.010365977660915  0.011454037165541  0.303969820795774  0.695923195915551  0.227825320159285  0.772175133091785  0.043767385027725  0.487677730763821  0.473356815618357 
19.0    K  0.014209503934386  0.000000000000000  0.000000000000000  0.029831906691866  0.003530284088871  0.030332327180298  0.011327709631866  0.026442456143759  0.572362080299342  0.007715631730042  0.006963363249195  0.016968466505036  0.022844647631251  0.016781319869064  0.127892183716804  0.053326631132004  0.017898717155934  0.025435724533451  0.009099481144285  0.006924857024960  0.915099168127928  0.078508898821470  0.006116830439504  0.198608600024026  0.801625329399394  0.000000000000000  1.000000000000000  0.043525358770907  0.444729496768949  0.471392267959120 
20.0    Q  0.043404847992660  0.000000000000000  0.000000000000000  0.018971795068673  0.007233953300995  0.009923054551084  0.017579038823263  0.019832357594059  0.106431713468618  0.015799251263302  0.019846109102169  0.013888166893228  0.075467536967906  0.362989569975974  0.075624630576206  0.078020659306351  0.090873282332519  0.017110194856150  0.018098325096791  0.009011606289531  0.988285651500733  0.000000000000000  0.011866185076676  0.000000000000000  0.000000000000000  0.000000000000000  1.000000000000000  0.041492661199451  1.000000000000000  0.462652214018926 
21.0    L  0.047530586038782  0.002722221169311  0.000000000000000  0.014978116226453  0.005628631831398  0.015560152392101  0.007763914791582  0.086869888740146  0.035255691795516  0.441045682598588  0.037917298757772  0.002161127642758  0.069830446129514  0.025862400502444  0.023195680791079  0.068488235402981  0.026589491547079  0.050380176968310  0.027622735345740  0.010635266535152  0.968618189226628  0.016723260912916  0.014588749139302  0.317537745634697  0.682546858942583  0.272438028053332  0.727490341817379  0.041636713284126  0.493116352246680  0.455966582759885 
22.0    A  0.501040802539816  0.003496191683312  0.009105790610426  0.008918396149428  0.000000000000000  0.053697547184199  0.003024683702552  0.025808677029241  0.044409126349417  0.016493026838093  0.017664540111322  0.004635690615846  0.074531804520664  0.014884968719437  0.034172983046395  0.092077980363530  0.032509383328812  0.037085524926767  0.012931200251222  0.013583508751407  0.913198250011992  0.078400137782562  0.008384845987449  0.161544103829687  0.838568184440931  0.515126976810037  0.484644908467533  0.041349107497129  0.428094142273228  0.448133349784702 
23.0    T  0.117603263439223  0.011825131195075  0.000000000000000  0.005640348420010  0.013129902378645  0.038446604523473  0.011784219349114  0.013811367672870  0.061982295671143  0.023405639600378  0.016108879981169  0.018632951130166  0.060790934213268  0.021035938582450  0.022498926851792  0.196010113518935  0.335178147895084  0.022328033433455  0.000000000000000  0.009691932013401  0.969961910341735  0.020025748815003  0.010237448467643  0.280874975757911  0.718968266423479  0.255076164812114  0.744838731561351  0.042955896736626  0.490389501994276  0.462973011263662 
24.0    K  0.034722147770472  0.000000000000000  0.013257935964155  0.018671737575887  0.007998803909597  0.012250632094933  0.005147187311461  0.017122058850745  0.549046406893525  0.017445515030978  0.014508075817293  0.029977003728915  0.055245470691479  0.012157580883678  0.097869287032068  0.027261334555336  0.059046690062325  0.019290040732712  0.008862933476062  0.000000000000000  0.953959550547558  0.038983299122314  0.006735496445450  0.088879838161705  0.911301280637141  0.174705871481383  0.825305408512657  0.045752677998301  0.465547409915115  0.464902471306581 
25.0    A  0.428390977384285  0.008071206153782  0.010664794670978  0.018840747307668  0.000000000000000  0.039692218204337  0.000000000000000  0.007104751967193  0.074946244611945  0.021702423996330  0.006642766875502  0.007002083590386  0.031906628928350  0.021463066147338  0.032106294980593  0.127626515713399  0.092589987376270  0.067218399403586  0.000000000000000  0.004128976720943  0.901250462610830  0.053031743856619  0.045816148662163  0.263157788677360  0.737134608645551  0.072695002596741  0.927230546435463  0.044718016250716  0.467811748915700  0.450625231305415 
26.0    A  0.406126198178118  0.004913613171234  0.014669871051804  0.019887420863687  0.010866265403984  0.045216715183454  0.010358795002333  0.023340835267380  0.049859077488065  0.052156830072213  0.000000000000000  0.012516716837338  0.077160162930846  0.024860515117341  0.069540632536552  0.080492601844364  0.059375023929680  0.036347501298370  0.000000000000000  0.002231145013376  0.963929807740643  0.013801797679398  0.022219959540426  0.095061172077563  0.905006462882905  0.131032809439616  0.868742185150623  0.047202268298838  0.476649272644080  0.418703243754213 
27.0    R  0.033842970172685  0.013926726498390  0.009207339123529  0.022219959540426  0.000000000000000  0.084846561242500  0.035946621667206  0.001589732783341  0.088756709908964  0.031598502526603  0.000000000000000  0.009499056899868  0.055514174740150  0.044997853703584  0.455019412040450  0.068678388598555  0.019437682082789  0.019424213576624  0.000000000000000  0.005433132701992  0.929804942613162  0.021567458646822  0.048900736358532  0.149892489223889  0.850274160064196  0.034458411345904  0.965267024871757  0.046681670534761  0.487002134271620  0.406689599066063 
28.0    K  0.039719740290802  0.000000000000000  0.016607744911852  0.012464769372016  0.013592927386073  0.047038960856596  0.016401823181610  0.014690221914205  0.519069635271529  0.007447644885064  0.009950605275988  0.035971546603993  0.037214276542655  0.034339194299277  0.074273944066058  0.052665426843947  0.055668306287918  0.010416395914775  0.000000000000000  0.002504954302270  0.936921446872426  0.047006367230897  0.016345077184258  0.231968369117821  0.767905134851049  0.284598507268719  0.715488260011456  0.046230859664026  0.459138081150462  0.376311686852767 
29.0    S  0.104385989928546  0.003316782212683  0.000000000000000  0.006057759424586  0.005306587049019  0.067451764781527  0.016345077184258  0.006429846447490  0.047894373756493  0.011759740214149  0.019303416205108  0.045436641166260  0.040414029121484  0.025016087833009  0.089374061647606  0.418993567333974  0.064257114166004  0.025190088484155  0.000000000000000  0.003007957711860  0.978063473447339  0.018465805420849  0.003757529119784  0.333324669272800  0.666649338545599  0.000000000000000  1.000000000000000  0.047497651762547  0.491410299272626  0.396117405462485 
30.0    A  0.414947292794991  0.000000000000000  0.037969899747032  0.038983299122314  0.006829520471956  0.078237278665875  0.014568538850576  0.014843755982420  0.017627845897758  0.015777364024948  0.013066349998657  0.003734161396851  0.102735023411856  0.009578397344165  0.053883971563600  0.081672828368323  0.029956232452906  0.065425642623411  0.000000000000000  0.000000000000000  0.864537231307865  0.094404536597677  0.041234622211653  0.539614118252214  0.460412848602520  0.000000000000000  1.000000000000000  0.049514675682811  0.439215234119181  0.393108646070166 
31.0    P  0.012413037501502  0.000000000000000  0.007509851003037  0.022702578899553  0.005125825213250  0.072042896674929  0.003192716126907  0.008686555918102  0.075467536967906  0.036071419297401  0.000000000000000  0.026296233821418  0.539614118252214  0.023963791557392  0.021868529149925  0.068630800861691  0.047861187409199  0.023930593704600  0.000000000000000  0.004459198074714  0.954621014139717  0.017725866952124  0.027892092858531  0.158000387306601  0.842062953608416  0.057471877884479  0.942784535918240  0.054560474445860  0.485653747770817  0.371645746107754 
32.0    A  0.241149546146035  0.014239082509955  0.019709022012988  0.018827692421794  0.004250947037777  0.035772630018709  0.006146581604325  0.023486898094774  0.042777619159120  0.042130241616783  0.007688937672139  0.023847800140009  0.068773663085384  0.018491422214884  0.036121459579837  0.250694108975269  0.101813445383777  0.038526635170744  0.000000000000000  0.005687459175778  0.885153764579545  0.068156733291579  0.046908721797324  0.326238736922239  0.673616788432845  0.186209682890338  0.813943185070435  0.052921582022658  0.443498152576075  0.356506429341035 
33.0    T  0.080996310339583  0.006848482197782  0.008698606392412  0.017229205672952  0.013878543685038  0.044749023162536  0.010821167719617  0.020861692238999  0.037996227599472  0.033423346496414  0.006202218210404  0.010416395914775  0.067032288551121  0.033353916813749  0.037525107108913  0.110414381435183  0.403041415746484  0.032486857349227  0.000000000000000  0.023947186878247  0.972654947412286  0.006045175756025  0.021492840908433  0.223601225445651  0.776468875001040  0.287971910587339  0.712025097798536  0.050310383601320  0.498961359499525  0.348685916587601 
34.0    G  0.053178983094159  0.009847682746742  0.046007089442756  0.027795593548059  0.000000000000000  0.508035071496851  0.007031265076512  0.019736363466341  0.040978187944239  0.012913286221160  0.003587016258988  0.012216713173884  0.036625696364829  0.040079268836320  0.045468146363586  0.081672828368323  0.020235046857100  0.034746223672410  0.000000000000000  0.000000000000000  0.949342120950519  0.018427446754082  0.031928752584822  0.122682382981685  0.877213548732822  0.322417062663971  0.677832163400000  0.051904376505681  0.483973513446869  0.373453364278086 
35.0    G  0.060412881066561  0.000000000000000  0.005806964782934  0.015527829583165  0.000000000000000  0.487677730763821  0.012310216969521  0.010510681316577  0.053031743856619  0.011048543456040  0.002818220091527  0.028975954576108  0.063153215405423  0.054787857582252  0.037759932605936  0.085200162955157  0.048194088293998  0.007463147940488  0.002297053223225  0.012958117903351  0.948684315140454  0.031358492140922  0.020067434515460  0.090747392493993  0.909408251800733  0.157126671815229  0.842646829503152  0.052958277184132  0.470413053756894  0.385018587118036 
36.0    V  0.042718357873182  0.000000000000000  0.030458738465361  0.015441963304699  0.037943590137345  0.013048248741068  0.002392940101376  0.075154328056136  0.065652784000672  0.034770316268276  0.013955716443012  0.007769298192759  0.086569341756933  0.064435519924674  0.015377875344278  0.056055509978876  0.060329189054485  0.377879982079057  0.000000000000000  0.000000000000000  0.919550046151658  0.063197005053207  0.017518219969195  0.196010113518935  0.803850990743151  0.232935107326193  0.766841329836546  0.052556025953357  0.452503231441453  0.382094130191292 
37.0    K  0.040526236082844  0.000000000000000  0.002919627438740  0.020503300852999  0.007562086147607  0.016607744911852  0.017493951385222  0.022436632978491  0.472046209575125  0.004483993804121  0.010583788886604  0.016504462896123  0.044780051574159  0.041926319527571  0.186338798349865  0.053068515402927  0.027412923397901  0.014812921330135  0.000000000000000  0.000000000000000  0.943438250895360  0.025242524300300  0.031055659166330  0.386891248385597  0.613017430026578  0.410940093647425  0.589269703905841  0.059333882559407  0.467163673441590  0.394746943350277 
38.0    K  0.033539383949795  0.000000000000000  0.014140725982545  0.018186352100033  0.000000000000000  0.009538644630228  0.024535253708549  0.000000000000000  0.573951206927501  0.026681803574726  0.006665828891501  0.020631606890859  0.022189177477241  0.044132950137024  0.138216331665034  0.019330194979487  0.029914733068603  0.013508394239185  0.000000000000000  0.004769322315114  0.971980987981352  0.021597378227009  0.006420938963241  0.121750533567905  0.878430468238362  0.415522930796824  0.584793832025974  0.061725053840336  0.468785548228555  0.412938832467860 
39.0    P  0.027565355162412  0.000000000000000  0.000000000000000  0.014833470639852  0.000000000000000  0.009525430422471  0.021079727099058  0.006483551449922  0.170282254330061  0.015942260300757  0.007416735319926  0.016561762240583  0.484980955170867  0.030691862351981  0.090370768409109  0.045816148662163  0.045248067886861  0.009061716050824  0.000000000000000  0.004094775294988  0.896888159662015  0.048832992510770  0.054108535344979  0.364249778474503  0.635956503371787  0.444421340583285  0.555554364327547  0.059375023929680  0.472046209575125  0.439215234119181 
40.0    H  0.004346289533535  0.000000000000000  0.000000000000000  0.026332713421973  0.021807980689409  0.006172197748933  0.438910898804760  0.013193763865997  0.080604265665993  0.006829520471956  0.000000000000000  0.022639721164920  0.006133813427137  0.036046425158126  0.207186226121998  0.024843289092155  0.028222703442244  0.013545899429917  0.000000000000000  0.063109456099793  0.974004268543241  0.019410754402882  0.006398724202030  0.214195488692142  0.785672516667580  0.607518395952508  0.392292048948375  0.056445406884489  0.485990493990676  0.426613049056034 
41.0    R  0.024298313621330  0.018555619782397  0.000000000000000  0.023748825881274  0.005945442893904  0.011002689272751  0.026223426159579  0.000000000000000  0.071100326742032  0.004756117260402  0.000000000000000  0.019464647118273  0.023814762974059  0.007065463887196  0.704172113456040  0.028478165019911  0.017775081685508  0.011164016716727  0.000000000000000  0.002279605667614  0.978063473447339  0.018517074545962  0.003703230332534  0.090684512989636  0.909408251800733  0.081729459283547  0.918276162300924  0.053031743856619  0.472373520498603  0.464902471306581 
42.0    Y  0.034196678164398  0.011485838565539  0.000000000000000  0.002889428729002  0.214047071136614  0.007329853097661  0.029646384848139  0.015495573917786  0.029584800976147  0.012250632094933  0.003773188784863  0.028517671516983  0.010481579881893  0.002881428627115  0.053734780390188  0.019722688001752  0.008813922948879  0.015071846634127  0.074119656213184  0.426022047537433  0.993781093322555  0.000000000000000  0.006443230848516  0.000000000000000  0.000000000000000  0.262975444800968  0.737134608645551  0.054108535344979  1.000000000000000  0.464580337125457 
43.0    R  0.012516716837338  0.009394291007017  0.015755507107728  0.000000000000000  0.005904374719985  0.003101109105202  0.019846109102169  0.010919116967586  0.175069540110901  0.005222658185176  0.004876291206647  0.015463385256488  0.035060733766578  0.000000000000000  0.647521499427212  0.012595044242078  0.018984949873516  0.007877753553864  0.000000000000000  0.000000000000000  0.984866442895551  0.001465897556166  0.013868927144836  0.211979991158287  0.787853886049346  0.000000000000000  1.000000000000000  0.053142135004012  0.496890546661277  0.468136123717246 
44.0    P  0.051296350550656  0.000000000000000  0.000000000000000  0.000000000000000  0.000000000000000  0.000000000000000  0.003518070233781  0.006215128779335  0.026060345119530  0.008490116113485  0.000000000000000  0.009943710431843  0.733058378594605  0.012877532577394  0.064973714698455  0.050520054300348  0.014072280935124  0.006684336138145  0.012293163208649  0.000000000000000  0.974004268543241  0.015810206266046  0.010110512925647  0.656560562712076  0.343409058357406  0.122767449407924  0.877213548732822  0.051653144884638  0.476979775273779  0.457232544749951 
45.0    G  0.021687386234619  0.000000000000000  0.009277809891199  0.012065236454559  0.004471578752339  0.717972255311718  0.023683071351725  0.006905683836435  0.031906628928350  0.019077289260455  0.006886563733650  0.006241030597259  0.000000000000000  0.004319260364532  0.072997962163320  0.042071877164899  0.005006437203751  0.012006837353813  0.003614470422023  0.000000000000000  0.953298545288159  0.027584468634083  0.019183370061173  0.321524370857651  0.678772489940003  0.026848773592100  0.973329374158238  0.051083458030518  0.475329550614909  0.453130969133667 
46.0    T  0.047464740306704  0.017003788151106  0.023535788541153  0.025190088484155  0.023715925827720  0.004493327708401  0.015474107373954  0.042042725266307  0.029380443828410  0.036347501298370  0.018504243935213  0.017098339082199  0.014578640492763  0.050977343333688  0.008093615340313  0.050765774772265  0.559806444327120  0.009624984948795  0.006040987011370  0.000000000000000  0.988285651500733  0.007855942034363  0.004066490615954  0.110185019738396  0.890075733252496  0.335178147895084  0.664803554090857  0.049172652834598  0.489710148793463  0.427501088945986 
47.0    V  0.020645912588410  0.017193415771346  0.000000000000000  0.013157233650131  0.004027219995292  0.016804599850897  0.005380664243684  0.009875024206663  0.135278080565714  0.107992273425035  0.024046987815013  0.031380235726218  0.017738157846032  0.022686848123498  0.087656203165150  0.000000000000000  0.021448194238358  0.453130969133667  0.007593601468604  0.003841804976665  0.995849753094458  0.002093307544016  0.001938289794308  0.572362080299342  0.427797512841301  0.306721244313451  0.693515484565693  0.044255482444204  0.492433221447775  0.448133349784702 
48.0    A  0.673150034638391  0.003083960494924  0.000000000000000  0.004123256709523  0.011304178795863  0.004674410012620  0.009061716050824  0.009361789229214  0.000000000000000  0.023519480428298  0.013734993139247  0.018671737575887  0.000000000000000  0.000000000000000  0.007463147940488  0.068109507013333  0.041120453907157  0.092847057541302  0.019818615614467  0.000000000000000  0.978741650397436  0.011367036590897  0.009685216405773  0.275858435010490  0.724471077277439  0.071446145963377  0.928516852306729  0.042718357873182  0.482633512435878  0.461051558956316 
49.0    L  0.012430257558671  0.001802231430964  0.013907433332070  0.023147496844068  0.023115429832013  0.000000000000000  0.014179986801831  0.050415109951383  0.004035603076891  0.758909626487027  0.012157580883678  0.019668080836013  0.008608633717786  0.013668511951653  0.010344444612464  0.008537326086726  0.000000000000000  0.020432364820887  0.004736378199460  0.000000000000000  1.000000000000000  0.000000000000000  0.000000000000000  0.027776333786455  0.971980987981352  0.290578526879529  0.709561678100191  0.040751585476830  0.496546247718518  0.455019412040450 
50.0    R  0.012191335627714  0.042130241616783  0.011414409207388  0.008572905762338  0.001284123789263  0.009840859218339  0.047662551664259  0.007672965587995  0.163006341907320  0.017481829703683  0.014619117153616  0.004046807670156  0.022876338999150  0.069975805540890  0.523768063549899  0.018491422214884  0.002040304224344  0.002611329092588  0.008240799352094  0.012182888165802  0.978741650397436  0.006159376359815  0.014823192424070  0.333324669272800  0.666649338545599  0.434371092575312  0.565657231422950  0.039830019603727  0.496202187342909  0.468460723436213 
51.0    E  0.004825854051277  0.000000000000000  0.031664278129971  0.863938187400277  0.000000000000000  0.004166350706374  0.000000000000000  0.000000000000000  0.033238521027912  0.000000000000000  0.003849802097419  0.000000000000000  0.008686555918102  0.014508075817293  0.008257953441886  0.018919266936727  0.000000000000000  0.007899625631651  0.000000000000000  0.000000000000000  0.997231251352069  0.001751734686840  0.001234378025833  1.000000000000000  0.000000000000000  0.093882495433808  0.906261938267334  0.039390730986968  0.500000000000000  0.467811748915700 
52.0    I  0.000000000000000  0.007159130036526  0.000000000000000  0.000000000000000  0.006551313940945  0.004154815128489  0.000000000000000  0.852634891767957  0.005448217446681  0.022020636799094  0.008704637897026  0.000000000000000  0.011218316489246  0.008807815719886  0.000000000000000  0.008367428306183  0.010096506489355  0.054636163775648  0.000000000000000  0.000000000000000  1.000000000000000  0.000000000000000  0.000000000000000  0.000000000000000  0.000000000000000  0.000000000000000  1.000000000000000  0.040330077826618  1.000000000000000  0.469435873657726 
53.0    R  0.010881339692727  0.037996227599472  0.000000000000000  0.007070362991273  0.000000000000000  0.007457976672967  0.056094378166704  0.004642121504129  0.062847536274904  0.022828818414776  0.007715631730042  0.012318752719629  0.015314053364717  0.020760715845258  0.686342215627455  0.023067412588794  0.008949358577967  0.004307301418238  0.004007727130223  0.007350203964951  1.000000000000000  0.000000000000000  0.000000000000000  0.000000000000000  0.000000000000000  0.000000000000000  1.000000000000000  0.040330077826618  1.000000000000000  0.469435873657726 
54.0    R  0.025102937398657  0.015821168864851  0.001498775484376  0.011501772360689  0.057432055217441  0.000000000000000  0.076045147414629  0.002485927607961  0.275858435010490  0.031358492140922  0.005065779510356  0.026369243629063  0.022671128247409  0.059663813383732  0.303338390062173  0.033562639738129  0.014741222670240  0.005168638437141  0.001426801150924  0.030926770512975  0.984184022033800  0.000000000000000  0.015517070241204  0.000000000000000  0.000000000000000  0.094666644742311  0.905006462882905  0.039747281460737  1.000000000000000  0.469435873657726 
55.0    Y  0.007314626933082  0.008875228631146  0.005798920197770  0.009220112057314  0.106284270008024  0.000000000000000  0.020137103601328  0.009105790610426  0.003455236075514  0.168754748140343  0.006670450893682  0.002282768063596  0.002231145013376  0.024247839196089  0.000000000000000  0.003109719135855  0.000000000000000  0.000000000000000  0.000000000000000  0.622437117691085  0.978741650397436  0.008076802626937  0.013452331067795  0.431969093700139  0.568014632393343  0.000000000000000  1.000000000000000  0.041406469282663  0.493458272942921  0.458184322337676 
56.0    Q  0.007489058113226  0.000000000000000  0.000000000000000  0.024705909893873  0.000000000000000  0.000000000000000  0.005436899968090  0.000000000000000  0.021929245719361  0.000000000000000  0.008728805766189  0.014387901518829  0.015282241772615  0.847332434946118  0.028419007868773  0.006429846447490  0.007228940844046  0.012779719664965  0.000000000000000  0.000000000000000  1.000000000000000  0.000000000000000  0.000000000000000  0.000000000000000  0.000000000000000  0.255607132652481  0.744322627583270  0.042042725266307  1.000000000000000  0.438302860658018 
57.0    K  0.032217759962337  0.000000000000000  0.004286452881169  0.019613624863791  0.000000000000000  0.006447698504005  0.022173802440631  0.000000000000000  0.572758948989878  0.006958538285990  0.007850498597061  0.025790794016021  0.007254037908646  0.035747842912619  0.156366135014158  0.080436827956329  0.022005378545501  0.000000000000000  0.000000000000000  0.000000000000000  0.985549336939371  0.007720981652349  0.006768256690626  0.485653747770817  0.514413353946788  0.000000000000000  1.000000000000000  0.041063488348418  0.493458272942921  0.453759577658580 
58.0    S  0.025826572442319  0.002359995787871  0.007031265076512  0.007520269086732  0.020025748815003  0.043045313949473  0.028164076956588  0.004584563196412  0.010605820155313  0.007396200244037  0.003825860537449  0.033054717613076  0.014447863720527  0.009348820025240  0.022483337187669  0.648869383469592  0.111413811987121  0.000000000000000  0.000000000000000  0.000000000000000  0.995849753094458  0.003938876776932  0.000000000000000  0.125000000000000  0.874784764905822  0.286181040149671  0.713507252858939  0.041120453907157  0.497579860910041  0.443498152576075 
59.0    T  0.017122058850745  0.002305028014329  0.018971795068673  0.046230859664026  0.006651982091789  0.020249077584896  0.008443167203432  0.015420571029466  0.000000000000000  0.000000000000000  0.007233953300995  0.008449021589716  0.047828024056958  0.010394758133443  0.007269137950805  0.054901904264898  0.661585719954060  0.052701944390632  0.010650020369395  0.003386474857479  0.981459063853479  0.000000000000000  0.018775563273857  0.000000000000000  0.000000000000000  0.000000000000000  1.000000000000000  0.040864729641774  1.000000000000000  0.459456441739525 
60.0    E  0.017145811524676  0.014864348067684  0.167125061925642  0.364502344704145  0.003723822442532  0.062154385542076  0.046294993688135  0.000000000000000  0.069975805540890  0.004440691301703  0.005628631831398  0.101461197622160  0.005823087448433  0.046134825177589  0.031554728049896  0.028008334361544  0.013734993139247  0.011948720920959  0.000000000000000  0.005486112795852  0.990342871933025  0.000000000000000  0.009739071830274  0.000000000000000  0.000000000000000  0.124826833262629  0.875391329694264  0.040921419471361  1.000000000000000  0.442270217665770 
61.0    L  0.022158438057492  0.007619964543185  0.004802495575213  0.004785880202753  0.085555238318240  0.000000000000000  0.007340021478234  0.020109206989082  0.006116830439504  0.724471077277439  0.022219959540426  0.011646174896867  0.018632951130166  0.000000000000000  0.014427848605147  0.015614173327976  0.026442456143759  0.008235089244459  0.000000000000000  0.000000000000000  0.998614666101029  0.000000000000000  0.001084315267215  0.142892291926755  0.857376036634172  0.350867931509769  0.649319301364942  0.040921419471361  0.487677730763821  0.439519780455894 
62.0    L  0.007823337935245  0.005786874211017  0.000000000000000  0.006801176275751  0.034363004666080  0.000000000000000  0.010851211998165  0.115023456328109  0.000000000000000  0.746389191648477  0.024808872841614  0.000000000000000  0.005478512697822  0.000000000000000  0.001680376231663  0.014348065035952  0.000000000000000  0.026774436086518  0.000000000000000  0.000000000000000  1.000000000000000  0.000000000000000  0.000000000000000  0.000000000000000  0.000000000000000  0.294839148065304  0.705148980242195  0.040079268836320  1.000000000000000  0.459456441739525 
63.0    I  0.000000000000000  0.010358795002333  0.000000000000000  0.002119588616957  0.069204036530268  0.000000000000000  0.010911551034902  0.676893139526230  0.000000000000000  0.137356777197110  0.014052786127309  0.012421644546078  0.004975302637994  0.002859542374894  0.015876095984277  0.000000000000000  0.008740914851841  0.028379638053797  0.000000000000000  0.005659930291230  0.984184022033800  0.015876095984277  0.000000000000000  0.150412878249938  0.849684999138650  0.000000000000000  1.000000000000000  0.038740865623093  0.482968164462423  0.471719125447680 
64.0    R  0.034386831542692  0.018827692421794  0.005904374719985  0.004413075056915  0.006805892126111  0.001859331852534  0.031163476604752  0.000000000000000  0.020731955321831  0.083504629899381  0.000000000000000  0.004169239601719  0.312732270028317  0.036146505747040  0.391477148128271  0.035797434311867  0.012107123921237  0.000000000000000  0.000000000000000  0.000000000000000  0.997922718999051  0.000000000000000  0.002126947295578  0.000000000000000  0.000000000000000  0.155825149284387  0.844400887423782  0.039254449410735  1.000000000000000  0.457549584063964 
65.0    K  0.032396909406866  0.005896195189533  0.005531935305526  0.010089510549237  0.021537580515244  0.000000000000000  0.014377932041014  0.006479058951675  0.660211420507500  0.004030012419146  0.000000000000000  0.002983041988204  0.005815020527994  0.044439919080852  0.147624082678691  0.010539863549529  0.005255340658288  0.023051429016919  0.000000000000000  0.000000000000000  1.000000000000000  0.000000000000000  0.000000000000000  0.000000000000000  0.000000000000000  0.000000000000000  1.000000000000000  0.039885274025905  1.000000000000000  0.462011286223412 
66.0    L  0.210078438058320  0.000000000000000  0.002033245307977  0.023535788541153  0.011179504062679  0.017652300227658  0.000000000000000  0.055939066932998  0.015250496262129  0.520150133260993  0.017836792298856  0.006810611246383  0.005451995172352  0.010709240663904  0.028008334361544  0.039664715188119  0.026941985781800  0.006638164055771  0.000000000000000  0.002060199838024  0.996540262827868  0.003637089139962  0.000000000000000  0.500000000000000  0.500000000000000  0.000000000000000  1.000000000000000  0.038848427153248  0.497924876547229  0.462011286223412 
67.0    P  0.032803646363221  0.015788303851356  0.000000000000000  0.000000000000000  0.000000000000000  0.005928981456930  0.004016069635375  0.050136322897030  0.000000000000000  0.024740183308477  0.000000000000000  0.002629492322806  0.703196599956560  0.008930768245422  0.040442051702589  0.073760896458513  0.019343598294335  0.013830527571555  0.000000000000000  0.004268663043363  0.990342871933025  0.009316475565083  0.000000000000000  1.000000000000000  0.000000000000000  0.000000000000000  1.000000000000000  0.040107059298841  0.494485458190466  0.462011286223412 
68.0    F  0.010613174098039  0.000000000000000  0.000000000000000  0.000000000000000  0.921464186198704  0.000000000000000  0.000000000000000  0.004016069635375  0.000000000000000  0.038767728053606  0.006297522121039  0.000000000000000  0.000000000000000  0.000000000000000  0.000000000000000  0.006236706143411  0.003208244924813  0.004978752450466  0.000000000000000  0.004268663043363  1.000000000000000  0.000000000000000  0.000000000000000  0.000000000000000  0.000000000000000  0.567227742467977  0.432868282759829  0.040107059298841  1.000000000000000  0.462011286223412 
69.0    Q  0.146097156070156  0.022655419263732  0.010351617320666  0.023454360898662  0.013630667277668  0.025665959398502  0.018594245254792  0.039664715188119  0.012040173568100  0.002249780551464  0.015009294749273  0.006905683836435  0.023421868777430  0.391205890868256  0.038393343138927  0.130127699710514  0.040162698045918  0.034363004666080  0.006003418676906  0.000000000000000  0.997231251352069  0.002739256348911  0.000000000000000  0.333324669272800  0.666649338545599  0.000000000000000  1.000000000000000  0.039582320428851  0.498961359499525  0.484644908467533 
70.0    R  0.028203147733201  0.018274807250812  0.010843693117309  0.003287029227677  0.000000000000000  0.024231037698344  0.054221167947004  0.000000000000000  0.029935475569459  0.004934090866585  0.005982648426150  0.000000000000000  0.000000000000000  0.018762553554456  0.718968266423479  0.040498155169792  0.018620040227719  0.007060568177743  0.001926235750964  0.014417851447716  0.981459063853479  0.000000000000000  0.018788582014034  0.000000000000000  0.000000000000000  0.000000000000000  1.000000000000000  0.039363436873356  1.000000000000000  0.484644908467533 
71.0    L  0.003601965304346  0.012859692894980  0.002769804757186  0.007593601468604  0.030628106729433  0.007427024228358  0.003374758544532  0.024097044146999  0.000000000000000  0.764718138941384  0.010836179446339  0.000000000000000  0.000000000000000  0.020011872833278  0.000000000000000  0.015722778492153  0.001752949317709  0.088265900274047  0.000000000000000  0.006176477473468  0.981459063853479  0.008992886650998  0.009772883438385  0.590905773467183  0.408951029278891  0.527045711645369  0.473028823362798  0.039390730986968  0.476649272644080  0.464580337125457 
72.0    V  0.063065727115293  0.016254691664406  0.000000000000000  0.000000000000000  0.000000000000000  0.017591227908387  0.000000000000000  0.073556671076173  0.000000000000000  0.026114592466308  0.007541148631811  0.000000000000000  0.015239929086369  0.010244546986060  0.009131072254385  0.025898278265250  0.000000000000000  0.733058378594605  0.002498018713432  0.000000000000000  0.986916545885842  0.008004350179944  0.005125825213250  0.202922395244320  0.797192476540536  0.000000000000000  1.000000000000000  0.039582320428851  0.492433221447775  0.467487598875728 
73.0    R  0.034866853822655  0.038260512262506  0.006474569566312  0.000000000000000  0.000000000000000  0.008620576094078  0.022359008125358  0.000000000000000  0.115103212150630  0.012242143546083  0.000000000000000  0.000000000000000  0.004958089398515  0.066523136403335  0.644387315242508  0.014843755982420  0.001491520994102  0.011469926844016  0.012709049970814  0.005558841645448  0.980099415341871  0.015592542484360  0.004331252514074  0.308640651723385  0.691116103264291  0.263888429409492  0.736113431084089  0.039445376003504  0.490389501994276  0.463294030945185 
74.0    E  0.010387555532670  0.002785206479227  0.030206440533280  0.779164579660500  0.000000000000000  0.011565728890625  0.004594106446449  0.000000000000000  0.046327094056339  0.000000000000000  0.002439836182917  0.002309826172352  0.006973023214633  0.017738157846032  0.026132699997314  0.046166814486955  0.008076802626937  0.002638621258859  0.000000000000000  0.002363269705506  0.969289816935065  0.000000000000000  0.030585676574920  0.000000000000000  0.000000000000000  0.218544655102593  0.781327880172317  0.040246300922182  1.000000000000000  0.467487598875728 
75.0    I  0.002156638373365  0.007016659163156  0.004805825565434  0.000000000000000  0.018827692421794  0.000000000000000  0.000000000000000  0.732550437305669  0.000000000000000  0.066155274679696  0.006997231797585  0.000000000000000  0.000000000000000  0.000000000000000  0.000000000000000  0.026060345119530  0.018710604759671  0.116790918360398  0.000000000000000  0.000000000000000  0.995849753094458  0.004358356727832  0.000000000000000  0.243163736853071  0.756808396484790  0.284993318173365  0.714992493180845  0.043404847992660  0.498270131413934  0.447202450891303 
76.0    A  0.376572616658453  0.064257114166004  0.037733768483953  0.008930768245422  0.004664699949510  0.014023594541676  0.001991401724606  0.040190546357206  0.000000000000000  0.054371709544291  0.039118639332937  0.020137103601328  0.026296233821418  0.011662331119507  0.004971855215922  0.073965688859536  0.135371880690741  0.072594295745358  0.007520269086732  0.005687459175778  0.972654947412286  0.003402946063056  0.023831275832129  1.000000000000000  0.000000000000000  0.037136972033029  0.962594443101751  0.040638754579640  0.498961359499525  0.462331639056850 
77.0    Q  0.031511014215456  0.010054603494541  0.031423768137452  0.089746531913965  0.006070369287375  0.021226348196077  0.040554336466849  0.016254691664406  0.030479858172739  0.069782060123911  0.036600318163088  0.041665583659100  0.014864348067684  0.402204185470958  0.043314683926575  0.036372704200067  0.024046987815013  0.039118639332937  0.002298645971130  0.012378668920703  0.935623497831400  0.005978503007120  0.058598193528569  0.263157788677360  0.737134608645551  0.067732872927799  0.932386486436833  0.041810236087066  0.495171435966512  0.440740078953585 
78.0    D  0.039336161672027  0.002099119478233  0.301660979930191  0.170636714735646  0.020207014560742  0.021627339313304  0.007861389246076  0.016481598704188  0.104458369865232  0.012922240131926  0.011973593439123  0.056328153913177  0.005154327776457  0.048731552663208  0.037369368649254  0.072795849154279  0.047038960856596  0.012115518849172  0.005143620789294  0.006024261036750  0.948684315140454  0.011998517732048  0.039064446955788  0.527045711645369  0.473028823362798  0.151354135493819  0.848507901705896  0.044532425442150  0.491069797631696  0.390663940086159 
79.0    F  0.016042024151875  0.041263213781719  0.000000000000000  0.020832791829550  0.378929141627600  0.005058761714275  0.030143693268254  0.092782723164316  0.009638337264137  0.108067153913483  0.035599480538191  0.032986053676186  0.000000000000000  0.010888884677246  0.009355302379835  0.024860515117341  0.008280881120291  0.046038990181765  0.017409275794052  0.111878133865997  0.782954296256543  0.202641279971327  0.014498023069864  0.465870214652387  0.534032704023926  0.089808761034004  0.910038824080899  0.049824529783784  0.316219885588484  0.385285554179204 
80.0    K  0.037759932605936  0.007530701622974  0.021255794568843  0.049138580758771  0.007520269086732  0.084318908396231  0.015335297872711  0.024654588776640  0.328052813647990  0.032061817041786  0.010701820155981  0.054033576956742  0.003708367659963  0.023947186878247  0.076786686277853  0.119991157629863  0.072543994648983  0.008644510571033  0.005020337255740  0.017074652173452  0.815072332402625  0.179244406001978  0.005810991259510  0.514770041716999  0.485317234884773  0.569197014537439  0.430773079856009  0.050485048600601  0.329191730514811  0.379981214100379 
81.0    T  0.071743900865938  0.002119588616957  0.039637231228933  0.083215725827273  0.001882675405743  0.061596833558711  0.056445406884489  0.020404059173264  0.022297101651842  0.023748825881274  0.003277928269947  0.024450368179266  0.060664654360597  0.030227385300435  0.067358321565229  0.093104841445169  0.278934830581241  0.046843737554861  0.006275734349664  0.005823087448433  0.951318276331799  0.037421209519342  0.011565728890625  0.358737383651676  0.641268301381124  0.239816029831316  0.759962428200758  0.042305821220389  0.442883759551180  0.425726853874473 
82.0    D  0.029400815859806  0.000000000000000  0.379981214100379  0.095988141856381  0.000000000000000  0.046681670534761  0.030713143704539  0.020948634243443  0.022452190258501  0.009466192659611  0.010813669656652  0.126744934973754  0.063460381304339  0.024705909893873  0.015324671937321  0.039064446955788  0.044749023162536  0.036221748497014  0.000000000000000  0.003319082027885  0.924663278113700  0.062025273417864  0.013120804577252  0.377356492130140  0.622868707784737  0.324659650682471  0.675487042267819  0.043075161030488  0.379981214100379  0.428985265214345 
83.0    L  0.000000000000000  0.020674553748564  0.004726539411013  0.005859527301898  0.140048651774272  0.003244023531605  0.052701944390632  0.063109456099793  0.000000000000000  0.445655247948486  0.048832992510770  0.018427446754082  0.016886334406865  0.000000000000000  0.010569126805080  0.009813612352684  0.014268722656437  0.053809324271181  0.003081823597080  0.088388347648318  0.969961910341735  0.028164076956588  0.002185228712960  0.517632461920689  0.482299092292069  0.381036207584942  0.618995145418723  0.042777619159120  0.442883759551180  0.435879119768531 
84.0    R  0.003644660123191  0.029238234307231  0.002891432222656  0.003649716198762  0.017873921456309  0.003637089139962  0.030395467106634  0.003321383437751  0.053883971563600  0.005129379396188  0.004114691546699  0.014043048853297  0.006456643110580  0.063990431276778  0.677362488742684  0.030585676574920  0.002355093413459  0.016561762240583  0.020876157474845  0.010068551800664  0.992404374685819  0.007715631730042  0.000000000000000  0.373712312158735  0.626332219312064  0.212421249784663  0.787307976569203  0.042688758023575  0.492092011016900  0.457866843209063 
85.0    F  0.000000000000000  0.007154169425142  0.000000000000000  0.000000000000000  0.507331273290440  0.000000000000000  0.000000000000000  0.118257205840699  0.000000000000000  0.016243428674614  0.015019702006074  0.002355093413459  0.002041718945713  0.000000000000000  0.002895443378521  0.015050967094065  0.006853230849475  0.042423280621250  0.241484082231211  0.023003544721378  1.000000000000000  0.000000000000000  0.000000000000000  0.000000000000000  0.000000000000000  0.283613871233989  0.716480825186550  0.043045313949473  1.000000000000000  0.467163673441590 
86.0    Q  0.021597378227009  0.002433080889784  0.006881791985367  0.017493951385222  0.000000000000000  0.004097614560840  0.016120049676584  0.000000000000000  0.019736363466341  0.004097614560840  0.000000000000000  0.012904338514621  0.000000000000000  0.583983697306559  0.090684512989636  0.043495199744722  0.168520966467132  0.000000000000000  0.004146184409960  0.003871209231500  0.991029563264079  0.000000000000000  0.008850655353873  0.000000000000000  0.000000000000000  0.000000000000000  1.000000000000000  0.042071877164899  1.000000000000000  0.476979775273779 
87.0    S  0.176287245060549  0.018262144508769  0.010664794670978  0.041897268486885  0.003448058579260  0.029339742103608  0.052628934600526  0.007672965587995  0.049446081324091  0.005058761714275  0.009093176050017  0.008930768245422  0.056602123938614  0.016019800592009  0.037059828106592  0.384485207817567  0.038022573707315  0.039719740290802  0.000000000000000  0.015452670568452  0.996540262827868  0.000000000000000  0.003629533883793  0.000000000000000  0.000000000000000  0.103952762296863  0.896266699569405  0.041897268486885  1.000000000000000  0.466516495768404 
88.0    S  0.131396613635963  0.000000000000000  0.056602123938614  0.121161227116883  0.010987446874321  0.054484889971066  0.023715925827720  0.006258358418669  0.015876095984277  0.014417851447716  0.016839580391307  0.019763742849280  0.042866665268456  0.091632297324326  0.027167017502813  0.290780010386963  0.058760887656820  0.009745824780578  0.000000000000000  0.007662335968661  1.000000000000000  0.000000000000000  0.000000000000000  0.000000000000000  0.000000000000000  0.000000000000000  1.000000000000000  0.042896388476716  1.000000000000000  0.465547409915115 
89.0    A  0.746906728556171  0.022639721164920  0.006479058951675  0.004319260364532  0.000000000000000  0.016504462896123  0.006185045827119  0.006537705020964  0.000000000000000  0.000000000000000  0.003601965304346  0.000000000000000  0.003081823597080  0.000000000000000  0.026998068356259  0.056877426505056  0.027680234971949  0.063416409161305  0.000000000000000  0.008549169541100  0.995159721820083  0.004671171081157  0.000000000000000  0.075154328056136  0.924663278113700  0.400257405328151  0.599985691186608  0.043015487549709  0.482299092292069  0.465547409915115 
90.0    V  0.000000000000000  0.000000000000000  0.013461658745500  0.000000000000000  0.018517074545962  0.000000000000000  0.006398724202030  0.296067902963408  0.000000000000000  0.435879119768531  0.035772630018709  0.006758880395195  0.000000000000000  0.000000000000000  0.000000000000000  0.013706461698950  0.018945512797840  0.147624082678691  0.000000000000000  0.006801176275751  0.984184022033800  0.006801176275751  0.009030364894959  1.000000000000000  0.000000000000000  0.129408115480172  0.870550563296124  0.042452696392155  0.496546247718518  0.480297431976738 
91.0    M  0.056250120612095  0.006834255975827  0.087534770055450  0.132954084111648  0.026387527731993  0.090873282332519  0.010517969291225  0.045531222309313  0.016515906883772  0.180616299740441  0.111182374192237  0.030437633391976  0.010798689113505  0.035996488823417  0.006838994763236  0.044132950137024  0.025612643988672  0.055437269072009  0.023503183615448  0.002016403389616  0.999307092990453  0.000356453127601  0.000000000000000  1.000000000000000  0.000000000000000  0.234555299125168  0.765248384911334  0.042866665268456  0.500000000000000  0.474013482564323 
92.0    A  0.667111584838885  0.031686233743438  0.002743056397926  0.000000000000000  0.000000000000000  0.006176477473468  0.019859870145401  0.022718320583130  0.000000000000000  0.043737058299850  0.023666661185578  0.008361630456458  0.024247839196089  0.000000000000000  0.022971677131079  0.050450067156548  0.024163948045479  0.051940366349603  0.000000000000000  0.000000000000000  1.000000000000000  0.000000000000000  0.000000000000000  0.000000000000000  0.000000000000000  0.000000000000000  1.000000000000000  0.042423280621250  1.000000000000000  0.480630464194381 
93.0    L  0.020688889224928  0.013715965587649  0.000000000000000  0.000000000000000  0.014367969471120  0.000000000000000  0.008361630456458  0.113912660079643  0.000000000000000  0.753667454779191  0.030649343874642  0.000000000000000  0.014130927774392  0.000000000000000  0.007866840234818  0.009964409309989  0.000000000000000  0.012709049970814  0.000000000000000  0.000000000000000  1.000000000000000  0.000000000000000  0.000000000000000  0.000000000000000  0.000000000000000  0.000000000000000  1.000000000000000  0.042423280621250  1.000000000000000  0.480630464194381 
94.0    Q  0.000000000000000  0.013322420183874  0.000000000000000  0.013926726498390  0.000000000000000  0.007289320246381  0.047728671811272  0.000000000000000  0.012895397008010  0.006306258394568  0.000000000000000  0.000000000000000  0.002104947548913  0.831045861593648  0.029625842660270  0.012048522073500  0.021687386234619  0.000000000000000  0.001860621089930  0.000000000000000  1.000000000000000  0.000000000000000  0.000000000000000  0.000000000000000  0.000000000000000  0.000000000000000  1.000000000000000  0.043980261728919  1.000000000000000  0.480630464194381 
95.0    E  0.020235046857100  0.009705377201441  0.011973593439123  0.629814989973700  0.018110874248507  0.015124172295215  0.012387252134536  0.000000000000000  0.030206440533280  0.013230395505664  0.002550507396658  0.000000000000000  0.000000000000000  0.012753172596108  0.030691862351981  0.037291741969741  0.054522669110672  0.087534770055450  0.000000000000000  0.013782677581206  1.000000000000000  0.000000000000000  0.000000000000000  0.000000000000000  0.000000000000000  0.484309094613314  0.515841589650680  0.043980261728919  1.000000000000000  0.480630464194381 
96.0    A  0.654742711541783  0.006905683836435  0.000000000000000  0.000000000000000  0.000000000000000  0.006474569566312  0.007473501235093  0.054598305994793  0.000000000000000  0.024586326417299  0.015113692650218  0.000000000000000  0.019397304555096  0.009277809891199  0.007812500000000  0.074171049853533  0.072695002596741  0.046973796189549  0.000000000000000  0.000000000000000  0.995849753094458  0.000000000000000  0.004049613675858  0.000000000000000  0.000000000000000  0.000000000000000  1.000000000000000  0.044749023162536  1.000000000000000  0.491410299272626 
97.0    S  0.376050937847172  0.021672358892678  0.000000000000000  0.000000000000000  0.014179986801831  0.004869535915137  0.013239569296033  0.004337261068862  0.005002968208319  0.013202912256446  0.000000000000000  0.006592310907266  0.012284645189693  0.007483868892365  0.014467906601989  0.309712174445977  0.126044056861824  0.070903467808497  0.000000000000000  0.000000000000000  1.000000000000000  0.000000000000000  0.000000000000000  0.000000000000000  0.000000000000000  0.000000000000000  1.000000000000000  0.044811101500495  1.000000000000000  0.485990493990676 
98.0    E  0.013221228071880  0.000000000000000  0.000000000000000  0.888226795842405  0.000000000000000  0.003264324058288  0.000000000000000  0.000000000000000  0.023292349793733  0.000000000000000  0.002712802999541  0.015409886007709  0.009739071830274  0.008881382603406  0.030564483545229  0.004812492474397  0.000000000000000  0.000000000000000  0.000000000000000  0.000000000000000  0.990342871933025  0.000000000000000  0.009413846210897  0.000000000000000  0.000000000000000  0.000000000000000  1.000000000000000  0.045310838527464  1.000000000000000  0.485990493990676 
99.0    A  0.511568734867216  0.010949433195943  0.079881210200191  0.020789516266886  0.039609766313576  0.008807815719886  0.011662331119507  0.014936645587402  0.013405789537948  0.035280137650192  0.046391361582158  0.008303872455926  0.023019495090883  0.009971318506476  0.000000000000000  0.079881210200191  0.032307210507749  0.032554482156507  0.000000000000000  0.020560226953578  1.000000000000000  0.000000000000000  0.000000000000000  0.000000000000000  0.000000000000000  0.000000000000000  1.000000000000000  0.046359216682535  1.000000000000000  0.479299719246488 
100.0    Y  0.000000000000000  0.015821168864851  0.000000000000000  0.013555291986751  0.197373471675139  0.000000000000000  0.042511589137686  0.040526236082844  0.000000000000000  0.010337276874282  0.022655419263732  0.011998517732048  0.028320685570854  0.006104124063846  0.013405789537948  0.000000000000000  0.071943093207985  0.022813000166477  0.000000000000000  0.502431910211893  1.000000000000000  0.000000000000000  0.000000000000000  0.000000000000000  0.000000000000000  0.713012858682070  0.287174588749259  0.046198825977308  1.000000000000000  0.479299719246488 
101.0    L  0.008431470597691  0.000000000000000  0.000000000000000  0.000000000000000  0.002017801538446  0.000000000000000  0.000000000000000  0.079604842207906  0.004879672365834  0.727994774499543  0.054183597719668  0.000000000000000  0.011957006014240  0.000000000000000  0.017652300227658  0.005251699195909  0.015920174947136  0.049480366616954  0.022718320583130  0.000000000000000  0.995159721820083  0.000000000000000  0.005179397501167  0.000000000000000  0.000000000000000  0.000000000000000  1.000000000000000  0.045185384204555  1.000000000000000  0.495858365369147 
102.0    V  0.019846109102169  0.021959667190730  0.000000000000000  0.000000000000000  0.011187255790634  0.008496003053554  0.003342168069073  0.085200162955157  0.000000000000000  0.022655419263732  0.003786288347403  0.000000000000000  0.004131839701634  0.003988328616044  0.012344395497865  0.022844647631251  0.136881558849197  0.629378586752429  0.008955563951003  0.004968410182592  0.984184022033800  0.010019817209080  0.005691402788664  1.000000000000000  0.000000000000000  0.000000000000000  1.000000000000000  0.045879707376066  0.495171435966512  0.489370825198718 
103.0    G  0.032849153408991  0.011751591807724  0.043224707156593  0.045373696246997  0.000000000000000  0.277008086966231  0.082870360018666  0.021702423996330  0.025033433674676  0.014508075817293  0.003407666819417  0.034007576302213  0.000000000000000  0.118750047859361  0.046876218415182  0.127538082406057  0.084318908396231  0.014248955711246  0.016493026838093  0.000000000000000  0.995159721820083  0.000000000000000  0.005009908604540  0.500000000000000  0.500000000000000  0.393381222676783  0.606676780124346  0.045911519789947  0.496202187342909  0.485990493990676 
104.0    L  0.000000000000000  0.009226505167418  0.000000000000000  0.028222703442244  0.050942020775164  0.000000000000000  0.012976094126420  0.035280137650192  0.000000000000000  0.675487042267819  0.049070507417098  0.000000000000000  0.002543445682752  0.008980428500271  0.058395459180199  0.007011797270838  0.010005936416639  0.046552420722584  0.000000000000000  0.005215423059750  1.000000000000000  0.000000000000000  0.000000000000000  0.000000000000000  0.000000000000000  0.288171586699716  0.712025097798536  0.045784402331604  1.000000000000000  0.488354264481114 
105.0    F  0.000000000000000  0.000000000000000  0.000000000000000  0.000000000000000  0.723969086189780  0.000000000000000  0.000000000000000  0.000000000000000  0.013734993139247  0.155825149284387  0.053178983094159  0.000000000000000  0.013396500572409  0.000000000000000  0.012568880795967  0.020603025226443  0.000000000000000  0.000000000000000  0.000000000000000  0.006661210091937  0.995159721820083  0.005150756306611  0.000000000000000  0.500000000000000  0.500000000000000  0.000000000000000  1.000000000000000  0.046007089442756  0.496202187342909  0.492433221447775 
106.0    E  0.040358042196948  0.000000000000000  0.009099481144285  0.646624465943743  0.000000000000000  0.041665583659100  0.002477326951808  0.000000000000000  0.108292107050011  0.000000000000000  0.002756398131658  0.003510762213324  0.000000000000000  0.052120690239060  0.017027376753333  0.051225287977345  0.016243428674614  0.003906250000000  0.004616451355212  0.000000000000000  0.998614666101029  0.001210652050722  0.000000000000000  0.250000000000000  0.750019494642909  0.481297221550876  0.518709968282806  0.046134825177589  0.500000000000000  0.492433221447775 
107.0    D  0.017015578364627  0.030458738465361  0.613442488626902  0.029728696135369  0.000000000000000  0.017652300227658  0.037265902260332  0.019397304555096  0.025934205799687  0.035182455816774  0.020803931456818  0.028596849003998  0.000000000000000  0.009466192659611  0.005782864445313  0.008801712722635  0.013230395505664  0.014013877494719  0.000000000000000  0.073251392729657  0.995159721820083  0.000000000000000  0.004859420520697  0.000000000000000  0.000000000000000  0.000000000000000  1.000000000000000  0.047861187409199  1.000000000000000  0.495171435966512 
108.0    T  0.292194312140311  0.030798416779355  0.030101934188130  0.000000000000000  0.003365414686375  0.025577161924713  0.000000000000000  0.013583508751407  0.020717590004667  0.007577827424545  0.002198903488548  0.022781396544009  0.009368280576493  0.013424386796050  0.003974530047276  0.189727406621757  0.322417062663971  0.012098734810207  0.000000000000000  0.000000000000000  1.000000000000000  0.000000000000000  0.000000000000000  0.000000000000000  0.000000000000000  0.000000000000000  1.000000000000000  0.048160694272400  1.000000000000000  0.490389501994276 
109.0    N  0.009492474936758  0.000000000000000  0.006877023543462  0.001824858099381  0.004201149962724  0.028183605574445  0.009156424091207  0.028027754989438  0.002869469986872  0.033377044001495  0.033609199701793  0.475000191437443  0.013424386796050  0.059829466137206  0.007943552135093  0.044439919080852  0.028183605574445  0.082240907814313  0.000000000000000  0.131396613635963  0.987600861445373  0.002211130668185  0.009861344000876  0.142892291926755  0.857376036634172  0.000000000000000  1.000000000000000  0.048160694272400  0.499653546495226  0.490389501994276 
110.0    L  0.040554336466849  0.009485897534336  0.000000000000000  0.009840859218339  0.002855580953906  0.000000000000000  0.000000000000000  0.036397924577139  0.071992977646835  0.640823962080096  0.052775055463986  0.008379036068890  0.015103220266640  0.012638771068152  0.037214276542655  0.018401918587422  0.015335297872711  0.013677989526473  0.003232800062805  0.011171757705951  0.971307495541633  0.028895727441053  0.000000000000000  0.462652214018926  0.537374586427751  0.538866572521835  0.461051558956316  0.049070507417098  0.477641468191219  0.483638164806966 
111.0    C  0.062803988776487  0.537747195228689  0.000000000000000  0.000000000000000  0.019050860844942  0.013387218043259  0.000000000000000  0.042130241616783  0.000000000000000  0.144085793349858  0.020645912588410  0.002903482391467  0.000000000000000  0.000000000000000  0.024791682599723  0.019437682082789  0.059539874877746  0.034842694335241  0.000000000000000  0.018555619782397  0.994470168673214  0.000000000000000  0.005266280202098  0.000000000000000  0.000000000000000  0.740206649000025  0.259714775824416  0.048731552663208  1.000000000000000  0.494142825750366 
112.0    A  0.561360711036804  0.034101996157967  0.000000000000000  0.000000000000000  0.000000000000000  0.001784827051229  0.013405789537948  0.046778843337272  0.009518830184962  0.000000000000000  0.064973714698455  0.000000000000000  0.013936383115939  0.000000000000000  0.000000000000000  0.097260647069427  0.137547326170767  0.019464647118273  0.000000000000000  0.000000000000000  0.984866442895551  0.015399208389678  0.000000000000000  0.312732270028317  0.687294347786015  0.000000000000000  1.000000000000000  0.048428495684948  0.489710148793463  0.496546247718518 
113.0    I  0.045185384204555  0.003687861012306  0.000000000000000  0.002733566143741  0.010836179446339  0.000000000000000  0.014741222670240  0.439519780455894  0.026460791011329  0.167009259798762  0.025418099941629  0.020832791829550  0.013405789537948  0.029197729590099  0.036322315859941  0.024315161767357  0.074171049853533  0.029238234307231  0.000000000000000  0.036854893508163  1.000000000000000  0.000000000000000  0.000000000000000  0.000000000000000  0.000000000000000  0.000000000000000  1.000000000000000  0.048462075396688  1.000000000000000  0.496546247718518 
114.0    H  0.009532035236502  0.000000000000000  0.002366548164903  0.008166875782853  0.003698100122018  0.013868927144836  0.815072332402625  0.000000000000000  0.007254037908646  0.009194583884522  0.000000000000000  0.003303016747568  0.009194583884522  0.014528202228331  0.037034149091924  0.020277168233425  0.009252121967607  0.006848482197782  0.000000000000000  0.030311309698179  1.000000000000000  0.000000000000000  0.000000000000000  0.000000000000000  0.000000000000000  0.000000000000000  1.000000000000000  0.048596627242660  1.000000000000000  0.496546247718518 
115.0    A  0.624165274450806  0.036322315859941  0.000000000000000  0.014052786127309  0.000000000000000  0.070218743939478  0.035012162943568  0.003410029652866  0.000000000000000  0.013773127467300  0.000000000000000  0.002679166579279  0.018879966302968  0.017713584574663  0.078672323344054  0.040582456335309  0.020588749245846  0.010409178321031  0.000000000000000  0.013630667277668  1.000000000000000  0.000000000000000  0.000000000000000  0.000000000000000  0.000000000000000  0.000000000000000  1.000000000000000  0.049206748535575  1.000000000000000  0.496546247718518 
116.0    K  0.021914050791288  0.000000000000000  0.013433695097547  0.003847134542561  0.000000000000000  0.076309157041821  0.026442456143759  0.000000000000000  0.566834706389211  0.000000000000000  0.000000000000000  0.063857505169644  0.012327294388320  0.024484287092167  0.098141014834197  0.081503170953660  0.011002689272751  0.000000000000000  0.000000000000000  0.000000000000000  0.997231251352069  0.000000000000000  0.002712802999541  0.000000000000000  0.000000000000000  0.000000000000000  1.000000000000000  0.049206748535575  1.000000000000000  0.496546247718518 
117.0    R  0.023732370153352  0.058598193528569  0.000000000000000  0.015614173327976  0.000000000000000  0.006271385849343  0.033169475279681  0.019451159927846  0.008229383093397  0.004862789981962  0.000000000000000  0.000000000000000  0.007758535120602  0.005179397501167  0.784040454075739  0.023373214974412  0.000000000000000  0.000000000000000  0.000000000000000  0.009902441578394  0.978063473447339  0.021944451183406  0.000000000000000  0.451250363731215  0.548665968789621  0.323088207659373  0.676893139526230  0.048664043191354  0.482299092292069  0.493116352246680 
118.0    V  0.049446081324091  0.004746237468379  0.000000000000000  0.014741222670240  0.000000000000000  0.000000000000000  0.014710601008456  0.077589218220382  0.016573245958878  0.033238521027912  0.007401328676557  0.000000000000000  0.000000000000000  0.009565128065627  0.004126115724031  0.016232173489026  0.006376586298054  0.745355193399460  0.000000000000000  0.000000000000000  0.997231251352069  0.000000000000000  0.002446610231688  0.000000000000000  0.000000000000000  0.645281245225889  0.354780839050096  0.051012690384431  1.000000000000000  0.496546247718518 
119.0    T  0.000000000000000  0.000000000000000  0.010851211998165  0.002787137706480  0.000000000000000  0.000000000000000  0.019236631458514  0.044656066866909  0.010851211998165  0.010110512925647  0.010152648925433  0.016676958406874  0.020948634243443  0.000000000000000  0.009779659833234  0.003363082766949  0.838568184440931  0.002324280656849  0.000000000000000  0.000000000000000  0.988970916380931  0.010761328487368  0.000000000000000  1.000000000000000  0.000000000000000  0.458184322337676  0.541862983422390  0.052921582022658  0.496546247718518  0.498615625676035 
120.0    I  0.000000000000000  0.000000000000000  0.000000000000000  0.000000000000000  0.006129563264818  0.000000000000000  0.019545766876770  0.445655247948486  0.010866265403984  0.390122740086852  0.005888026990462  0.011148550825921  0.000000000000000  0.000000000000000  0.000000000000000  0.013340901787363  0.006560402288626  0.090684512989636  0.000000000000000  0.000000000000000  1.000000000000000  0.000000000000000  0.000000000000000  0.000000000000000  0.000000000000000  0.000000000000000  1.000000000000000  0.052958277184132  1.000000000000000  0.500000000000000 
121.0    M  0.021226348196077  0.022097086912080  0.003284751622085  0.012621262150150  0.064748922722501  0.000000000000000  0.008656502717695  0.028438713252528  0.038794609110191  0.027016788478371  0.520510798842056  0.006920058742987  0.000000000000000  0.080214118597682  0.006003418676906  0.012682649702770  0.116871899718932  0.006628967982077  0.000000000000000  0.023243965038039  1.000000000000000  0.000000000000000  0.000000000000000  0.000000000000000  0.000000000000000  0.000000000000000  1.000000000000000  0.059292769696278  1.000000000000000  0.500000000000000 
122.0    P  0.061171353149840  0.000000000000000  0.017469716421342  0.022892201165802  0.000000000000000  0.006189334460351  0.001256825436818  0.016676958406874  0.047662551664259  0.040666932982560  0.000000000000000  0.003718663705068  0.520510798842056  0.098209064583448  0.039527485698561  0.049617745683228  0.027110583973502  0.047333322371155  0.000000000000000  0.000000000000000  0.997922718999051  0.002411255091589  0.000000000000000  1.000000000000000  0.000000000000000  1.000000000000000  0.000000000000000  0.072947381363654  0.500000000000000  0.500000000000000 
123.0    K  0.009585038884795  0.000000000000000  0.013313188985545  0.020731955321831  0.000000000000000  0.037395280100960  0.000000000000000  0.000000000000000  0.735093668194520  0.000000000000000  0.000000000000000  0.005912565597537  0.015282241772615  0.015113692650218  0.120993378361717  0.021792869786725  0.000000000000000  0.004852688600720  0.000000000000000  0.000000000000000  1.000000000000000  0.000000000000000  0.000000000000000  1.000000000000000  0.000000000000000  0.000000000000000  0.000000000000000  0.077643017611527  1.000000000000000  1.000000000000000 
