No:  residues  hmm_col_1  hmm_col_2  hmm_col_3  hmm_col_4  hmm_col_5  hmm_col_6  hmm_col_7  hmm_col_8  hmm_col_9  hmm_col_10  hmm_col_11  hmm_col_12  hmm_col_13  hmm_col_14  hmm_col_15  hmm_col_16  hmm_col_17  hmm_col_18  hmm_col_19  hmm_col_20  hmm_col_21   hmm_col_22   hmm_col_23   hmm_col_24   hmm_col_25   hmm_col_26   hmm_col_27   hmm_col_28   hmm_col_29   hmm_col_30   
1.0    M  0.000000000000000  0.021747599872361  0.000000000000000  0.000000000000000  0.000000000000000  0.000000000000000  0.000000000000000  0.000000000000000  0.016630784100834  0.020432364820887  0.883315051481465  0.028497911422493  0.000000000000000  0.000000000000000  0.000000000000000  0.000000000000000  0.029625842660270  0.000000000000000  0.000000000000000  0.000000000000000  0.957935218222696  0.033400187225344  0.008537326086726  0.646624465943743  0.353553390593274  0.000000000000000  0.000000000000000  0.054711958105891  0.487339815445774  1.000000000000000 
2.0    S  0.183137609326417  0.000000000000000  0.011990203875007  0.000000000000000  0.000000000000000  0.020319377289820  0.000000000000000  0.000000000000000  0.000000000000000  0.000000000000000  0.027355979052946  0.000000000000000  0.058395459180199  0.000000000000000  0.027167017502813  0.595015848153338  0.042364510212500  0.034172983046395  0.000000000000000  0.000000000000000  0.880259013563151  0.104024841838941  0.015700997194122  0.540737381741809  0.459138081150462  0.358737383651676  0.641268301381124  0.050800975124020  0.424548123223420  0.492433221447775 
3.0    G  0.062326953209504  0.000000000000000  0.011218316489246  0.000000000000000  0.000000000000000  0.607097442197523  0.015463385256488  0.039802421103953  0.049002528379734  0.000000000000000  0.020347565462016  0.019915009801863  0.010401965728409  0.020545980628204  0.039254449410735  0.081164912670618  0.023405639600378  0.000000000000000  0.000000000000000  0.000000000000000  0.940174202509126  0.000000000000000  0.059746582349609  0.000000000000000  0.000000000000000  0.000000000000000  1.000000000000000  0.036448417805890  1.000000000000000  0.484309094613314 
4.0    R  0.032986053676186  0.019249969897590  0.000000000000000  0.010337276874282  0.000000000000000  0.115342811581725  0.000000000000000  0.000000000000000  0.237500095718722  0.044811101500495  0.000000000000000  0.000000000000000  0.000000000000000  0.023035456520173  0.408667664244142  0.069204036530268  0.021314809919990  0.017313005435389  0.000000000000000  0.000000000000000  0.914465089499901  0.033492920704259  0.052265399994629  0.415522930796824  0.584388624280623  0.933679944915313  0.066063627535086  0.036372704200067  0.479632059662632  0.426613049056034 
5.0    G  0.051760666333409  0.013888166893228  0.008402299925448  0.000000000000000  0.000000000000000  0.737134608645551  0.000000000000000  0.000000000000000  0.038660389958974  0.000000000000000  0.010230354867840  0.027757087370075  0.015538596385519  0.016804599850897  0.005883947135288  0.040808118346529  0.023650262390150  0.009658400475945  0.000000000000000  0.000000000000000  0.976708528962227  0.013508394239185  0.009658400475945  0.465870214652387  0.534032704023926  0.297301778750680  0.702709350103360  0.028399316139016  0.471719125447680  0.461371246326899 
6.0    K  0.014884968719437  0.000000000000000  0.000000000000000  0.015061403245948  0.000000000000000  0.010488847677971  0.044041273598188  0.000000000000000  0.624165274450806  0.000000000000000  0.000000000000000  0.019437682082789  0.022066475068512  0.062025273417864  0.075362989230673  0.027795593548059  0.059087632296921  0.025808677029241  0.000000000000000  0.000000000000000  0.913198250011992  0.021006796783635  0.066063627535086  0.741747466920561  0.258278596921033  0.632878296985140  0.367037659008526  0.026024242840017  0.450625231305415  0.464902471306581 
7.0    G  0.138408073060536  0.000000000000000  0.012216713173884  0.012482061194518  0.000000000000000  0.579146403097322  0.000000000000000  0.000000000000000  0.076362068854594  0.000000000000000  0.000000000000000  0.000000000000000  0.021567458646822  0.031995215638389  0.009950605275988  0.088449635020416  0.017591227908387  0.000000000000000  0.000000000000000  0.011702819800189  0.893785162356787  0.059995578814932  0.046520164223954  0.312732270028317  0.687294347786015  0.164709993966768  0.835087919428369  0.022158438057492  0.424842499569325  0.421907898065009 
8.0    G  0.050171086794747  0.000000000000000  0.024399577893981  0.000000000000000  0.000000000000000  0.524494663787473  0.000000000000000  0.050032175666019  0.131305568001344  0.000000000000000  0.000000000000000  0.016886334406865  0.000000000000000  0.061001985048514  0.007457976672967  0.118257205840699  0.015832139064986  0.000000000000000  0.000000000000000  0.000000000000000  0.936921446872426  0.054409410206008  0.008408125974873  0.424548123223420  0.575544745663881  0.821880187294851  0.178376813214735  0.023067412588794  0.447512535463986  0.390122740086852 
9.0    K  0.048060650977196  0.000000000000000  0.000000000000000  0.017445515030978  0.000000000000000  0.075102253095428  0.038366740122346  0.007174032517976  0.547905883223845  0.015431263460084  0.000000000000000  0.000000000000000  0.000000000000000  0.009698652277548  0.140534865472327  0.057711394420587  0.013508394239185  0.028875705388963  0.000000000000000  0.000000000000000  0.908778116448520  0.042955896736626  0.048462075396688  0.143289023216047  0.856781954768570  0.241149546146035  0.758909626487027  0.022781396544009  0.448755025333631  0.462011286223412 
10.0    G  0.125173406963917  0.000000000000000  0.082755556899712  0.019722688001752  0.000000000000000  0.299369676154732  0.008838394240984  0.033984012214215  0.049138580758771  0.007254037908646  0.000000000000000  0.031228346655952  0.000000000000000  0.000000000000000  0.057233355401133  0.081729459283547  0.042364510212500  0.161208531331986  0.000000000000000  0.000000000000000  0.786762445353566  0.010554485035435  0.202500868408011  0.132954084111648  0.866937563514687  0.297095776264233  0.702709350103360  0.023099412988654  0.486327473706143  0.433769343576034 
11.0    L  0.072695002596741  0.016435965300061  0.000000000000000  0.019170077769591  0.000000000000000  0.111955708761356  0.000000000000000  0.019998006466317  0.231486505631831  0.193445624192799  0.034818551588104  0.048562954299003  0.000000000000000  0.020249077584896  0.073607674349686  0.113676031475092  0.014751444049223  0.029197729590099  0.000000000000000  0.000000000000000  0.914465089499901  0.014629253866164  0.070952631384129  0.333324669272800  0.666649338545599  0.111182374192237  0.888842681166570  0.022483337187669  0.496546247718518  0.292396916012987 
12.0    G  0.115903818304433  0.000000000000000  0.041177498491692  0.026663315566002  0.000000000000000  0.464258426153364  0.013396500572409  0.035085044439800  0.041752314949691  0.020375792738415  0.009957504900932  0.000000000000000  0.012940166583352  0.000000000000000  0.061596833558711  0.080996310339583  0.063990431276778  0.011816937478781  0.000000000000000  0.000000000000000  0.917004043204671  0.000000000000000  0.083042863381032  0.000000000000000  0.000000000000000  0.188939991039528  0.811127155577043  0.021642335439233  1.000000000000000  0.276816146121071 
13.0    K  0.036121459579837  0.000000000000000  0.000000000000000  0.049514675682811  0.000000000000000  0.094995303525095  0.021182255106250  0.016435965300061  0.566441942647899  0.025524030972188  0.011719054603795  0.000000000000000  0.000000000000000  0.027757087370075  0.037265902260332  0.087960523457837  0.010416395914775  0.014782150730087  0.000000000000000  0.000000000000000  0.698339266233699  0.121581868426536  0.180116218604740  0.392836258333790  0.607097442197523  0.350381862270187  0.649319301364942  0.022204563174709  0.412081042476620  0.266277050848354 
14.0    G  0.120909541201742  0.000000000000000  0.017481829703683  0.000000000000000  0.016619260513956  0.395842932935636  0.000000000000000  0.016874633747389  0.112890813768978  0.037733768483953  0.000000000000000  0.000000000000000  0.048027349415250  0.000000000000000  0.031620412532092  0.105330853687894  0.058153103606438  0.025418099941629  0.000000000000000  0.013039207518053  0.908778116448520  0.044071811265137  0.047136877396456  0.595841287287023  0.404160434402784  0.078183067507079  0.922103117912631  0.021537580515244  0.472701058375372  0.241819082403483 
15.0    G  0.112188756333408  0.000000000000000  0.016131227116926  0.000000000000000  0.012413037501502  0.577943353277399  0.000000000000000  0.016746460352130  0.084027187134539  0.000000000000000  0.000000000000000  0.000000000000000  0.012551468699329  0.000000000000000  0.039445376003504  0.085911793473252  0.027016788478371  0.015452670568452  0.000000000000000  0.000000000000000  0.970634469769547  0.000000000000000  0.029502888098445  0.000000000000000  0.000000000000000  0.082526427563438  0.917639882311365  0.020277168233425  1.000000000000000  0.243501067135810 
16.0    A  0.245534898815848  0.000000000000000  0.016481598704188  0.028835702895431  0.000000000000000  0.053363607149453  0.032849153408991  0.013706461698950  0.209351621877107  0.031708204580653  0.000000000000000  0.040893064732969  0.094208431847399  0.022158438057492  0.031796240378209  0.074686950303549  0.054146053525005  0.050171086794747  0.000000000000000  0.000000000000000  0.885153764579545  0.049962864397030  0.064883704408941  0.456915725114700  0.543367431263029  0.088143622530274  0.911933165519769  0.016886334406865  0.445037866626248  0.250000000000000 
17.0    K  0.037707622491274  0.008082402980616  0.021823102069803  0.000000000000000  0.000000000000000  0.015218816695988  0.008698606392412  0.007790869151188  0.476649272644080  0.017923547253534  0.000000000000000  0.006403160997168  0.038553349056547  0.065018766657624  0.241651524266243  0.027527167941468  0.020688889224928  0.006297522121039  0.000000000000000  0.000000000000000  0.980779003988551  0.006104124063846  0.013415084944340  1.000000000000000  0.000000000000000  0.561360711036804  0.438910898804760  0.007877753553864  0.492092011016900  0.225625181865607 
18.0    R  0.072092850316251  0.000000000000000  0.000000000000000  0.339151081861918  0.000000000000000  0.021974893748642  0.017750457262292  0.009578397344165  0.142793280856068  0.005937206470318  0.000000000000000  0.006452169257310  0.032084048303750  0.016232173489026  0.284993318173365  0.029319412390646  0.005380664243684  0.010251650426500  0.000000000000000  0.005970220784239  0.965267024871757  0.002995473944674  0.031818287492644  0.441351498145327  0.558643569036110  0.211979991158287  0.787853886049346  0.007174032517976  0.477972658796871  0.335178147895084 
19.0    H  0.018274807250812  0.000000000000000  0.007243988644027  0.026552656223083  0.000000000000000  0.045657636829552  0.148342099707066  0.363241262392842  0.097463105326415  0.024113752735296  0.006815333638834  0.009093176050017  0.025506345192216  0.055745532463756  0.040498155169792  0.057392260143808  0.041810236087066  0.017554685984869  0.000000000000000  0.014710601008456  0.964598184584138  0.017039183322895  0.018607138271328  0.633756261017212  0.366021423986406  0.884540435331541  0.115502821555853  0.006886563733650  0.428094142273228  0.321078952247356 
20.0    R  0.024332021595677  0.017911127902006  0.015865095326085  0.020025748815003  0.000000000000000  0.017973310833603  0.015668381810954  0.015463385256488  0.166546853136503  0.034125642054552  0.017361073885236  0.027737854289672  0.017640068825096  0.030101934188130  0.472701058375372  0.039554893561571  0.047994070928191  0.012806321994336  0.000000000000000  0.006323767316777  0.986232704493359  0.008298118644495  0.005350910077990  0.625464540056633  0.374749900438887  0.745355193399460  0.254899420749548  0.007442484359718  0.466839972457657  0.438302860658018 
21.0    K  0.071743900865938  0.002461920686686  0.007164094087536  0.018401918587422  0.000000000000000  0.008321157839011  0.043374772469237  0.002545209276100  0.316000774613202  0.035772630018709  0.015420571029466  0.030416542942445  0.030905341136904  0.037136972033029  0.254017535748425  0.067685940345370  0.027911432886024  0.020207014560742  0.000000000000000  0.010488847677971  0.991716730738293  0.005222658185176  0.003400588137875  0.298747801214196  0.701249625321201  0.791685865871272  0.208482760956241  0.007129417879246  0.473685035299634  0.471065636952404 
22.0    V  0.012886461697033  0.008206598000084  0.013744516811288  0.011367036590897  0.040610595701733  0.017676788481967  0.015700997194122  0.097395572457562  0.098073012237094  0.134997069979110  0.031862427593693  0.003596975379707  0.017738157846032  0.041955390711883  0.045911519789947  0.049411819787746  0.021388809579560  0.096856991369896  0.000000000000000  0.240481863666194  0.980779003988551  0.005839254877480  0.013267128850732  0.222056698960601  0.778085176555419  0.401090583176243  0.599154510669709  0.006167920989848  0.479299719246488  0.487002134271620 
23.0    L  0.023324662239015  0.000000000000000  0.000000000000000  0.027355979052946  0.014298424501999  0.005459558483793  0.013396500572409  0.036322315859941  0.027641888604111  0.113047422195136  0.011501772360689  0.014608987464866  0.005240789940946  0.368822864270710  0.025524030972188  0.216734390878672  0.054221167947004  0.036854893508163  0.000000000000000  0.005597506446770  0.987600861445373  0.004923841373371  0.007726335284226  0.615145672375572  0.384751805040216  0.574747424017338  0.425431864753270  0.005945442893904  0.490729531926740  0.464902471306581 
24.0    R  0.041521431690516  0.003828513341179  0.031511014215456  0.047861187409199  0.000000000000000  0.003619484616759  0.017349044275447  0.005076324462717  0.361984543094890  0.013763583970734  0.007345110957103  0.021687386234619  0.013480333508479  0.026168952734638  0.318640156829816  0.058638824781292  0.009226505167418  0.008716713455664  0.003847134542561  0.005636440183053  0.979420297586927  0.010731533073669  0.010068551800664  0.097801472717064  0.902500727462430  0.000000000000000  1.000000000000000  0.004954653903617  0.481964903870322  0.468785548228555 
25.0    D  0.054447137008891  0.000000000000000  0.159762420400381  0.083910781423766  0.005380664243684  0.040246300922182  0.029584800976147  0.010068551800664  0.014467906601989  0.015843116871719  0.010995065432230  0.027603595358796  0.009678505451437  0.008263679403269  0.011367036590897  0.410940093647425  0.087838668762920  0.009712106788312  0.003248523821777  0.006560402288626  0.975355461527642  0.009162773040874  0.015229369232680  0.374749900438887  0.625031151292605  0.358986127655859  0.640823962080096  0.004597291942261  0.482633512435878  0.451250363731215 
26.0    N  0.066384949155961  0.006232384686008  0.076309157041821  0.048260945818237  0.004379554992299  0.063813257856700  0.005129379396188  0.014358013804360  0.045720975647010  0.005211809256554  0.003424241098891  0.077053270341488  0.018517074545962  0.069782060123911  0.026078415036107  0.110951417158687  0.301451956922690  0.041463910643661  0.001859331852534  0.013659040943912  0.962594443101751  0.019832357594059  0.017566858184041  0.141316320890574  0.858565436437754  0.623300597137549  0.376833727389595  0.004437614315573  0.460093825312437  0.419574818553271 
27.0    I  0.020905118043533  0.005165057051338  0.207473646397496  0.224844578036938  0.002106407093153  0.032758202359904  0.013517760790390  0.078563335907614  0.082640912821411  0.045279442329840  0.017911127902006  0.060959716345478  0.011327709631866  0.022545760732213  0.091062444618626  0.038875364165577  0.010613174098039  0.027950153180706  0.000000000000000  0.005524271728020  0.953959550547558  0.035747842912619  0.010138584116712  0.415522930796824  0.584388624280623  0.573553512113083  0.426613049056034  0.004063672916102  0.361483073636437  0.403041415746484 
28.0    Q  0.091823039579894  0.008906041192918  0.020574483157176  0.026060345119530  0.049790006017849  0.010724097119179  0.037085524926767  0.030585676574920  0.016956708935653  0.384218795322003  0.031532863557646  0.025630403474898  0.030060232958274  0.040134869030920  0.076786686277853  0.042217940141739  0.036096430767300  0.028895727441053  0.000000000000000  0.012115518849172  0.946057646725596  0.048462075396688  0.005425605999082  0.463615273217731  0.536258308408971  0.735603372927869  0.264621098718783  0.003596975379707  0.326012683814640  0.394473420426233 
29.0    G  0.045468146363586  0.005058761714275  0.027641888604111  0.079992025865269  0.027969533466499  0.113833729198997  0.015388538170243  0.059005776196891  0.024365776331604  0.257742079698697  0.009624984948795  0.027450952132449  0.008437316873694  0.093234001668217  0.017750457262292  0.065561832973434  0.034339194299277  0.042807280623924  0.009985151275024  0.034315400430845  0.927230546435463  0.072644631719882  0.000000000000000  0.450312989923965  0.549808074657276  0.948684315140454  0.051296350550656  0.003530284088871  0.223136742868244  0.446892581178393 
30.0    I  0.010054603494541  0.002305028014329  0.000000000000000  0.000000000000000  0.209351621877107  0.000000000000000  0.003058415219752  0.312949114663499  0.000000000000000  0.354535008919865  0.019424213576624  0.002944013495231  0.014013877494719  0.004752821713414  0.000000000000000  0.009631658792686  0.006992383366625  0.038260512262506  0.001770042848178  0.010068551800664  0.994470168673214  0.000000000000000  0.005244423838985  0.021270533070304  0.978741650397436  1.000000000000000  0.000000000000000  0.003300728064111  0.499653546495226  0.500000000000000 
31.0    T  0.027872766231878  0.006301888743923  0.000000000000000  0.002404578932314  0.004304316858893  0.015953314464175  0.009232902710425  0.003479269142995  0.013470992890900  0.021687386234619  0.000000000000000  0.015009294749273  0.611744020565933  0.009558500321343  0.101813445383777  0.086509357253217  0.066338950559362  0.000000000000000  0.000000000000000  0.004440691301703  0.993092495437036  0.005395603313062  0.001774957258689  0.278741554681924  0.721464343430814  1.000000000000000  0.000000000000000  0.003266587499664  0.472046209575125  0.490389501994276 
32.0    K  0.028125060306047  0.001994164308022  0.006997231797585  0.005048253244678  0.007688937672139  0.002534646029178  0.008478354467827  0.072947381363654  0.342933322147649  0.080940187428402  0.013120804577252  0.020011872833278  0.017542522219900  0.032963197408377  0.132494097924660  0.021853376292788  0.026830169888680  0.168170901065228  0.003264324058288  0.006121071773042  0.992404374685819  0.001369628174455  0.006416489849626  1.000000000000000  0.000000000000000  0.000000000000000  1.000000000000000  0.003203800434362  0.499307333050514  0.493800430722686 
33.0    P  0.294022812572741  0.003839142963067  0.068251284109103  0.041206050452886  0.005044755274618  0.122682382981685  0.005888026990462  0.019970302550048  0.014397877909355  0.130037533315248  0.014947002470186  0.007437327410137  0.044811101500495  0.010798689113505  0.024723040662045  0.132402291835485  0.041521431690516  0.012132326171891  0.002492829626619  0.003513196531827  0.997922718999051  0.002273294012504  0.000000000000000  0.799960128332753  0.200267469397406  0.000000000000000  1.000000000000000  0.003219383144349  0.488692883205403  0.441657525740733 
34.0    A  0.138024855895387  0.020674553748564  0.013984766733250  0.005193777766335  0.006497047643554  0.006997231797585  0.015134659206666  0.036931610841699  0.020517517584752  0.015733680469636  0.008338479203437  0.050906722691888  0.202922395244320  0.007769298192759  0.199990032083188  0.096321388544801  0.097937148368668  0.048832992510770  0.000000000000000  0.007289320246381  0.950659101229818  0.046649324478030  0.002853602301847  0.382094130191292  0.617709318563465  0.000000000000000  1.000000000000000  0.003142220198992  0.375529981735232  0.441657525740733 
35.0    I  0.008015454260446  0.002703417414163  0.000000000000000  0.000000000000000  0.209351621877107  0.002368189099730  0.000000000000000  0.332632260270172  0.000000000000000  0.072997962163320  0.040695130924032  0.000000000000000  0.000000000000000  0.000000000000000  0.000000000000000  0.004713452811409  0.020432364820887  0.302288918958340  0.003637089139962  0.000000000000000  0.994470168673214  0.000000000000000  0.005505159199774  0.000000000000000  0.000000000000000  0.000000000000000  1.000000000000000  0.002460214804585  1.000000000000000  0.436786447958347 
36.0    R  0.081108672933699  0.012665079998208  0.026259804757290  0.045657636829552  0.005953690743515  0.042511589137686  0.090433430366908  0.011573748422034  0.170282254330061  0.015271652600169  0.017133931071686  0.031358492140922  0.012276133072931  0.151669195031087  0.123878695408010  0.068869069742288  0.042130241616783  0.023324662239015  0.002243551474604  0.025277542136304  0.993092495437036  0.005055256462824  0.002054495662508  0.113518552215189  0.886381699194867  0.157672176103906  0.842062953608416  0.002463627751624  0.462011286223412  0.425431864753270 
37.0    R  0.048934643516034  0.005006437203751  0.051796556530500  0.049377581991461  0.000000000000000  0.010237448467643  0.024247839196089  0.004505803144766  0.150517172653927  0.016909760070714  0.005347202394890  0.019316800951890  0.000000000000000  0.045342256494818  0.471719125447680  0.047828024056958  0.020489093972119  0.024860515117341  0.000000000000000  0.003662387095536  0.988285651500733  0.001219072801662  0.010438078737423  0.166662334636400  0.833353207159218  0.764718138941384  0.235369616135302  0.001005410237729  0.500000000000000  0.430176315305720 
38.0    L  0.012378668920703  0.003958034766246  0.000000000000000  0.005248060256724  0.110414381435183  0.002429710260349  0.013984766733250  0.245364765963370  0.008820034412548  0.371130892657262  0.046908721797324  0.003010043392025  0.005055256462824  0.006656594492772  0.002378058630201  0.008807815719886  0.013066349998657  0.107544078826430  0.006461120065963  0.026369243629063  0.997231251352069  0.002325892283916  0.000370047989871  0.292599660368647  0.707597080163328  0.787307976569203  0.212863426937236  0.001100976964986  0.461691155364697  0.455334916795989 
39.0    A  0.218090676442690  0.043224707156593  0.000000000000000  0.003443281866825  0.019695365493484  0.011280696840020  0.008746975692611  0.111028349480301  0.003049947236748  0.214492632607173  0.104096971360069  0.000000000000000  0.009902441578394  0.006057759424586  0.004954653903617  0.017676788481967  0.010554485035435  0.209932873236035  0.000000000000000  0.003783664801667  0.996540262827868  0.003450449419849  0.000000000000000  0.198746312737244  0.801069877589622  0.724471077277439  0.275476278969153  0.001032244180236  0.477310507069858  0.489710148793463 
40.0    R  0.058233776831548  0.008116086744513  0.012931200251222  0.074325444687670  0.003773188784863  0.015145153389610  0.022158438057492  0.000000000000000  0.335178147895084  0.023470623858452  0.007218926347241  0.022545760732213  0.003947075962839  0.057312752700292  0.293412044570338  0.028183605574445  0.015635834179103  0.013744516811288  0.004782564032813  0.000000000000000  0.987600861445373  0.008912216530222  0.003325991045894  0.217185546287656  0.782954296256543  0.000000000000000  1.000000000000000  0.001125670260546  0.466839972457657  0.500000000000000 
41.0    R  0.045091521464426  0.004648561313698  0.051083458030518  0.306721244313451  0.003131348942966  0.022436632978491  0.016804599850897  0.005023818294651  0.104241380478121  0.032217759962337  0.009545258606824  0.029564301460175  0.002582528525669  0.070756181381917  0.110185019738396  0.143786486668826  0.030969673852002  0.009387781636929  0.000000000000000  0.001810997161007  0.993092495437036  0.006116830439504  0.000541781968783  0.273383864371158  0.726482524785685  0.200545291588122  0.799405830352472  0.001012403418965  0.467811748915700  0.482968164462423 
42.0    G  0.100272645794061  0.018478609378815  0.057551606075315  0.016470178488918  0.012568880795967  0.171704529178703  0.047530586038782  0.180241108932528  0.029564301460175  0.048596627242660  0.039472726932681  0.029360085912938  0.002824086512785  0.014905617977306  0.019050860844942  0.054674047806614  0.024467321758017  0.125086673432823  0.002254463706088  0.004992575637512  0.854409740889733  0.141414307855738  0.004394759705816  0.287971910587339  0.712025097798536  0.291587342447117  0.708578698254108  0.001011000902189  0.175312406330300  0.485317234884773 
43.0    G  0.091568804663209  0.006028438183824  0.076362068854594  0.017725866952124  0.002954234369695  0.326691313473293  0.034578042284134  0.030969673852002  0.043254678626609  0.100064351332038  0.009678505451437  0.062111318332660  0.029441602309525  0.013048248741068  0.030227385300435  0.045879707376066  0.052120690239060  0.020489093972119  0.000000000000000  0.006820059305733  0.906261938267334  0.084260483233566  0.009439983151484  0.280291519507127  0.719466790005410  0.459456441739525  0.540362701019676  0.001013807881390  0.252788020212826  0.446582926176380 
44.0    V  0.084964265119171  0.009005362084366  0.017713584574663  0.011808749439971  0.066985841408518  0.013630667277668  0.016956708935653  0.139370777340962  0.015155654849090  0.054071043161562  0.010686994561738  0.034674046002120  0.130579470358029  0.049138580758771  0.017824433060444  0.033353916813749  0.023163547028169  0.206469416233930  0.001749307949396  0.062803988776487  0.599154510669709  0.377618146390706  0.023276210361292  0.435577096071128  0.564482202403066  0.511923450214221  0.488015880388112  0.001063473647789  0.021990130864459  0.416387885440275 
45.0    K  0.043495199744722  0.006121071773042  0.043949787497285  0.107395094368398  0.028222703442244  0.039747281460737  0.040638754579640  0.036727385263118  0.132954084111648  0.099649059567567  0.034794425569646  0.033261568201667  0.017615631439772  0.037864770638445  0.064704057740086  0.049138580758771  0.097125908598006  0.048194088293998  0.002614951673786  0.035772630018709  0.889458993537898  0.098823639575493  0.011751591807724  0.535886731268147  0.464258426153364  0.782411781736511  0.217637640824031  0.000999157685288  0.200267469397406  0.368822864270710 
46.0    R  0.033330805650993  0.012182888165802  0.023405639600378  0.031862427593693  0.001945019049013  0.048731552663208  0.017554685984869  0.024214247842474  0.093428078039684  0.029116888415774  0.029157280985525  0.054711958105891  0.042807280623924  0.033632503899494  0.375009747321455  0.080214118597682  0.034101996157967  0.024705909893873  0.004313276746731  0.005711161907813  0.988970916380931  0.004999501616579  0.006358931133363  0.209496783666987  0.790589116603944  0.485990493990676  0.514056913328033  0.001153313145927  0.485990493990676  0.432268615653933 
47.0    I  0.047038960856596  0.026150820083856  0.012115518849172  0.015635834179103  0.125347054487635  0.003135692924672  0.008862933476062  0.279903222163560  0.016493026838093  0.113125807860363  0.035921714001084  0.000000000000000  0.007085080694790  0.003632050557083  0.002873450675499  0.005937206470318  0.017530366883289  0.201381072762188  0.037943590137345  0.039802421103953  0.998614666101029  0.000000000000000  0.001713307712369  0.000000000000000  0.000000000000000  0.201940194402402  0.798298386356650  0.001150119911714  1.000000000000000  0.430773079856009 
48.0    S  0.076733480244691  0.005774853247163  0.029096713119695  0.058720171825876  0.003007957711860  0.089374061647606  0.008172538592129  0.033169475279681  0.010858736092518  0.004361378757744  0.000000000000000  0.034410674940561  0.018236845340914  0.146198458006493  0.022561393680039  0.317537745634697  0.087352935740692  0.046520164223954  0.002191295860411  0.005644259366889  0.981459063853479  0.002209598560246  0.016053147490296  0.687770909069872  0.312082637225403  0.262429170905767  0.737645728541420  0.001136647006252  0.484644908467533  0.437392382452911 
49.0    G  0.138888591081887  0.006633564425366  0.073454770526236  0.106727214298906  0.004283482767921  0.040190546357206  0.014761672515581  0.004140440560146  0.167125061925642  0.009505643426829  0.006843736836462  0.044132950137024  0.083852639055141  0.045657636829552  0.046487930076078  0.160205990520024  0.022173802440631  0.018440224114628  0.001752949317709  0.004613252583709  0.902500727462430  0.094732285406900  0.002692197564406  0.993092495437036  0.006754197119593  0.408667664244142  0.591315500122071  0.001448725521329  0.245534898815848  0.405844790488639 
50.0    L  0.061810682273808  0.003448058579260  0.208482760956241  0.190914687245088  0.015898120189104  0.068964608752622  0.011866185076676  0.019505164826588  0.050415109951383  0.026941985781800  0.013830527571555  0.027337023903307  0.019518689463334  0.045531222309313  0.056367211148891  0.102166916061035  0.046843737554861  0.013965393161825  0.002607711529875  0.013564691056266  0.995159721820083  0.001754164790789  0.002748766358057  0.500000000000000  0.500000000000000  0.160762185428825  0.839149637106542  0.001312015064181  0.495171435966512  0.434371092575312 
51.0    I  0.517632461920689  0.024130472909118  0.005211809256554  0.009752582413294  0.019437682082789  0.027489033622576  0.002319452472800  0.049377581991461  0.022592692102277  0.006163647194160  0.004944361695196  0.005486112795852  0.033585911651734  0.002292281598206  0.008484233252518  0.071100326742032  0.055977854380678  0.131944214704746  0.000000000000000  0.002067352333740  0.996540262827868  0.003421868418231  0.000000000000000  0.165970644797805  0.833931043824964  0.000000000000000  1.000000000000000  0.001294849375292  0.490729531926740  0.436483795566881 
52.0    Y  0.079549683454746  0.007812500000000  0.004575039770386  0.017133931071686  0.024298313621330  0.004940935712320  0.003876579588616  0.131396613635963  0.062934721878545  0.215984546850069  0.062283766426742  0.003844468836070  0.098209064583448  0.004951220789197  0.051510130309578  0.029852591761951  0.013359409029562  0.116386852478779  0.000000000000000  0.067032288551121  0.994470168673214  0.003807342308170  0.001861911221266  0.635075491269395  0.365008002663630  0.037369368649254  0.962594443101751  0.001294849375292  0.487677730763821  0.436483795566881 
53.0    E  0.077053270341488  0.005999258866024  0.120240931833097  0.202922395244320  0.019818615614467  0.038128140946007  0.016209686508838  0.051724801004888  0.042688758023575  0.073709787016326  0.023814762974059  0.035329080222643  0.013257935964155  0.035946621667206  0.016630784100834  0.051367511705928  0.031532863557646  0.130942015887475  0.007238969233519  0.005474716597972  1.000000000000000  0.000000000000000  0.000000000000000  0.000000000000000  0.000000000000000  0.259894858793820  0.740206649000025  0.001296645662483  1.000000000000000  0.427797512841301 
54.0    E  0.259714775824416  0.027737854289672  0.037369368649254  0.092589987376270  0.021418481327808  0.003421868418231  0.011233879162867  0.045154074935110  0.020474896935287  0.106727214298906  0.024808872841614  0.012073602338250  0.008949358577967  0.054033576956742  0.008116086744513  0.045847917005229  0.060245612983790  0.060329189054485  0.000000000000000  0.099856489556144  0.997922718999051  0.001845209064448  0.000417192256294  0.036297147872679  0.963929807740643  0.000000000000000  1.000000000000000  0.001295747207614  0.498270131413934  0.446273485736488 
55.0    T  0.031840349894273  0.009739071830274  0.000000000000000  0.000000000000000  0.047728671811272  0.006934463572418  0.002240443406692  0.154106540682976  0.000000000000000  0.476979775273779  0.100760353936621  0.000000000000000  0.009226505167418  0.003443281866825  0.003847134542561  0.024332021595677  0.024535253708549  0.099995016041594  0.000000000000000  0.004140440560146  0.999307092990453  0.000666549666936  0.000000000000000  0.099995016041594  0.900001929793512  0.000000000000000  1.000000000000000  0.001297544740329  0.500000000000000  0.434973676354325 
56.0    R  0.200962747685788  0.009551877169469  0.019818615614467  0.018620040227719  0.002083175353187  0.016243428674614  0.016108879981169  0.011727180449331  0.013527133836245  0.055092509869198  0.020333466491280  0.088388347648318  0.021898866391887  0.207617506022724  0.073658712988230  0.088327102742671  0.093622558401511  0.039336161672027  0.000000000000000  0.003148761060519  1.000000000000000  0.000000000000000  0.000000000000000  0.000000000000000  0.000000000000000  0.000000000000000  1.000000000000000  0.001296645662483  1.000000000000000  0.434973676354325 
57.0    G  0.135747732040287  0.004852688600720  0.102806258589058  0.325786787340824  0.004766017618251  0.038553349056547  0.007208925723858  0.002580739073551  0.097463105326415  0.008893703352147  0.007483868892365  0.027680234971949  0.007159130036526  0.044041273598188  0.068678388598555  0.062068280964815  0.033008925792246  0.015517070241204  0.000000000000000  0.005819052590323  0.997922718999051  0.001968073750802  0.000000000000000  0.333324669272800  0.666649338545599  0.000000000000000  1.000000000000000  0.001296645662483  0.489710148793463  0.434973676354325 
58.0    V  0.303759197976254  0.081333865965121  0.038606832410217  0.019263317585372  0.068678388598555  0.012301687133894  0.005332397335489  0.096856991369896  0.004397806977097  0.053289680735497  0.044132950137024  0.004496443325499  0.003467231786209  0.005406834828326  0.000000000000000  0.058842404033825  0.018684684324627  0.170046356550744  0.000000000000000  0.011140825916907  1.000000000000000  0.000000000000000  0.000000000000000  0.000000000000000  0.000000000000000  0.000000000000000  1.000000000000000  0.001296645662483  1.000000000000000  0.434973676354325 
59.0    L  0.182630547318209  0.065516404719808  0.000000000000000  0.002070220280073  0.032374461361251  0.007747786958893  0.008850655353873  0.079439480581604  0.001970803972353  0.220064753390788  0.036423162441705  0.002859542374894  0.011398596439376  0.004066490615954  0.006684336138145  0.082755556899712  0.080158537672641  0.141806935616994  0.003316782212683  0.029790579540255  0.998614666101029  0.000000000000000  0.001620887862480  0.000000000000000  0.000000000000000  0.034363004666080  0.965936328924846  0.001296645662483  1.000000000000000  0.434973676354325 
60.0    K  0.022686848123498  0.008093615340313  0.055668306287918  0.435275281648062  0.014268722656437  0.007380836257791  0.018010724168732  0.013564691056266  0.081052472165688  0.008795613954193  0.004597291942261  0.031598502526603  0.003217152411201  0.047861187409199  0.044625124365158  0.064748922722501  0.067265007798987  0.030164594527242  0.007473501235093  0.033679160782615  0.996540262827868  0.002071655744860  0.001562422125650  0.250000000000000  0.750019494642909  0.104096971360069  0.895645670090849  0.001301147290129  0.493800430722686  0.430176315305720 
61.0    I  0.116629123942101  0.008425628372613  0.108969779942133  0.120074357994185  0.028399316139016  0.008572905762338  0.016746460352130  0.037214276542655  0.028261855548784  0.061383724703962  0.035036439938391  0.019290040732712  0.006447698504005  0.021838233935173  0.085023178275372  0.043615961378818  0.014004167180772  0.062630100317477  0.011857962913860  0.165625877130651  0.999307092990453  0.000000000000000  0.000776352784130  0.000000000000000  0.000000000000000  0.065561832973434  0.934327346883180  0.001299344766680  1.000000000000000  0.429878243121503 
62.0    F  0.005723050291451  0.004920429609170  0.001890521536902  0.006537705020964  0.332171453524128  0.000000000000000  0.014741222670240  0.040302132832996  0.011422323815625  0.171347850622463  0.055977854380678  0.005051753640185  0.007509851003037  0.022671128247409  0.069685388670481  0.003488929110753  0.019064070473003  0.040582456335309  0.005440669846363  0.181620631196421  0.996540262827868  0.000747312875890  0.002944013495231  0.071051060827251  0.929160674250913  0.365261094636419  0.634635443009902  0.001296645662483  0.488692883205403  0.431969093700139 
63.0    L  0.065335006262823  0.017836792298856  0.007416735319926  0.023980407750014  0.058964890680960  0.015261070765035  0.006024261036750  0.222364748384474  0.017253106986923  0.264071406337964  0.028915763376183  0.002871459641385  0.002186743923153  0.008240799352094  0.017836792298856  0.013849714049920  0.084377374070172  0.127273149970578  0.010716666317114  0.005244423838985  0.894404901782606  0.103880732699206  0.001846488509279  0.169340622185671  0.830470024090894  0.163912751776956  0.836246399914063  0.001308382424246  0.248101093671455  0.448444079831007 
64.0    E  0.106875272236497  0.017157700215423  0.029157280985525  0.122937759253281  0.008425628372613  0.031840349894273  0.047960815500028  0.029197729590099  0.070218743939478  0.054447137008891  0.012958117903351  0.021657341963288  0.002383008809125  0.032486857349227  0.132861959294819  0.073709787016326  0.072947381363654  0.125086673432823  0.005269931774764  0.002477326951808  0.991716730738293  0.003148761060519  0.005470923128466  1.000000000000000  0.000000000000000  0.000000000000000  1.000000000000000  0.001305664546294  0.496546247718518  0.445964259710046 
65.0    N  0.045310838527464  0.008906041192918  0.047960815500028  0.212568540016049  0.047006367230897  0.056367211148891  0.033749267494778  0.038181034427297  0.052156830072213  0.034031156729253  0.030290306779221  0.057352492644460  0.003794169904460  0.078781461973937  0.056523711097568  0.065108964313014  0.037008487870426  0.029914733068603  0.001784827051229  0.063153215405423  0.992404374685819  0.005879870107074  0.001931583821057  0.182504001331815  0.817335328488283  0.360982298880624  0.639049681601526  0.001320225422879  0.462973011263662  0.431969093700139 
66.0    V  0.019170077769591  0.005482311429840  0.002373118734189  0.005350910077990  0.032486857349227  0.004910208494226  0.002861525145725  0.259175275254930  0.000000000000000  0.295452886733591  0.025524030972188  0.000000000000000  0.000000000000000  0.004459198074714  0.010866265403984  0.002180689378872  0.020574483157176  0.306084098100051  0.000000000000000  0.003060535886521  1.000000000000000  0.000000000000000  0.000000000000000  0.500000000000000  0.500000000000000  0.341036958719839  0.658839975867070  0.001318396469846  0.497579860910041  0.450625231305415 
67.0    I  0.133786087303328  0.017481829703683  0.000000000000000  0.000000000000000  0.132769898311922  0.053660339777360  0.000000000000000  0.104821023055116  0.004480886813383  0.219607617059590  0.029339742103608  0.003619484616759  0.007228940844046  0.003287029227677  0.007473501235093  0.085023178275372  0.107917444821801  0.082240907814313  0.000000000000000  0.007124477855623  0.894404901782606  0.099718154976129  0.005715121955876  0.218241897783441  0.781869643128594  0.000000000000000  1.000000000000000  0.001411064841722  0.254546299941155  0.468136123717246 
68.0    R  0.045310838527464  0.005652089397932  0.049652150006007  0.297507924076669  0.006315006787543  0.051189793616239  0.025683755852964  0.004638904945599  0.100272645794061  0.025772923394065  0.011359160291565  0.036701936600427  0.001920902488333  0.088327102742671  0.071297732241776  0.112890813768978  0.048765342510856  0.011990203875007  0.000000000000000  0.004742948767168  0.986232704493359  0.009571760405505  0.004080608448688  0.079329430376238  0.920825697205040  0.260797148382465  0.739181215636921  0.002359995787871  0.464258426153364  0.444421340583285 
69.0    D  0.036854893508163  0.025701564647265  0.289773987976114  0.183900843231967  0.015409886007709  0.019518689463334  0.028066636652623  0.018274807250812  0.040246300922182  0.118997238562191  0.012464769372016  0.026515871928309  0.003812624065532  0.033031813767543  0.034578042284134  0.039830019603727  0.042188687035086  0.017313005435389  0.002353461552724  0.011304178795863  0.999307092990453  0.000000000000000  0.000847205749172  1.000000000000000  0.000000000000000  0.215088157652860  0.785128118673572  0.002282768063596  0.497924876547229  0.447512535463986 
70.0    A  0.562139461889309  0.028875705388963  0.004227440017679  0.000000000000000  0.002716566350996  0.018919266936727  0.000000000000000  0.010926688146394  0.000000000000000  0.068251284109103  0.004157696025208  0.004746237468379  0.007982188146205  0.011382805577328  0.002118119939147  0.184028357771022  0.067311648512066  0.022281651833815  0.000000000000000  0.000000000000000  0.988970916380931  0.001898400367151  0.008967987608242  0.333324669272800  0.666649338545599  0.000000000000000  1.000000000000000  0.002287519885193  0.496202187342909  0.455650640318571 
71.0    V  0.075519865211871  0.026024242840017  0.008899870134548  0.047497651762547  0.016573245958878  0.121413436942704  0.020474896935287  0.062283766426742  0.030543305200338  0.042629619839980  0.013640118611465  0.173739777480292  0.006862738033112  0.035971546603993  0.046359216682535  0.073251392729657  0.033842970172685  0.096856991369896  0.022577037467555  0.045091521464426  0.993781093322555  0.004343277959051  0.001904991135796  0.229728220869763  0.770037174236072  0.112500241224189  0.887611337269498  0.002313030491902  0.478304079045937  0.426613049056034 
72.0    T  0.081899587741148  0.010979833595365  0.060917476930722  0.094797971585903  0.011117683290895  0.012404436420807  0.010194960528820  0.049652150006007  0.118750047859361  0.152724137709188  0.033169475279681  0.114070686067931  0.011890885787807  0.051189793616239  0.036473690681827  0.042130241616783  0.065516404719808  0.035109371969739  0.001561339512407  0.005524271728020  0.986232704493359  0.005528102188776  0.008443167203432  0.320634150690562  0.679243142274472  0.662962880149329  0.337275633584925  0.002319452472800  0.480297431976738  0.427501088945986 
73.0    Y  0.104748391833494  0.111645731544095  0.000000000000000  0.026589491547079  0.125695072549809  0.007651721074898  0.026960667016958  0.072393300387165  0.017886315009354  0.132494097924660  0.018148573936339  0.019505164826588  0.000000000000000  0.011808749439971  0.029441602309525  0.016435965300061  0.018073252873520  0.085495956493906  0.004100455795403  0.170873431492726  0.995159721820083  0.000000000000000  0.004742948767168  1.000000000000000  0.000000000000000  0.189727406621757  0.810003473632046  0.002263859281063  0.500000000000000  0.449066186441967 
74.0    T  0.429282718218877  0.123193667117421  0.000000000000000  0.000000000000000  0.003917095452739  0.004785880202753  0.006867496569623  0.012225184089633  0.010709240663904  0.021627339313304  0.073353011142585  0.004245058056742  0.017542522219900  0.007294374569651  0.011998517732048  0.122342706299679  0.115984184558910  0.029852591761951  0.000000000000000  0.004866161779568  0.993092495437036  0.004543437662296  0.002475610394598  0.368822864270710  0.631126016056058  0.000000000000000  1.000000000000000  0.002266999832781  0.481297221550876  0.443498152576075 
75.0    E  0.027661055143111  0.009950605275988  0.032195436050627  0.158000387306601  0.004667934393972  0.014179986801831  0.048562954299003  0.092461719328052  0.134530015597975  0.049172652834598  0.023683071351725  0.051617354058483  0.011109979770213  0.072343138561883  0.152618314083642  0.033261568201667  0.032780916486717  0.036423162441705  0.000000000000000  0.014823192424070  0.986916545885842  0.007468322793701  0.005358333158557  0.189070999660495  0.811127155577043  0.090120554466264  0.910038824080899  0.002274870286071  0.469435873657726  0.437999157533563 
76.0    H  0.044842172956459  0.004992575637512  0.088695209762524  0.043404847992660  0.008379036068890  0.017481829703683  0.425431864753270  0.013480333508479  0.057432055217441  0.056328153913177  0.007982188146205  0.035896823593657  0.009759344731667  0.032917532373589  0.039637231228933  0.040302132832996  0.021717472185037  0.006254021958252  0.000000000000000  0.045248067886861  0.991029563264079  0.004900008611410  0.004083437891426  0.263705579267015  0.736113431084089  0.248445273330639  0.751580739032781  0.002266999832781  0.480963727332387  0.407253781535108 
77.0    A  0.349654020684615  0.014812921330135  0.033679160782615  0.059912464905811  0.011454037165541  0.065244495463857  0.022436632978491  0.008252231448061  0.033284631356044  0.023131457781251  0.000000000000000  0.092911436526938  0.019424213576624  0.032217759962337  0.063636574985289  0.125433968563688  0.030206440533280  0.006749517089065  0.003358423774387  0.004074955443476  0.991716730738293  0.008195229121679  0.000000000000000  0.367037659008526  0.632878296985140  0.520150133260993  0.479964630519454  0.002276447652607  0.453130969133667  0.417543959714185 
78.0    R  0.018840747307668  0.006028438183824  0.025648175275328  0.025934205799687  0.000000000000000  0.197510327965844  0.024535253708549  0.000000000000000  0.433468781757343  0.012107123921237  0.001755381106662  0.075729541276890  0.004710186826917  0.025312608551001  0.090747392493993  0.047927583114784  0.009638337264137  0.000000000000000  0.000000000000000  0.000000000000000  0.986232704493359  0.005347202394890  0.008206598000084  0.396941965465826  0.602903913845380  0.381829374490175  0.618137630460476  0.002274870286071  0.470413053756894  0.450937689191125 
79.0    R  0.024705909893873  0.015474107373954  0.002041718945713  0.017603425445270  0.002177668395953  0.015711884068726  0.019130256131253  0.003417127987913  0.160205990520024  0.007406460665068  0.004687388212395  0.002465336000219  0.005489916797682  0.006104124063846  0.639049681601526  0.041063488348418  0.007041019239147  0.019818615614467  0.003871209231500  0.002575378153305  0.987600861445373  0.011351289449776  0.001322973610826  0.170518479359919  0.829319545814442  0.299369676154732  0.700763724540373  0.002327505028465  0.458184322337676  0.435879119768531 
80.0    K  0.031120304784202  0.010187896369208  0.012216713173884  0.015155654849090  0.007447644885064  0.006740166754239  0.016243428674614  0.027393928791126  0.338916081700000  0.028517671516983  0.008054439990584  0.023568438698228  0.016447361792335  0.039172906888772  0.090873282332519  0.085436715746363  0.102237757319723  0.138696184008481  0.000000000000000  0.001674562571551  0.985549336939371  0.013331657783001  0.000885021424089  0.490729531926740  0.509445598308361  0.302708270987638  0.697371833175203  0.002338825594959  0.461691155364697  0.449689156073876 
81.0    T  0.013239569296033  0.008099227351717  0.010467059393968  0.027223568504446  0.006461120065963  0.006948898387015  0.015986522964601  0.027185854772145  0.045975210807992  0.022765611154656  0.011573748422034  0.017640068825096  0.021448194238358  0.024620433939042  0.126569350918812  0.018542762463383  0.564873607285062  0.028577034046872  0.000000000000000  0.001749307949396  0.990342871933025  0.005306587049019  0.004215735298845  1.000000000000000  0.000000000000000  0.511214265304961  0.488692883205403  0.002355093413459  0.487339815445774  0.457866843209063 
82.0    V  0.005585878852975  0.012841877926482  0.000000000000000  0.000000000000000  0.009303569135664  0.004180815228229  0.009361789229214  0.397217200048052  0.003857815865021  0.254899420749548  0.020588749245846  0.003682752093431  0.027911432886024  0.000000000000000  0.000000000000000  0.020545980628204  0.002921651871802  0.222982129855023  0.004080608448688  0.000000000000000  0.995849753094458  0.004086269296065  0.000000000000000  1.000000000000000  0.000000000000000  0.313166109656032  0.686818116714811  0.002350201222655  0.492433221447775  0.452503231441453 
83.0    T  0.040134869030920  0.014189819026899  0.049928244778072  0.046038990181765  0.010503398391817  0.016746460352130  0.009381276777228  0.040442051702589  0.068916822691807  0.033400187225344  0.098686735837569  0.114149781251499  0.003073290802162  0.069927318814732  0.021359178936591  0.085495956493906  0.255253031426798  0.016921485086343  0.000000000000000  0.005403088394574  1.000000000000000  0.000000000000000  0.000000000000000  0.250000000000000  0.750019494642909  0.211833108736530  0.788400174056278  0.002350201222655  0.498961359499525  0.468136123717246 
84.0    A  0.163458918567095  0.011654250208527  0.011948720920959  0.030905341136904  0.011792390379067  0.045122787360078  0.004729816734182  0.029400815859806  0.041091961256408  0.042071877164899  0.009545258606824  0.005013382412355  0.268129154204486  0.022250784306204  0.037059828106592  0.058072542140682  0.084085450532614  0.106137030805855  0.000000000000000  0.017518219969195  0.995849753094458  0.001192330578778  0.003075421783473  0.070072879876782  0.929804942613162  0.000000000000000  1.000000000000000  0.002359995787871  0.497924876547229  0.475659138165900 
85.0    M  0.028478165019911  0.005978503007120  0.114308136187488  0.161544103829687  0.015744590006414  0.034078366645789  0.013583508751407  0.011662331119507  0.167937928215162  0.011549706494327  0.018363692631559  0.031185084968720  0.008093615340313  0.062370169937441  0.188939991039528  0.064793818813733  0.033984012214215  0.010409178321031  0.011767894270577  0.005208197957387  0.998614666101029  0.001533453356784  0.000000000000000  0.166662334636400  0.833353207159218  0.346517471412604  0.653382626946587  0.002374764224967  0.500000000000000  0.465224828851508 
86.0    D  0.001987265023638  0.000000000000000  0.698339266233699  0.039010329653175  0.003831167984330  0.005593627895317  0.161880374856803  0.002316239256662  0.008443167203432  0.016265962463814  0.002557588716960  0.007149212250999  0.003194929916241  0.002513650873635  0.003778423162554  0.009453078822026  0.028835702895431  0.002762135864010  0.000000000000000  0.002019200656734  0.991716730738293  0.000000000000000  0.008004350179944  0.000000000000000  0.000000000000000  0.214641359109438  0.785128118673572  0.002319452472800  1.000000000000000  0.478635729097649 
87.0    V  0.011517728260087  0.005328702479997  0.000000000000000  0.004325252283142  0.027950153180706  0.000000000000000  0.002765967652763  0.333787075823977  0.003991094073103  0.140827403562160  0.081390261848064  0.000000000000000  0.004629268636491  0.004074955443476  0.000000000000000  0.014967737784730  0.010569126805080  0.346998179753898  0.000000000000000  0.006772949714958  0.997231251352069  0.002439836182917  0.000000000000000  0.156908998910330  0.843231110250112  0.447202450891303  0.552865326660134  0.002376410856707  0.472373520498603  0.463294030945185 
88.0    V  0.057711394420587  0.014710601008456  0.060622619396358  0.049721030234682  0.025755065154789  0.007134361328219  0.018801609781242  0.087899574994570  0.099029351365621  0.131396613635963  0.025790794016021  0.036803837174843  0.006456643110580  0.207042665333636  0.048562954299003  0.029584800976147  0.017849160107009  0.068678388598555  0.001351708707082  0.005076324462717  1.000000000000000  0.000000000000000  0.000000000000000  0.000000000000000  0.000000000000000  0.586011141837257  0.414085330667273  0.002337205006310  1.000000000000000  0.481297221550876 
89.0    Y  0.050660319992832  0.017652300227658  0.015134659206666  0.031620412532092  0.040134869030920  0.013830527571555  0.030522141530070  0.016573245958878  0.043045313949473  0.397217200048052  0.030755750688556  0.050871449066902  0.000000000000000  0.034125642054552  0.042896388476716  0.051438771579919  0.057671405790862  0.017385158134138  0.025559439329931  0.032963197408377  0.998614666101029  0.001277022801305  0.000000000000000  0.500000000000000  0.500000000000000  1.000000000000000  0.000000000000000  0.002368189099730  0.500000000000000  0.494828328207603 
90.0    A  0.647521499427212  0.015975445790780  0.005354620331952  0.007694269085121  0.003018400584562  0.025102937398657  0.019303416205108  0.010598471308185  0.000000000000000  0.050345268190547  0.012922240131926  0.000000000000000  0.010746420454217  0.000000000000000  0.003930694623038  0.071149626817180  0.026663315566002  0.080884103405178  0.002463627751624  0.006163647194160  0.999307092990453  0.000656462399489  0.000000000000000  0.199990032083188  0.799960128332753  0.000000000000000  0.000000000000000  0.002356726405705  0.500000000000000  1.000000000000000 
91.0    L  0.074325444687670  0.013184621814532  0.004752821713414  0.007494250932229  0.022971677131079  0.006210822273039  0.003831167984330  0.157672176103906  0.008065613558463  0.343171107813728  0.069878865685366  0.003577084712571  0.006886563733650  0.009759344731667  0.081446696835206  0.016898043179432  0.021359178936591  0.145591698308557  0.000000000000000  0.002956282798769  0.995849753094458  0.000000000000000  0.003952551566511  0.000000000000000  0.000000000000000  0.000000000000000  0.000000000000000  0.002350201222655  1.000000000000000  1.000000000000000 
92.0    K  0.034746223672410  0.019928818619977  0.048127323389754  0.127449710374774  0.006040987011370  0.030332327180298  0.034698088550895  0.022892201165802  0.147931377719071  0.006768256690626  0.005871724523694  0.038580081465423  0.007045901393611  0.067545337627459  0.312515575646302  0.040864729641774  0.020775111065339  0.009786440926751  0.000000000000000  0.018073252873520  0.976031760776225  0.003168465451473  0.020717590004667  1.000000000000000  0.000000000000000  0.000000000000000  1.000000000000000  0.002396259721199  0.488692883205403  0.492433221447775 
93.0    R  0.039554893561571  0.002993398359781  0.054863862350595  0.085200162955157  0.012140738574751  0.030948214747907  0.016356410655853  0.104893704638318  0.063946091858402  0.122257934180917  0.022749836703111  0.128692510429250  0.003849802097419  0.027565355162412  0.159430548959818  0.047104215923699  0.032039601184019  0.028855697210294  0.007535923317064  0.009017854824350  0.976708528962227  0.006551313940945  0.016816251949747  0.300409012381713  0.699792932797598  0.188286308329227  0.811689580977279  0.002409584316034  0.477310507069858  0.423079298300145 
94.0    Q  0.020603025226443  0.023067412588794  0.051617354058483  0.005644259366889  0.023535788541153  0.023357019509921  0.019832357594059  0.042985681816867  0.049138580758771  0.213602435222433  0.077858588473092  0.084435880283477  0.006546774489593  0.069492447344819  0.149270398384324  0.041579032533771  0.028915763376183  0.056250120612095  0.000000000000000  0.012225184089633  0.775930854274856  0.211833108736530  0.011932167952818  0.714992493180845  0.284795844305529  0.561749951515823  0.438302860658018  0.002389625080336  0.177021929776818  0.395020655931689 
95.0    G  0.025172634095273  0.006610614035940  0.063901783163120  0.073556671076173  0.002511909147325  0.517632461920689  0.009772883438385  0.035133716368082  0.017935975216484  0.026296233821418  0.005892109674557  0.054447137008891  0.008229383093397  0.008402299925448  0.039830019603727  0.019695365493484  0.017493951385222  0.063065727115293  0.000000000000000  0.004540289482493  0.988285651500733  0.001552705568260  0.010180837104401  0.333324669272800  0.666649338545599  0.796640096285583  0.203203900496080  0.002937897951931  0.500000000000000  0.418123199957031 
96.0    R  0.023519480428298  0.008943157504677  0.053105312446166  0.222056698960601  0.210369870571345  0.000000000000000  0.020333466491280  0.081842838942723  0.021329589341956  0.053660339777360  0.028716027608720  0.026223426159579  0.007525483547032  0.035036439938391  0.097530685021713  0.029749309640548  0.042541066140609  0.023748825881274  0.000000000000000  0.013640118611465  0.950000382874886  0.021522656974737  0.028281451965091  0.495171435966512  0.504875648798343  0.545253866332629  0.454704125900367  0.003003790686075  0.462011286223412  0.465547409915115 
97.0    T  0.021065120808392  0.000000000000000  0.129857387912208  0.084611642440779  0.007726335284226  0.045943354262158  0.026497498894786  0.021883692513863  0.025916235806701  0.029482445340480  0.009551877169469  0.046038990181765  0.225468844595562  0.026405824512891  0.087716982877442  0.070024325887136  0.078726873746712  0.036829356494115  0.021079727099058  0.005175808660333  0.967276329613932  0.006838994763236  0.026078415036107  1.000000000000000  0.000000000000000  0.666649338545599  0.333555792419442  0.003248523821777  0.497235084336607  0.422200443711891 
98.0    L  0.067311648512066  0.000000000000000  0.074480160910878  0.087838668762920  0.014761672515581  0.011117683290895  0.015271652600169  0.116952937228925  0.019383864026803  0.267016352011963  0.028125060306047  0.072695002596741  0.008807815719886  0.036982844429768  0.015865095326085  0.039554893561571  0.008955563951003  0.089933348750676  0.005636440183053  0.019330194979487  1.000000000000000  0.000000000000000  0.000000000000000  0.000000000000000  0.000000000000000  0.950000382874886  0.050275523183870  0.003237284783156  1.000000000000000  0.434371092575312 
99.0    Y  0.007139308204917  0.006116830439504  0.006155108484761  0.007683609953330  0.177144674563527  0.018287478773040  0.020775111065339  0.008777342992435  0.000000000000000  0.027911432886024  0.015549370653439  0.008899870134548  0.065880713955671  0.036625696364829  0.005628631831398  0.003264324058288  0.000000000000000  0.013030172559765  0.006848482197782  0.564482202403066  0.993092495437036  0.000000000000000  0.006702894768974  0.000000000000000  0.000000000000000  0.000000000000000  1.000000000000000  0.003520509619574  1.000000000000000  0.500000000000000 
100.0    G  0.083910781423766  0.009049162548396  0.093040328447909  0.048934643516034  0.000000000000000  0.577142708758419  0.000000000000000  0.000000000000000  0.004832548744872  0.000000000000000  0.000000000000000  0.014710601008456  0.005827125104264  0.033192474577980  0.018110874248507  0.077643017611527  0.007609408347994  0.026150820083856  0.000000000000000  0.000000000000000  0.995159721820083  0.000000000000000  0.004883055869473  0.500000000000000  0.500000000000000  0.285586561712136  0.714497069870547  0.004166350706374  0.496202187342909  0.491410299272626 
101.0    F  0.008355836624103  0.000000000000000  0.000000000000000  0.008367428306183  0.699792932797598  0.000000000000000  0.033679160782615  0.028636520146105  0.000000000000000  0.019668080836013  0.009200959293711  0.000000000000000  0.000000000000000  0.000000000000000  0.000000000000000  0.009024107691825  0.000000000000000  0.009971318506476  0.000000000000000  0.173258735706302  0.977385766410805  0.010467059393968  0.012267626854275  0.592957249705474  0.406971592535217  1.000000000000000  0.000000000000000  0.006228066222973  0.470739232270603  0.488354264481114 
102.0    G  0.106284270008024  0.000000000000000  0.130398574191232  0.064883704408941  0.014802657353114  0.204050761537725  0.045689295262501  0.008355836624103  0.029852591761951  0.005719084749788  0.000000000000000  0.058842404033825  0.019437682082789  0.026830169888680  0.000000000000000  0.144485838319350  0.112033337446176  0.028340322779161  0.000000000000000  0.000000000000000  0.966606097064973  0.033146491917757  0.000000000000000  0.426908857195622  0.573156092864189  1.000000000000000  0.000000000000000  0.011430243911753  0.490389501994276  0.498961359499525 
103.0    G  0.079992025865269  0.000000000000000  0.025934205799687  0.000000000000000  0.000000000000000  0.330334601414566  0.000000000000000  0.015964376292411  0.000000000000000  0.000000000000000  0.000000000000000  0.107842668067832  0.016527358806538  0.000000000000000  0.000000000000000  0.402762145524375  0.000000000000000  0.020545980628204  0.000000000000000  0.000000000000000  1.000000000000000  0.000000000000000  0.000000000000000  1.000000000000000  0.000000000000000  0.000000000000000  0.000000000000000  0.018376425785796  1.000000000000000  1.000000000000000 
