No:  residues  hmm_col_1  hmm_col_2  hmm_col_3  hmm_col_4  hmm_col_5  hmm_col_6  hmm_col_7  hmm_col_8  hmm_col_9  hmm_col_10  hmm_col_11  hmm_col_12  hmm_col_13  hmm_col_14  hmm_col_15  hmm_col_16  hmm_col_17  hmm_col_18  hmm_col_19  hmm_col_20  hmm_col_21   hmm_col_22   hmm_col_23   hmm_col_24   hmm_col_25   hmm_col_26   hmm_col_27   hmm_col_28   hmm_col_29   hmm_col_30   
1.0    V  0.015898120189104  0.001463866798589  0.003911668967622  0.003230560032982  0.006138066536465  0.005908468739390  0.009348820025240  0.509445598308361  0.007213924302573  0.009739071830274  0.009381276777228  0.012595044242078  0.002656974321105  0.009712106788312  0.013630667277668  0.006555856539895  0.028144561870248  0.326012683814640  0.000000000000000  0.018893057434896  0.996540262827868  0.002376410856707  0.000762486809187  0.541487522762962  0.458502021602336  0.000000000000000  0.000000000000000  0.042042725266307  0.495858365369147  1.000000000000000 
2.0    V  0.021492840908433  0.001070128678172  0.008361630456458  0.002893437105508  0.009030364894959  0.001237805197299  0.000000000000000  0.309926924984747  0.025844480263852  0.007742418463001  0.115984184558910  0.019209982300853  0.003944341006237  0.007179006902180  0.080214118597682  0.032803646363221  0.041723384477997  0.292599660368647  0.002735461564233  0.015876095984277  0.983502074026248  0.007954571873161  0.008869078923016  0.533662669019980  0.466193243218416  0.250173346865645  0.750019494642909  0.041320456410705  0.487339815445774  0.498961359499525 
3.0    I  0.009611651130868  0.004328251358847  0.000000000000000  0.007279222103944  0.017886315009354  0.004752821713414  0.000000000000000  0.777007268784049  0.001616400031403  0.055552667572911  0.018073252873520  0.026571067502006  0.000000000000000  0.002714684023130  0.008257953441886  0.004606861688520  0.001359224992023  0.056016668723088  0.000000000000000  0.004434539461508  0.982820598545251  0.003194929916241  0.013725476066224  1.000000000000000  0.000000000000000  0.541862983422390  0.458184322337676  0.039747281460737  0.497924876547229  0.492774668469685 
4.0    R  0.008832270055661  0.000000000000000  0.018453010334836  0.003484095778985  0.001259441651031  0.011171757705951  0.003817913150042  0.015431263460084  0.041006601705999  0.004812492474397  0.095391200560035  0.009705377201441  0.000000000000000  0.000000000000000  0.721964597761248  0.033702513490452  0.012762015486094  0.005013382412355  0.009868181733170  0.003293871524415  0.970634469769547  0.014926295880976  0.014318260073052  0.488354264481114  0.511568734867216  0.204759174464957  0.794985250948974  0.040442051702589  0.481297221550876  0.482299092292069 
5.0    S  0.019290040732712  0.014052786127309  0.002952187359993  0.009322935492435  0.026552656223083  0.066707833627497  0.000000000000000  0.017676788481967  0.021359178936591  0.032667503131411  0.000000000000000  0.024946824573645  0.005284563402540  0.009137403625406  0.006867496569623  0.658383461029622  0.035085044439800  0.020109206989082  0.003431369016556  0.026060345119530  0.953959550547558  0.018274807250812  0.027872766231878  0.496202187342909  0.503826880205252  0.241986756723434  0.757858283255199  0.036574957546081  0.474671060475260  0.473028823362798 
6.0    E  0.051796556530500  0.009472756398920  0.033702513490452  0.502780290199234  0.000000000000000  0.010576455305097  0.007530701622974  0.010517969291225  0.187115373349086  0.013715965587649  0.000000000000000  0.013303964183577  0.010005936416639  0.057671405790862  0.015744590006414  0.013461658745500  0.007340021478234  0.027035521580781  0.018658799798040  0.009479324689443  0.988285651500733  0.009143739386520  0.002907510263997  0.256672386430000  0.743291492215508  0.000000000000000  1.000000000000000  0.039774841727373  0.488015880388112  0.442883759551180 
7.0    N  0.002016403389616  0.002153650709119  0.025916235806701  0.008899870134548  0.005904374719985  0.007710285514733  0.020432364820887  0.027718634536005  0.046007089442756  0.001450735274083  0.002987180230240  0.765248384911334  0.002978909479016  0.005774853247163  0.013583508751407  0.033913417871306  0.012107123921237  0.002055920224042  0.000000000000000  0.013359409029562  0.983502074026248  0.006425391161816  0.010322956294205  0.800514810656303  0.199712979112287  0.848507901705896  0.151774360549381  0.036071419297401  0.493116352246680  0.440129506781575 
8.0    F  0.006332539999104  0.021255794568843  0.007593601468604  0.005508976408142  0.192242603908784  0.030691862351981  0.021582413252248  0.361483073636437  0.018198962288570  0.236514411681399  0.016379101179952  0.003122679024814  0.008961773626767  0.001154112838803  0.005920767837931  0.023666661185578  0.009999003233159  0.016053147490296  0.007360400577381  0.005904374719985  0.991716730738293  0.004971855215922  0.003589503451090  0.922742492653798  0.077213664820433  0.854409740889733  0.145289263439765  0.032803646363221  0.494485458190466  0.476979775273779 
9.0    T  0.023195680791079  0.007254037908646  0.007483868892365  0.008269409334962  0.005083366622820  0.003927971017182  0.012976094126420  0.014936645587402  0.048664043191354  0.016288527513143  0.006564951189323  0.020207014560742  0.021241066279793  0.028835702895431  0.024843289092155  0.202080217201392  0.544498507668053  0.003799433388329  0.000000000000000  0.000000000000000  0.996540262827868  0.001023693823747  0.002624030128362  0.251041885809743  0.748980467212091  0.177759676323409  0.822450068712464  0.032396909406866  0.494828328207603  0.493458272942921 
10.0    D  0.014477938467037  0.007334935525902  0.357248534935273  0.025488671666844  0.001162946141958  0.018697640050480  0.017701310707747  0.006515086279883  0.044904380517002  0.004128976720943  0.000000000000000  0.383686524000222  0.006735496445450  0.018060729789919  0.003705798106017  0.038154578520910  0.032017400719775  0.009277809891199  0.000000000000000  0.010598471308185  0.982820598545251  0.013239569296033  0.003980043736784  0.142694338390847  0.857376036634172  0.111182374192237  0.888842681166570  0.032464346978052  0.467811748915700  0.488354264481114 
11.0    N  0.008178205327926  0.000000000000000  0.025277542136304  0.007499447351866  0.000000000000000  0.007899625631651  0.013994463595170  0.013129902378645  0.020474896935287  0.003879267560301  0.040162698045918  0.733566672083662  0.002978909479016  0.016711673248207  0.004792519442398  0.058517015464656  0.033284631356044  0.001861911221266  0.004552895305213  0.003367748222725  0.944092419150250  0.011808749439971  0.044194173824159  1.000000000000000  0.000000000000000  0.203626890767554  0.796088098778780  0.030101934188130  0.483638164806966  0.478635729097649 
12.0    A  0.529976391698641  0.003271119091830  0.019818615614467  0.005839254877480  0.000000000000000  0.060496689180859  0.002855580953906  0.016209686508838  0.015071846634127  0.010510681316577  0.006815333638834  0.016816251949747  0.035280137650192  0.009752582413294  0.029076551803219  0.044656066866909  0.109879945113973  0.067639040282857  0.000000000000000  0.016142412307565  0.986232704493359  0.006262697885933  0.007499447351866  0.821880187294851  0.178006274449634  0.659753955386447  0.340328529124868  0.032712821311705  0.488354264481114  0.420739741142690 
13.0    K  0.006633564425366  0.002444914958309  0.023163547028169  0.043015487549709  0.006271385849343  0.015733680469636  0.012762015486094  0.010525262319263  0.711038705293637  0.002246663854200  0.001153313145927  0.036803837174843  0.008144263756571  0.022577037467555  0.020389921057640  0.022797192878753  0.037136972033029  0.007742418463001  0.001527089146736  0.007976657232087  0.993781093322555  0.000000000000000  0.006323767316777  0.784584097896751  0.215535886254399  0.317317721504951  0.682546858942583  0.029036271070341  0.496202187342909  0.462331639056850 
14.0    I  0.009335868787944  0.000000000000000  0.008298118644495  0.004301334367570  0.001378199065829  0.000000000000000  0.004134704667481  0.126920762608679  0.008674522137724  0.006510571930931  0.001644654206266  0.210369870571345  0.020934118787935  0.004713452811409  0.012166010797838  0.042217940141739  0.469110598250336  0.065789447169340  0.000000000000000  0.003606962151287  0.992404374685819  0.002015006209573  0.005433132701992  0.184028357771022  0.816203046150902  0.526680517977418  0.473356815618357  0.028716027608720  0.497924876547229  0.465547409915115 
15.0    I  0.003895434575594  0.002355093413459  0.000000000000000  0.000000000000000  0.008759109984598  0.000000000000000  0.009485897534336  0.816203046150902  0.007442484359718  0.032419373017675  0.012149156810665  0.000000000000000  0.002164125679424  0.007154169425142  0.008626553493462  0.014588749139302  0.017122058850745  0.022097086912080  0.003232800062805  0.032329611922466  0.981459063853479  0.010301512613222  0.008396477912934  0.450937689191125  0.549046406893525  0.398872619904516  0.601234624449089  0.027872766231878  0.480297431976738  0.474671060475260 
16.0    I  0.005933092538338  0.007026393063654  0.000000000000000  0.001743255803658  0.000000000000000  0.013012121420009  0.000000000000000  0.763129604480280  0.014268722656437  0.087656203165150  0.014988501864457  0.012293163208649  0.003919811517615  0.000000000000000  0.003716087016921  0.030819772015417  0.012031830847439  0.021702423996330  0.000000000000000  0.007894151925678  1.000000000000000  0.000000000000000  0.000000000000000  1.000000000000000  0.000000000000000  0.289773987976114  0.710053679271714  0.028735938942239  0.495858365369147  0.470739232270603 
17.0    V  0.007375722024611  0.009036626436760  0.000000000000000  0.005593627895317  0.003999401954799  0.017824433060444  0.003991094073103  0.081333865965121  0.000000000000000  0.025471010387582  0.011525714508460  0.002038890483246  0.000000000000000  0.006968191557969  0.000000000000000  0.017086491523197  0.003248523821777  0.768970415635134  0.001659541013943  0.033913417871306  0.990342871933025  0.009766111738947  0.000000000000000  0.577142708758419  0.423079298300145  0.141905262768258  0.857970530428691  0.028616677700566  0.487677730763821  0.479299719246488 
18.0    Q  0.006735496445450  0.000000000000000  0.006896117158521  0.003374758544532  0.000000000000000  0.004465384122711  0.175069540110901  0.018023212579063  0.030122806491895  0.022219959540426  0.000000000000000  0.040358042196948  0.011981895778696  0.524858341811534  0.026737344552581  0.032735503971869  0.087413505171154  0.000000000000000  0.008961773626767  0.000000000000000  0.997231251352069  0.002804579122311  0.000000000000000  0.366783336041831  0.633317126861609  0.229092161168838  0.771105412703970  0.028399316139016  0.497235084336607  0.482299092292069 
19.0    L  0.008561029425373  0.000000000000000  0.005528102188776  0.010452559021767  0.120074357994185  0.005839254877480  0.003133520181064  0.008449021589716  0.023389421668636  0.739693754624419  0.000000000000000  0.002116652278994  0.013649576498698  0.004289425053856  0.002822129683444  0.007823337935245  0.003287029227677  0.021226348196077  0.002614951673786  0.016851256745226  0.973329374158238  0.026589491547079  0.000000000000000  0.368311921454120  0.631563630922900  0.000000000000000  1.000000000000000  0.027185854772145  0.456599125005996  0.486664687079119 
20.0    N  0.028795755818709  0.002591494415229  0.037369368649254  0.018607138271328  0.003372420150681  0.002877436886360  0.018827692421794  0.019249969897590  0.124913386623807  0.006297522121039  0.014111351721122  0.552482242399956  0.008263679403269  0.006275734349664  0.014358013804360  0.018658799798040  0.047960815500028  0.039912929974856  0.000000000000000  0.034866853822655  0.993092495437036  0.005455775517451  0.001776187991798  0.198058702731242  0.802181166352486  0.054978067245152  0.944747040997206  0.027110583973502  0.493116352246680  0.486664687079119 
21.0    E  0.017886315009354  0.000000000000000  0.042718357873182  0.326012683814640  0.000000000000000  0.009439983151484  0.019011286853657  0.006254021958252  0.237171078785113  0.013489680602725  0.006358931133363  0.050906722691888  0.001945019049013  0.034530140149997  0.034458411345904  0.081786129465938  0.074998211398326  0.010806176789148  0.009355302379835  0.022671128247409  0.967276329613932  0.004862789981962  0.028027754989438  0.413225159077106  0.586824089140676  0.000000000000000  1.000000000000000  0.027318081887824  0.492092011016900  0.484980955170867 
22.0    S  0.054787857582252  0.001930245413087  0.005129379396188  0.014538275901610  0.008869078923016  0.009194583884522  0.010664794670978  0.008986655416802  0.013267128850732  0.037473122305972  0.005161478147103  0.033307710502123  0.214790188736796  0.010145614083827  0.019290040732712  0.391205890868256  0.143886186415970  0.001423837284001  0.000000000000000  0.016120049676584  0.959929261038908  0.032894723584670  0.007294374569651  0.528142812675929  0.471719125447680  0.844400887423782  0.155609279422771  0.028340322779161  0.449066186441967  0.435879119768531 
23.0    V  0.007572576694805  0.016265962463814  0.001223305115844  0.012335841979696  0.001249875404145  0.006447698504005  0.004594106446449  0.152512563784028  0.000000000000000  0.099442060469365  0.000000000000000  0.005727018582770  0.000000000000000  0.000000000000000  0.000000000000000  0.011751591807724  0.010103507280371  0.654289035727505  0.007164094087536  0.009335868787944  0.998614666101029  0.001716874142406  0.000000000000000  0.477310507069858  0.522680050102582  0.051438771579919  0.948684315140454  0.026405824512891  0.495858365369147  0.480297431976738 
24.0    V  0.046166814486955  0.000000000000000  0.014348065035952  0.228141372135863  0.000000000000000  0.017086491523197  0.009585038884795  0.023003544721378  0.133230842008493  0.016254691664406  0.005118724233822  0.111645731544095  0.034891030061955  0.082640912821411  0.065561832973434  0.042101049277053  0.090433430366908  0.056484545421943  0.003140042932590  0.020179021098474  0.993781093322555  0.000966461578530  0.005406834828326  1.000000000000000  0.000000000000000  0.000000000000000  1.000000000000000  0.026314467300263  0.500000000000000  0.481297221550876 
25.0    I  0.000000000000000  0.000000000000000  0.004610056028657  0.000000000000000  0.004930672000438  0.000000000000000  0.003277928269947  0.778085176555419  0.003199362101015  0.067032288551121  0.060329189054485  0.012551468699329  0.000000000000000  0.000000000000000  0.006992383366625  0.010488847677971  0.018945512797840  0.029462016747445  0.000000000000000  0.000000000000000  0.993092495437036  0.006606033495137  0.000000000000000  0.484644908467533  0.515484159397394  0.525586454543853  0.474342157570227  0.026534257701464  0.487002134271620  0.473356815618357 
26.0    N  0.003235041645838  0.009820416988452  0.017074652173452  0.033679160782615  0.001658391106341  0.008437316873694  0.024097044146999  0.044563303667629  0.019130256131253  0.008132981231907  0.003197145240589  0.514770041716999  0.002231145013376  0.008321157839011  0.008229383093397  0.031336763621909  0.203768083100656  0.041665583659100  0.000000000000000  0.016527358806538  0.995159721820083  0.002033245307977  0.002883426573599  0.647072827241427  0.353063601096189  0.466839972457657  0.533292890415882  0.026241609154504  0.498615625676035  0.488015880388112 
27.0    C  0.008838394240984  0.911301280637141  0.000000000000000  0.000000000000000  0.003096813033634  0.003332914445750  0.000000000000000  0.007264101114165  0.000000000000000  0.010244546986060  0.000000000000000  0.000000000000000  0.000000000000000  0.000000000000000  0.009361789229214  0.010237448467643  0.000000000000000  0.030500992524257  0.000000000000000  0.005928981456930  0.986232704493359  0.006820059305733  0.006924857024960  0.129857387912208  0.869947352708651  0.337275633584925  0.662962880149329  0.024637505439259  0.485653747770817  0.488692883205403 
28.0    T  0.015166163590149  0.006610614035940  0.000000000000000  0.027167017502813  0.008783429092020  0.002335585540578  0.007823337935245  0.123964591342287  0.038526635170744  0.007726335284226  0.014947002470186  0.015733680469636  0.023947186878247  0.021898866391887  0.044010757091003  0.035182455816774  0.561749951515823  0.039664715188119  0.000000000000000  0.004664699949510  0.990342871933025  0.006474569566312  0.002845701394332  0.199990032083188  0.799960128332753  0.206612579538553  0.793333843191143  0.025033433674676  0.490729531926740  0.482968164462423 
29.0    R  0.005750886180344  0.000000000000000  0.017217267435572  0.012473412286823  0.003462428512480  0.026923317491001  0.000000000000000  0.008373230176065  0.014082038478294  0.000000000000000  0.002121058313129  0.002596888883167  0.000000000000000  0.017664540111322  0.840896415253715  0.029137077701151  0.012542771698687  0.003268852510482  0.000000000000000  0.003770574315905  0.996540262827868  0.002168630534431  0.001597464958121  0.333324669272800  0.666649338545599  0.000000000000000  1.000000000000000  0.025102937398657  0.499307333050514  0.481964903870322 
30.0    P  0.007499447351866  0.000000000000000  0.003024683702552  0.011033237534256  0.002364908367091  0.003770574315905  0.007284269425288  0.002937897951931  0.027795593548059  0.025295069267107  0.000000000000000  0.001832463274415  0.814507563070215  0.002013609997646  0.014751444049223  0.013830527571555  0.051868411599374  0.007609408347994  0.000000000000000  0.002351830822718  0.966606097064973  0.018893057434896  0.014720801154763  0.617709318563465  0.382359069470692  0.698339266233699  0.301660979930191  0.025172634095273  0.471719125447680  0.477972658796871 
31.0    N  0.014915953345933  0.011816937478781  0.016288527513143  0.008999122205854  0.018517074545962  0.257920794825340  0.024046987815013  0.009017854824350  0.006420938963241  0.010075533208249  0.000000000000000  0.322417062663971  0.013267128850732  0.020305297850866  0.010488847677971  0.138120560599989  0.027834153143959  0.003991094073103  0.011940441568478  0.073658712988230  0.978063473447339  0.021314809919990  0.000485581137047  0.352330188785505  0.647521499427212  0.680657058249737  0.319303439798847  0.024535253708549  0.459456441739525  0.470087101254563 
32.0    N  0.007641120886307  0.000000000000000  0.023019495090883  0.007489058113226  0.002703417414163  0.009322935492435  0.013994463595170  0.016561762240583  0.037917298757772  0.004201149962724  0.001985888033773  0.724471077277439  0.008149910886952  0.037059828106592  0.014358013804360  0.031664278129971  0.038553349056547  0.004819168632068  0.000000000000000  0.015887104270187  0.984184022033800  0.009847682746742  0.005990947889348  0.416099367355762  0.583579050909234  0.706127202192377  0.293819082104943  0.024843289092155  0.485317234884773  0.467487598875728 
33.0    N  0.005030787615273  0.000000000000000  0.008602668735140  0.008015454260446  0.007036140467562  0.004869535915137  0.011454037165541  0.035158077646525  0.108668070011253  0.017935975216484  0.009322935492435  0.603740295743248  0.006284440397984  0.031336763621909  0.043404847992660  0.024450368179266  0.042777619159120  0.004680894614607  0.000000000000000  0.027318081887824  0.988285651500733  0.006555856539895  0.004923841373371  0.452189688780544  0.547905883223845  0.576742802530011  0.423372656181264  0.024569290379385  0.481964903870322  0.475000191437443 
34.0    T  0.012577595900330  0.002036065939143  0.005347202394890  0.020890632740705  0.000000000000000  0.003188293149027  0.002789070272822  0.047071577082307  0.056995822844986  0.010173782731008  0.004262749519746  0.001369628174455  0.005723050291451  0.026187097958373  0.028676246322230  0.057035343033966  0.666187412546011  0.017713584574663  0.000000000000000  0.031840349894273  0.987600861445373  0.009400804890621  0.002769804757186  0.156149515706672  0.843815796130018  0.212715932376635  0.787307976569203  0.024654588776640  0.482633512435878  0.482299092292069 
35.0    R  0.008437316873694  0.002355093413459  0.003150944371961  0.021702423996330  0.002013609997646  0.020775111065339  0.018478609378815  0.077428043611494  0.072443496994028  0.008496003053554  0.005451995172352  0.002999629433012  0.000000000000000  0.016933218231950  0.577943353277399  0.030905341136904  0.020053529649420  0.101180277068426  0.004044003608755  0.005065779510356  0.987600861445373  0.007927051145163  0.004379554992299  0.784040454075739  0.215984546850069  0.386087566545892  0.613867841957530  0.024671683959392  0.487002134271620  0.483303048532487 
36.0    K  0.009220112057314  0.000000000000000  0.002311427776860  0.036549614501623  0.000000000000000  0.023748825881274  0.006254021958252  0.027508094173848  0.382094130191292  0.016550286479436  0.000000000000000  0.021329589341956  0.004385630554975  0.124481219136807  0.178996092650143  0.017935975216484  0.112266546610492  0.034578042284134  0.000000000000000  0.001777419578283  0.978063473447339  0.006293158523818  0.015777364024948  0.792234810924969  0.207905524593727  0.308213081365952  0.692074858025740  0.024484287092167  0.484309094613314  0.478304079045937 
37.0    S  0.008361630456458  0.006560402288626  0.017579038823263  0.040978187944239  0.000000000000000  0.141512362763834  0.005076324462717  0.015082297263621  0.051154323849425  0.000000000000000  0.003857815865021  0.034291623049351  0.036906020669673  0.026497498894786  0.105257869201052  0.442576882289773  0.022097086912080  0.030777076340486  0.003884649096380  0.007662335968661  0.983502074026248  0.016561762240583  0.000000000000000  0.226722582233286  0.773246337455317  0.264071406337964  0.736113431084089  0.024808872841614  0.475659138165900  0.461691155364697 
38.0    I  0.004883055869473  0.005168638437141  0.002165626257037  0.001011701917539  0.010438078737423  0.001587530472626  0.007421877991210  0.513700719689482  0.003611965930132  0.056759276107594  0.045185384204555  0.005827125104264  0.000000000000000  0.001864494168242  0.016607744911852  0.001539844089954  0.070511383591032  0.205897754316893  0.003410029652866  0.042629619839980  0.991029563264079  0.008596707885673  0.000475258483476  0.628942485918009  0.371130892657262  0.542990928161147  0.456915725114700  0.024981432198515  0.484980955170867  0.463615273217731 
39.0    H  0.007314626933082  0.005754873772721  0.002622211919493  0.005302910077656  0.003262062185267  0.053996136712517  0.250694108975269  0.017787406704295  0.032374461361251  0.030374405874417  0.004154815128489  0.031598502526603  0.067125279476258  0.047038960856596  0.211833108736530  0.065698306817982  0.126218912199586  0.016401823181610  0.002695932330853  0.017799740269096  0.972654947412286  0.016064278541501  0.011573748422034  0.498270131413934  0.501735874254751  0.404160434402784  0.595841287287023  0.024791682599723  0.465224828851508  0.478304079045937 
40.0    I  0.013984766733250  0.004066490615954  0.006301888743923  0.002333967196986  0.028379638053797  0.004910208494226  0.002618579280430  0.566049451055337  0.000000000000000  0.130670012525646  0.070560275300383  0.005766853147199  0.003505898635419  0.004742948767168  0.032419373017675  0.033400187225344  0.036096430767300  0.026132699997314  0.002305028014329  0.025844480263852  0.970634469769547  0.023601134149419  0.005636440183053  0.504875648798343  0.495171435966512  0.485653747770817  0.514413353946788  0.024723040662045  0.462011286223412  0.474671060475260 
41.0    G  0.057871626407958  0.000000000000000  0.015250496262129  0.006615197752832  0.000000000000000  0.784040454075739  0.007604135735611  0.005794902085317  0.001434734993436  0.003775805066660  0.035109371969739  0.007796271242180  0.000000000000000  0.003687861012306  0.037812315288103  0.010416395914775  0.008728805766189  0.011033237534256  0.002929763650949  0.000000000000000  0.995849753094458  0.002909526295162  0.001566760090532  0.807760777609608  0.192242603908784  0.676424115525137  0.323536413620713  0.024740183308477  0.483638164806966  0.476318999021969 
42.0    P  0.042985681816867  0.000000000000000  0.002353461552724  0.000000000000000  0.002472180847598  0.008367428306183  0.002472180847598  0.005266280202098  0.007154169425142  0.018262144508769  0.000000000000000  0.008899870134548  0.702222437868999  0.034386831542692  0.043797732783773  0.052628934600526  0.060622619396358  0.002164125679424  0.004072131878286  0.001934263421744  0.917004043204671  0.007823337935245  0.074894313833714  0.723467442935263  0.276816146121071  0.000000000000000  1.000000000000000  0.024757337841405  0.487677730763821  0.490049707670935 
43.0    G  0.013630667277668  0.003400588137875  0.015865095326085  0.012327294388320  0.000000000000000  0.821310700752066  0.000000000000000  0.004004950148002  0.004277548714037  0.006958538285990  0.008992886650998  0.005597506446770  0.006492545793700  0.011759740214149  0.056328153913177  0.013687473672924  0.010033717257730  0.002999629433012  0.002073092204980  0.000000000000000  0.967276329613932  0.010724097119179  0.022066475068512  0.728499556949005  0.271307342970452  0.657471380102535  0.342695701244926  0.026979361205450  0.487339815445774  0.379981214100379 
44.0    R  0.015832139064986  0.002881428627115  0.007828762539685  0.007609408347994  0.003431369016556  0.021211640310625  0.018211581220852  0.018827692421794  0.044594203303684  0.067920928907879  0.074894313833714  0.010265872087104  0.012577595900330  0.353798540081664  0.267201497802752  0.021792869786725  0.036322315859941  0.006740166754239  0.001983136915761  0.006036801169125  0.977385766410805  0.017337023001060  0.004964967536350  0.511923450214221  0.488354264481114  0.842646829503152  0.157453747493425  0.025826572442319  0.452503231441453  0.433168428200044 
45.0    A  0.391477148128271  0.002433080889784  0.008765183441644  0.009439983151484  0.011517728260087  0.010941846256931  0.005574275412960  0.026644840367749  0.026150820083856  0.031445556984306  0.006730829372750  0.005794902085317  0.012700243781005  0.004524581274198  0.025016087833009  0.077428043611494  0.170755032094299  0.163458918567095  0.002527628231412  0.006684336138145  0.983502074026248  0.002027615762779  0.014140725982545  0.500000000000000  0.500000000000000  0.385285554179204  0.614719433627290  0.023357019509921  0.498270131413934  0.481630947010074 
46.0    F  0.004325252283142  0.001833733881475  0.000000000000000  0.003010043392025  0.562529242344405  0.001262063311169  0.006176477473468  0.059333882559407  0.010598471308185  0.138024855895387  0.007758535120602  0.000000000000000  0.003172860923267  0.001493590115120  0.002263859281063  0.022592692102277  0.003043611639299  0.040134869030920  0.081559684230560  0.050730598811080  0.980779003988551  0.011767894270577  0.007593601468604  0.383154990051946  0.616853584904748  0.681129017320244  0.318861097919636  0.023666661185578  0.462331639056850  0.456915725114700 
47.0    Y  0.003731573970244  0.020631606890859  0.003542540347395  0.000000000000000  0.082297932628703  0.003161883658388  0.074894313833714  0.019613624863791  0.000000000000000  0.047728671811272  0.006197920649931  0.006905683836435  0.000000000000000  0.013611784252223  0.014082038478294  0.022189177477241  0.007294374569651  0.019249969897590  0.006853230849475  0.647970482716667  0.928516852306729  0.005616939581433  0.066109435226152  0.864537231307865  0.135278080565714  0.301243078748697  0.698823485925533  0.023519480428298  0.493458272942921  0.475329550614909 
48.0    T  0.402204185470958  0.030416542942445  0.006020086784050  0.005211809256554  0.000000000000000  0.023470623858452  0.013322420183874  0.007391075365044  0.024998754010399  0.008269409334962  0.003346804510815  0.047398985792951  0.005924873224119  0.010012874407502  0.055207190717592  0.136124626917013  0.178872065002864  0.017603425445270  0.000000000000000  0.024332021595677  0.944747040997206  0.004044003608755  0.051048061944376  0.561360711036804  0.438910898804760  0.860352630611440  0.139564120247822  0.023699492896476  0.480963727332387  0.386891248385597 
49.0    T  0.063022028430912  0.004322255285517  0.007463147940488  0.011597840395539  0.001988642968290  0.035109371969739  0.010194960528820  0.041377778449856  0.015744590006414  0.005291894443302  0.059005776196891  0.044470733163581  0.021152910610195  0.037447156916857  0.040610595701733  0.041579032533771  0.550189304683069  0.008015454260446  0.000000000000000  0.001405208574229  0.852634891767957  0.018287478773040  0.129318447689864  0.315344352207812  0.684916489982783  0.587230985606827  0.412652704256329  0.025559439329931  0.470413053756894  0.405563577788521 
50.0    G  0.036171569280941  0.000000000000000  0.053363607149453  0.065926394816754  0.000000000000000  0.510506062853597  0.015679246070461  0.002627670329144  0.052374195916747  0.025719385789960  0.000000000000000  0.026497498894786  0.010387555532670  0.053511767784154  0.061554152680972  0.047464740306704  0.029076551803219  0.005310266569948  0.000000000000000  0.003841804976665  0.908778116448520  0.030500992524257  0.060412881066561  0.493458272942921  0.506277403675246  0.721464343430814  0.278548412704833  0.026387527731993  0.454704125900367  0.299992845593304 
51.0    E  0.068964608752622  0.013175486097658  0.256672386430000  0.132954084111648  0.005211809256554  0.066893043651664  0.020305297850866  0.032712821311705  0.085141127165031  0.034626010870779  0.001668769025175  0.062283766426742  0.035847094507068  0.055207190717592  0.046327094056339  0.029523345031163  0.028975954576108  0.017457611532378  0.001646935762207  0.004443770421377  0.951977908497532  0.038687196588670  0.009335868787944  0.416099367355762  0.583983697306559  0.513344772859999  0.486664687079119  0.027280237222930  0.451250363731215  0.359484133211739 
52.0    I  0.008955563951003  0.005440669846363  0.007089993400915  0.002168630534431  0.002927733597179  0.010373165299863  0.011485838565539  0.658383461029622  0.017762765206813  0.034267862143372  0.010657404959995  0.025719385789960  0.014978116226453  0.011257263662796  0.023486898094774  0.008626553493462  0.020179021098474  0.102948877158447  0.000000000000000  0.023211764385325  0.959929261038908  0.029831906691866  0.010194960528820  0.329648403623092  0.670356295790168  0.580351957191860  0.419574818553271  0.025719385789960  0.436181352885379  0.414372452243996 
53.0    I  0.016700093612672  0.002141741383961  0.003664926548831  0.025755065154789  0.004749528449934  0.029299096764285  0.008235089244459  0.475988954248766  0.035500914524584  0.043980261728919  0.012534080724258  0.068678388598555  0.004189518034445  0.010679589468295  0.020531744174209  0.017361073885236  0.105257869201052  0.090747392493993  0.003219383144349  0.020832791829550  0.946713631236714  0.050906722691888  0.002229599037357  0.314253343630457  0.685866644295299  0.625898229326997  0.373971439590597  0.024740183308477  0.417543959714185  0.423666217473059 
54.0    G  0.004391714546010  0.000000000000000  0.013897796774030  0.020123150461091  0.000000000000000  0.712518807074392  0.005912565597537  0.010738974184156  0.045531222309313  0.006121071773042  0.000000000000000  0.030522141530070  0.009252121967607  0.004883055869473  0.060917476930722  0.040246300922182  0.025382887386132  0.004250947037777  0.005376935943714  0.000000000000000  0.963261894020148  0.019586453444386  0.017145811524676  0.215535886254399  0.784584097896751  0.593779833036705  0.406407800992160  0.024315161767357  0.470739232270603  0.468136123717246 
55.0    D  0.010716666317114  0.000000000000000  0.512633618944297  0.026700304402804  0.001117120091019  0.054598305994793  0.015603354157829  0.029769937438873  0.046455718263469  0.009188212892898  0.000000000000000  0.176899270040832  0.002863509291385  0.003996630741150  0.052446852319159  0.025665959398502  0.015187202937209  0.009766111738947  0.000000000000000  0.006394290481178  0.969961910341735  0.022749836703111  0.007546377569725  0.365767805176082  0.634195699662934  0.346517471412604  0.653382626946587  0.023486898094774  0.467487598875728  0.462652214018926 
56.0    I  0.007704943003854  0.000000000000000  0.007203930608692  0.000000000000000  0.011670417633690  0.006546774489593  0.005982648426150  0.623732785957023  0.010731533073669  0.055283777208221  0.037629293163482  0.022639721164920  0.045185384204555  0.004394759705816  0.007949060094552  0.050942020775164  0.051403129294529  0.015388538170243  0.003221615424258  0.032352028870043  0.995849753094458  0.001578751696886  0.002386314651706  1.000000000000000  0.000000000000000  0.046007089442756  0.953959550547558  0.023535788541153  0.499653546495226  0.465224828851508 
57.0    R  0.006189334460351  0.000000000000000  0.008431470597691  0.006506060710004  0.007541148631811  0.022051185053261  0.000000000000000  0.028066636652623  0.110797712399358  0.001798487689854  0.010828670981644  0.005482311429840  0.000000000000000  0.008543245761599  0.738669031791280  0.022592692102277  0.011063870611051  0.007657026682358  0.002446610231688  0.001334023688237  0.987600861445373  0.000000000000000  0.012318752719629  0.000000000000000  0.000000000000000  0.305660069423017  0.694477567882555  0.023633874957562  1.000000000000000  0.465224828851508 
58.0    Q  0.028478165019911  0.000000000000000  0.016042024151875  0.037996227599472  0.000000000000000  0.013792234317041  0.006726165533898  0.020137103601328  0.227825320159285  0.018198962288570  0.003005873476877  0.011461979251307  0.017948411796829  0.427501088945986  0.100760353936621  0.016968466505036  0.022718320583130  0.014598864795050  0.001280568373257  0.014377932041014  0.997231251352069  0.001009600328367  0.002100574981362  1.000000000000000  0.000000000000000  0.592135805926816  0.407818746669505  0.023617498879941  0.476318999021969  0.448755025333631 
59.0    A  0.788946840852465  0.002791004179182  0.005486112795852  0.005055256462824  0.002593291324966  0.032940356977836  0.015092755139451  0.004137571619859  0.020165038913309  0.001700294068938  0.007662335968661  0.000000000000000  0.029380443828410  0.008537326086726  0.015975445790780  0.021211640310625  0.016968466505036  0.009335868787944  0.000000000000000  0.011808749439971  0.985549336939371  0.012806321994336  0.001521805819649  0.306721244313451  0.693515484565693  0.573553512113083  0.426613049056034  0.023003544721378  0.476649272644080  0.476649272644080 
60.0    H  0.011759740214149  0.015953314464175  0.003982803449212  0.004016069635375  0.044255482444204  0.014457881688091  0.407818746669505  0.010858736092518  0.008235089244459  0.018620040227719  0.012065236454559  0.022655419263732  0.010416395914775  0.024620433939042  0.042926132294676  0.014874654820274  0.027565355162412  0.003991094073103  0.037188490509584  0.263522855822684  0.989656656415207  0.003266587499664  0.007080171392714  0.355273010795340  0.644834125327943  0.254193668322989  0.745872013345733  0.022971677131079  0.493800430722686  0.487002134271620 
61.0    C  0.016097718025314  0.863339558574412  0.000000000000000  0.000000000000000  0.006070369287375  0.007099829034754  0.004719991575742  0.015975445790780  0.002421304101443  0.026350972195316  0.008918396149428  0.003549914517377  0.002634965887382  0.007006938747359  0.005251699195909  0.013359409029562  0.000000000000000  0.010547171758771  0.004964967536350  0.001945019049013  0.986916545885842  0.010957025395644  0.002221885210688  0.311650298568774  0.688247800795349  0.347479554960584  0.652477473844479  0.023470623858452  0.479964630519454  0.481630947010074 
62.0    N  0.003596975379707  0.015409886007709  0.011117683290895  0.095523532547823  0.009472756398920  0.012438876543418  0.025418099941629  0.032106294980593  0.070805242830987  0.003624505767466  0.014170161389580  0.441657525740733  0.001184915586180  0.030755750688556  0.038075320739850  0.034386831542692  0.098005056759467  0.031620412532092  0.024046987815013  0.006583178355493  0.988285651500733  0.000914962350461  0.011063870611051  0.066661611301985  0.933032991536807  0.079604842207906  0.920187650624875  0.025790794016021  0.499653546495226  0.483303048532487 
63.0    L  0.002378058630201  0.011117683290895  0.006515086279883  0.005093948184604  0.064659223844932  0.003436129202822  0.006848482197782  0.411225034356232  0.004044003608755  0.101461197622160  0.012525395771866  0.011048543456040  0.004710186826917  0.008195229121679  0.001413022349483  0.019209982300853  0.011493802701998  0.241986756723434  0.003186083958356  0.069444295540943  0.953298545288159  0.014823192424070  0.032173127607312  0.153786418093893  0.846158596600290  0.319082192207238  0.680657058249737  0.027110583973502  0.476979775273779  0.468136123717246 
64.0    S  0.004543437662296  0.003129179209334  0.021853376292788  0.010873799936180  0.008116086744513  0.020560226953578  0.004140440560146  0.017229205672952  0.022219959540426  0.018453010334836  0.006172197748933  0.317097849831467  0.000947228428068  0.016470178488918  0.015766431778823  0.447822835045425  0.043676467870346  0.017241152188156  0.000000000000000  0.003639611051972  0.969961910341735  0.021021362633154  0.008783429092020  0.178253214670518  0.821880187294851  0.574747424017338  0.425431864753270  0.028996046139728  0.464258426153364  0.421907898065009 
65.0    R  0.046359216682535  0.013830527571555  0.009739071830274  0.075467536967906  0.002155144023519  0.274332984394811  0.002345319194307  0.021702423996330  0.168404197108211  0.002501484104160  0.003619484616759  0.016504462896123  0.002384661157557  0.015409886007709  0.213454428597811  0.042393885232740  0.041521431690516  0.037111239564794  0.004610056028657  0.006189334460351  0.955945317593742  0.001973537981419  0.042217940141739  0.200128702664076  0.799960128332753  0.169810785568618  0.829894585589983  0.027469986278493  0.488015880388112  0.430773079856009 
66.0    E  0.153254357506645  0.002088959156026  0.017385158134138  0.068916822691807  0.001725224709925  0.065289735179014  0.001972170503119  0.020319377289820  0.092782723164316  0.012370091654239  0.000000000000000  0.016711673248207  0.011304178795863  0.026718818059124  0.022158438057492  0.081899587741148  0.382624192455667  0.014608987464866  0.002322670146490  0.005365766536834  0.993092495437036  0.004710186826917  0.002335585540578  0.500000000000000  0.500000000000000  0.678772489940003  0.321078952247356  0.029605314706227  0.489370825198718  0.380772184925815 
67.0    H  0.052921582022658  0.001919571481534  0.101390894447130  0.197647279150986  0.004799167892366  0.022592692102277  0.018023212579063  0.009665097489744  0.219455449402380  0.015592542484360  0.001607461611872  0.118914784541475  0.004370457425921  0.098618355106558  0.045310838527464  0.014467906601989  0.040666932982560  0.012516716837338  0.009624984948795  0.009875024206663  0.984866442895551  0.005168638437141  0.009651708102554  1.000000000000000  0.000000000000000  0.201381072762188  0.798298386356650  0.027546254934599  0.493800430722686  0.454704125900367 
68.0    W  0.007375722024611  0.009413846210897  0.000000000000000  0.004759415092481  0.015527829583165  0.021359178936591  0.000000000000000  0.004074955443476  0.004575039770386  0.015832139064986  0.026387527731993  0.014978116226453  0.000000000000000  0.001840100144345  0.007699604194839  0.010753871887427  0.001718064601411  0.001842652833780  0.846745312362527  0.004920429609170  0.986916545885842  0.000205012571520  0.012603777487846  1.000000000000000  0.000000000000000  0.393108646070166  0.607097442197523  0.027661055143111  0.497579860910041  0.447512535463986 
69.0    N  0.004508927412175  0.006726165533898  0.039118639332937  0.104675810938553  0.002548740132205  0.038446604523473  0.019090517213648  0.024097044146999  0.090936292727172  0.001597464958121  0.006963363249195  0.437392382452911  0.000000000000000  0.011079219028746  0.047728671811272  0.039500096826650  0.078454499455165  0.011581773514085  0.009624984948795  0.025970183174801  0.993781093322555  0.002015006209573  0.004013286872574  0.112578247480991  0.887611337269498  0.220828762870366  0.779164579660500  0.027776333786455  0.489710148793463  0.449689156073876 
70.0    N  0.031686233743438  0.009232902710425  0.083100444261357  0.163799175482295  0.001715684508278  0.036171569280941  0.002950141768677  0.014437852694482  0.215685336135664  0.008820034412548  0.010089510549237  0.199574596589162  0.011265069308283  0.056523711097568  0.054447137008891  0.022702578899553  0.057432055217441  0.010716666317114  0.003672555478551  0.005974360460480  0.998614666101029  0.000000000000000  0.001205627545794  0.000000000000000  0.000000000000000  0.181369025979272  0.818469181590804  0.027718634536005  1.000000000000000  0.455334916795989 
71.0    T  0.211686328090632  0.003440895992684  0.004419197120492  0.000000000000000  0.010919116967586  0.010322956294205  0.015755507107728  0.029831906691866  0.020731955321831  0.014578640492763  0.038260512262506  0.030185510278901  0.012525395771866  0.003515632538256  0.008229383093397  0.035673584597712  0.510860041357151  0.033984012214215  0.000000000000000  0.005277242517717  0.995849753094458  0.003960779217930  0.000000000000000  0.374230746698173  0.625898229326997  0.173980798978888  0.825877664935720  0.027699428099840  0.496546247718518  0.458502021602336 
72.0    L  0.004540289482493  0.003614470422023  0.002010820475457  0.000000000000000  0.064212589961185  0.003433748284812  0.001930245413087  0.041320456410705  0.022189177477241  0.720464874418961  0.033353916813749  0.003001709338453  0.005406834828326  0.001497736972337  0.007998803909597  0.019316800951890  0.010957025395644  0.019668080836013  0.020977695355942  0.013936383115939  0.986232704493359  0.012473412286823  0.001443713311791  0.796640096285583  0.203203900496080  0.032128557083002  0.967947026893737  0.027374947345848  0.481964903870322  0.465547409915115 
73.0    R  0.005048253244678  0.000000000000000  0.017157700215423  0.075362989230673  0.006328152137750  0.035871950432969  0.042393885232740  0.015282241772615  0.293208737307970  0.037707622491274  0.002238890987751  0.049617745683228  0.006997231797585  0.234230361718106  0.080436827956329  0.016288527513143  0.042276507220321  0.000908642243851  0.006310631075075  0.032173127607312  0.989656656415207  0.010591127553125  0.000000000000000  0.589678296130608  0.410370804405249  0.700763724540373  0.299369676154732  0.027431931175297  0.484980955170867  0.465224828851508 
74.0    Q  0.013461658745500  0.007421877991210  0.021152910610195  0.103593113060999  0.000000000000000  0.032084048303750  0.017960857000542  0.002598689533361  0.163799175482295  0.038606832410217  0.004616451355212  0.045975210807992  0.011257263662796  0.396941965465826  0.084143754329799  0.015549370653439  0.015887104270187  0.008484233252518  0.005855467194358  0.010517969291225  0.974004268543241  0.019437682082789  0.006465600125611  0.049309177553279  0.950659101229818  0.000000000000000  1.000000000000000  0.026830169888680  0.465870214652387  0.490389501994276 
75.0    I  0.020193012978711  0.003148761060519  0.002843729587889  0.012115518849172  0.006891338790603  0.040470093714201  0.000000000000000  0.151039730423743  0.006656594492772  0.031077192771038  0.007905103133023  0.008674522137724  0.009545258606824  0.013066349998657  0.004792519442398  0.007139308204917  0.071992977646835  0.581963267201068  0.003873893479446  0.016816251949747  0.993781093322555  0.006443230848516  0.000000000000000  0.862741344542656  0.137261601723381  0.161768206810357  0.838568184440931  0.026774436086518  0.487002134271620  0.454704125900367 
76.0    V  0.365514362100008  0.000000000000000  0.000986768990710  0.014680042956469  0.004502681042183  0.038313589376661  0.009374776424791  0.020025748815003  0.116952937228925  0.031928752584822  0.006688970973019  0.007598866776658  0.009766111738947  0.012242143546083  0.033169475279681  0.082583650353642  0.080436827956329  0.163119368461120  0.000000000000000  0.002224967533637  0.986916545885842  0.000000000000000  0.012940166583352  0.000000000000000  0.000000000000000  0.087413505171154  0.912565488543452  0.026830169888680  1.000000000000000  0.462011286223412 
77.0    I  0.070952631384129  0.010308655552913  0.022955759894974  0.251913440102626  0.000000000000000  0.051796556530500  0.006215128779335  0.063724855187387  0.186080656895817  0.014812921330135  0.006193626067268  0.029977003728915  0.010783729323411  0.056995822844986  0.043134917293645  0.042101049277053  0.098823639575493  0.024214247842474  0.001352645964952  0.007662335968661  0.986232704493359  0.006853230849475  0.006606033495137  0.619424348891954  0.380772184925815  0.313383255110173  0.686342215627455  0.026960667016958  0.486664687079119  0.445346450303340 
78.0    K  0.043919334381460  0.000000000000000  0.000000000000000  0.076733480244691  0.000000000000000  0.001226701544085  0.009011606289531  0.020818356642063  0.469435873657726  0.021642335439233  0.000000000000000  0.017039183322895  0.006057759424586  0.148753962038334  0.087231922757635  0.014437852694482  0.060833085884890  0.013508394239185  0.000000000000000  0.009355302379835  0.989656656415207  0.003980043736784  0.006328152137750  0.559806444327120  0.440129506781575  0.073863221683398  0.925946022527324  0.027129382112533  0.493800430722686  0.454074208860755 
79.0    L  0.005516618767128  0.002595089480657  0.004619652344704  0.000000000000000  0.029096713119695  0.004667934393972  0.004289425053856  0.086869888740146  0.015854102290326  0.699792932797598  0.008765183441644  0.008390659934532  0.000000000000000  0.002071655744860  0.011630041055989  0.013120804577252  0.005524271728020  0.018658799798040  0.012735505193791  0.065880713955671  0.980099415341871  0.015431263460084  0.004578212045604  0.291385299533640  0.708578698254108  0.223291463088190  0.776468875001040  0.026998068356259  0.468136123717246  0.447822835045425 
80.0    R  0.036676505571292  0.000000000000000  0.002158133759375  0.051438771579919  0.001707380117989  0.109879945113973  0.007243988644027  0.029894004940371  0.210078438058320  0.092397651954615  0.002950141768677  0.036448417805890  0.009691932013401  0.050310383601320  0.258816230960344  0.027527167941468  0.028775803037658  0.034410674940561  0.000000000000000  0.009624984948795  0.993092495437036  0.007179006902180  0.000000000000000  0.461371246326899  0.538866572521835  0.101040108600696  0.898755126611030  0.026886019706607  0.490729531926740  0.452816991508911 
81.0    E  0.012098734810207  0.000000000000000  0.053215856734309  0.349411742962767  0.005429368046259  0.054711958105891  0.004825854051277  0.003062658023733  0.258636895379727  0.012586317047637  0.000000000000000  0.051617354058483  0.004677651189918  0.036727385263118  0.049928244778072  0.048060650977196  0.033796086358863  0.011800567074710  0.002655133284974  0.006712193398025  0.947370070599268  0.014629253866164  0.038207508677877  0.309712174445977  0.690158676698315  0.307572836187786  0.692554734055462  0.027054267672489  0.474342157570227  0.454704125900367 
82.0    Q  0.010576455305097  0.000000000000000  0.003289308412533  0.024757337841405  0.015788303851356  0.000000000000000  0.262975444800968  0.056367211148891  0.051438771579919  0.154427329640866  0.007385954037115  0.033655824256033  0.011694710834318  0.150517172653927  0.022173802440631  0.031554728049896  0.065880713955671  0.015876095984277  0.000000000000000  0.081672828368323  0.967276329613932  0.024981432198515  0.007753159177233  0.351354675051680  0.648869383469592  0.571173123424273  0.428688018317086  0.027699428099840  0.458819941155683  0.421907898065009 
83.0    F  0.001231813875812  0.002048807280420  0.005172222306232  0.010731533073669  0.505576040425652  0.001294849375292  0.004713452811409  0.039254449410735  0.008235089244459  0.155717176946184  0.005369487092078  0.018376425785796  0.041234622211653  0.008561029425373  0.007406460665068  0.013066349998657  0.016209686508838  0.041377778449856  0.034434534871144  0.079992025865269  0.681129017320244  0.122597375498569  0.196282029668393  0.499653546495226  0.500346693731290  0.323760749713606  0.675955416514063  0.026848773592100  0.341036958719839  0.443498152576075 
84.0    R  0.005226279510883  0.000000000000000  0.012040173568100  0.039554893561571  0.022374511581268  0.130488990927715  0.023568438698228  0.026534257701464  0.102379587232478  0.024063661694877  0.002134331521682  0.304813773519076  0.080716084393896  0.032963197408377  0.054071043161562  0.030458738465361  0.039912929974856  0.046487930076078  0.002964490728465  0.019236631458514  0.801069877589622  0.147113342152346  0.051581588032041  0.392292048948375  0.607518395952508  0.841479482285381  0.158329281715402  0.024757337841405  0.324884765613860  0.213158722941989 
85.0    N  0.005023818294651  0.001524973618374  0.027412923397901  0.026700304402804  0.003349125143102  0.028875705388963  0.011759740214149  0.044501568612408  0.102806258589058  0.017849160107009  0.003296155453633  0.523405140987288  0.012868609644806  0.016839580391307  0.026150820083856  0.035109371969739  0.066477042055824  0.008746975692611  0.000000000000000  0.037214276542655  0.827023368443266  0.166431451654546  0.006707542472170  0.298540796768647  0.701735863019538  0.694477567882555  0.305448275418375  0.026867390195094  0.283613871233989  0.371130892657262 
86.0    K  0.027699428099840  0.000000000000000  0.014121136355486  0.020375792738415  0.001988642968290  0.017003788151106  0.014710601008456  0.035921714001084  0.366275218652834  0.003988328616044  0.002126947295578  0.136881558849197  0.007289320246381  0.022908074331081  0.049583365199446  0.035476315692065  0.213454428597811  0.019928818619977  0.000000000000000  0.010230354867840  0.898132372883934  0.093687475109722  0.007894151925678  0.263340258988709  0.736623842908240  0.377095019171645  0.622868707784737  0.026737344552581  0.377879982079057  0.429580377473592 
87.0    T  0.016164805961233  0.000000000000000  0.023454360898662  0.014417851447716  0.005455775517451  0.001133499916390  0.009355302379835  0.046198825977308  0.067779838052691  0.009258537272981  0.001287689076653  0.101672399766516  0.053734780390188  0.042188687035086  0.021838233935173  0.061939347704005  0.513700719689482  0.006610614035940  0.000000000000000  0.004010506037969  0.940174202509126  0.054071043161562  0.005762857254230  0.645728675151168  0.354289349127054  0.448755025333631  0.551334581534456  0.026460791011329  0.416676603579609  0.440740078953585 
88.0    I  0.006438766288697  0.000000000000000  0.000000000000000  0.001513390490155  0.016254691664406  0.001477117184848  0.010096506489355  0.679714120953369  0.015517070241204  0.047695600280017  0.043075161030488  0.027129382112533  0.001864494168242  0.014278616409834  0.007249011534932  0.021255794568843  0.036246864203295  0.058924033494890  0.000000000000000  0.011382805577328  0.976031760776225  0.013888166893228  0.010280113476789  0.410086455598363  0.590087171668101  0.137738139484576  0.862143545017596  0.026369243629063  0.479964630519454  0.455334916795989 
89.0    V  0.034602018265134  0.001231813875812  0.014447863720527  0.015953314464175  0.033913417871306  0.000832651261492  0.021853376292788  0.322417062663971  0.060748811748835  0.028755864082027  0.009105790610426  0.067732872927799  0.009916178797030  0.018236845340914  0.027680234971949  0.072795849154279  0.139660892259028  0.090496135773722  0.005601387687562  0.023997035464095  0.993092495437036  0.006684336138145  0.000461622127320  0.879649075922436  0.120574773073017  0.441045682598588  0.559030925482931  0.026241609154504  0.484309094613314  0.441657525740733 
90.0    F  0.006258358418669  0.005827125104264  0.000913061716554  0.000984719194233  0.732042847972813  0.001454763147581  0.002162626141571  0.046038990181765  0.004587742075053  0.092461719328052  0.002458510104502  0.005258984645612  0.003757529119784  0.002243551474604  0.008961773626767  0.015506318354466  0.011874412940637  0.006167920989848  0.016816251949747  0.034363004666080  0.955282936382437  0.027737854289672  0.016874633747389  0.225312615652708  0.774855930959171  0.892546971472977  0.107618648542363  0.026060345119530  0.439824537961218  0.462973011263662 
91.0    N  0.106063487713237  0.006420938963241  0.036701936600427  0.031055659166330  0.013574096642978  0.006716847548773  0.027110583973502  0.016120049676584  0.105550110927973  0.043585739573450  0.006633564425366  0.225156494961982  0.031445556984306  0.109423916211783  0.029997789407466  0.054409410206008  0.120074357994185  0.009786440926751  0.000000000000000  0.020221025851295  0.984866442895551  0.011915637916065  0.003501041795193  0.231165819528425  0.768970415635134  0.217336140022505  0.782411781736511  0.025365299405540  0.481964903870322  0.471719125447680 
92.0    Q  0.027223568504446  0.000000000000000  0.013230395505664  0.032441852204471  0.005839254877480  0.019370432811547  0.059954007457829  0.005916665296394  0.045562793088018  0.025719385789960  0.000000000000000  0.113597264556065  0.290175978595930  0.088510964888409  0.052811649025782  0.152830034711509  0.046262915562502  0.005953690743515  0.005815020527994  0.008740914851841  0.952637998043937  0.029997789407466  0.017701310707747  0.741233504901418  0.258995690890005  0.249135065706967  0.751059963470465  0.026571067502006  0.446892581178393  0.472701058375372 
93.0    S  0.064614421015498  0.002993398359781  0.002954234369695  0.006372167916711  0.001732414658500  0.009806812431896  0.066155274679696  0.015920174947136  0.007026393063654  0.029482445340480  0.000000000000000  0.021065120808392  0.234555299125168  0.026332713421973  0.036322315859941  0.426613049056034  0.036600318163088  0.006328152137750  0.002999629433012  0.002048807280420  0.943438250895360  0.036880448229256  0.019545766876770  0.840896415253715  0.159099366909493  0.350381862270187  0.649769531227720  0.027204705103004  0.446892581178393  0.451563255075911 
94.0    S  0.071051060827251  0.005136495157051  0.005463344073197  0.014978116226453  0.004313276746731  0.022671128247409  0.010791206626124  0.006167920989848  0.013359409029562  0.037629293163482  0.000000000000000  0.018110874248507  0.058517015464656  0.046876218415182  0.054108535344979  0.561749951515823  0.050101583087462  0.008172538592129  0.005200982864205  0.005738939973743  0.956608158091874  0.032262454233851  0.010911551034902  0.569591688611057  0.430474594169452  0.583579050909234  0.416099367355762  0.026941985781800  0.456599125005996  0.445346450303340 
95.0    G  0.005695349136002  0.002289106022802  0.013583508751407  0.041636713284126  0.004645340292979  0.773782496771195  0.001509200292281  0.005020337255740  0.015431263460084  0.001325727519414  0.000000000000000  0.002220345650852  0.015420571029466  0.017027376753333  0.056094378166704  0.018555619782397  0.016367751985934  0.003003790686075  0.006470083291676  0.000000000000000  0.978063473447339  0.014669871051804  0.007463147940488  0.404721108273704  0.595015848153338  0.735093668194520  0.264804583670969  0.026607928367155  0.477310507069858  0.462331639056850 
96.0    G  0.011767894270577  0.000000000000000  0.010746420454217  0.055168937268166  0.003778423162554  0.789493886700555  0.002744958398841  0.000000000000000  0.009245711107442  0.001557016555743  0.000000000000000  0.003911668967622  0.002587904330166  0.004549740572142  0.052084575447451  0.043828101582575  0.001816025278541  0.005582008358364  0.001287689076653  0.000000000000000  0.985549336939371  0.008367428306183  0.006310631075075  0.364249778474503  0.635956503371787  0.521594296764929  0.478304079045937  0.025916235806701  0.486664687079119  0.480963727332387 
97.0    D  0.028996046139728  0.000000000000000  0.721964597761248  0.015261070765035  0.003639611051972  0.067968024428430  0.006125316047467  0.019942637012952  0.008949358577967  0.006155108484761  0.003690418128895  0.031708204580653  0.023179608341268  0.002311427776860  0.014639397607382  0.013687473672924  0.021050524638526  0.007577827424545  0.000000000000000  0.003075421783473  0.980779003988551  0.017824433060444  0.001402289561156  0.303338390062173  0.696888619343735  0.955945317593742  0.043828101582575  0.025453361345944  0.469110598250336  0.480297431976738 
98.0    P  0.034101996157967  0.001168602503155  0.017812082385835  0.017849160107009  0.011010318399547  0.005179397501167  0.007154169425142  0.063065727115293  0.007109678313132  0.372936006672866  0.005766853147199  0.002798753223385  0.284795844305529  0.018879966302968  0.036171569280941  0.038101721689884  0.009545258606824  0.055398856199679  0.003788913712272  0.007365504186861  0.976031760776225  0.021807980689409  0.002340447307304  0.409518348929914  0.590496330714765  0.656560562712076  0.343647173893007  0.025155191800660  0.471065636952404  0.498615625676035 
99.0    E  0.024163948045479  0.000000000000000  0.014498023069864  0.721464343430814  0.000000000000000  0.012065236454559  0.007905103133023  0.017469716421342  0.042629619839980  0.001379154691782  0.005467132287481  0.028379638053797  0.006133813427137  0.021152910610195  0.050415109951383  0.025541729015259  0.011414409207388  0.009923054551084  0.000000000000000  0.000000000000000  0.975355461527642  0.019343598294335  0.005016858628865  0.236678407809178  0.763129604480280  0.814507563070215  0.185308376225354  0.024298313621330  0.479299719246488  0.496546247718518 
100.0    I  0.051545846788130  0.002391282016407  0.007515058239569  0.016424576704495  0.020818356642063  0.002962436612059  0.015898120189104  0.483973513446869  0.011343424061749  0.055552667572911  0.005284563402540  0.046487930076078  0.005974360460480  0.002429710260349  0.005143620789294  0.016746460352130  0.037059828106592  0.200267469397406  0.003351447384487  0.008949358577967  0.979420297586927  0.016769691974898  0.003836482793998  0.568408486618007  0.431669779287206  1.000000000000000  0.000000000000000  0.024163948045479  0.474013482564323  0.491751037013124 
101.0    V  0.067873866020143  0.004947790053606  0.003164076068875  0.046230859664026  0.018035709648701  0.006583178355493  0.022592692102277  0.018198962288570  0.013489680602725  0.015441963304699  0.018866884241977  0.027167017502813  0.016401823181610  0.051331918797004  0.025808677029241  0.054183597719668  0.455966582759885  0.113597264556065  0.000000000000000  0.020249077584896  0.982139595263391  0.012895397008010  0.004667934393972  0.516557193842066  0.483638164806966  0.108894274017782  0.891310495896971  0.025772923394065  0.484309094613314  0.481964903870322 
102.0    M  0.019970302550048  0.018971795068673  0.000000000000000  0.008986655416802  0.042926132294676  0.002308225677606  0.076786686277853  0.014387901518829  0.010054603494541  0.020731955321831  0.180491149440312  0.099856489556144  0.020934118787935  0.012430257558671  0.018555619782397  0.026442456143759  0.371130892657262  0.009400804890621  0.002215733369016  0.043495199744722  0.984866442895551  0.010650020369395  0.004632478513324  0.466516495768404  0.533292890415882  0.528875481809214  0.471065636952404  0.027872766231878  0.482299092292069  0.476318999021969 
103.0    H  0.005656008485858  0.005197379066721  0.005055256462824  0.002450004305705  0.034267862143372  0.001731214256240  0.565657231422950  0.042985681816867  0.001629900939757  0.107767943127199  0.058072542140682  0.022797192878753  0.025577161924713  0.006843736836462  0.012949139132625  0.024603374267788  0.050415109951383  0.010223266183242  0.002845701394332  0.013499034178129  0.995159721820083  0.001638964134974  0.003379440197598  0.630251695791493  0.369846877312209  0.372161313791635  0.627635995641322  0.028656376350146  0.499307333050514  0.482299092292069 
104.0    S  0.021929245719361  0.020703234641331  0.004385630554975  0.003077554242380  0.040051497630006  0.021050524638526  0.156800275565124  0.024791682599723  0.004041201490308  0.011257263662796  0.059005776196891  0.013517760790390  0.005115177433920  0.007447644885064  0.013443009853304  0.408951029278891  0.073200636326176  0.015700997194122  0.079660039207454  0.015975445790780  0.997922718999051  0.001495662106537  0.000922604532224  0.637722195839272  0.362486708219713  0.216434141379915  0.783497186949341  0.028716027608720  0.498615625676035  0.485990493990676 
105.0    F  0.008449021589716  0.023131457781251  0.000000000000000  0.004829200237972  0.710053679271714  0.013696964395563  0.015197733553317  0.018684684324627  0.002968603235159  0.068583246098703  0.016944959513173  0.014052786127309  0.000000000000000  0.004521446160118  0.004316267518750  0.017973310833603  0.040023745666555  0.026811579075897  0.002188260183973  0.007452808988653  0.971980987981352  0.018376425785796  0.009545258606824  0.325786787340824  0.674083865868528  0.000000000000000  1.000000000000000  0.028735938942239  0.472701058375372  0.488015880388112 
106.0    N  0.004619652344704  0.016299821773904  0.007572576694805  0.000000000000000  0.014508075817293  0.015176679617838  0.002270144741246  0.078508898821470  0.011597840395539  0.030458738465361  0.004195329967266  0.692074858025740  0.004474679288983  0.024013674707625  0.002110791800858  0.052120690239060  0.024723040662045  0.007646419143730  0.000000000000000  0.007683609953330  0.980099415341871  0.019928818619977  0.000000000000000  1.000000000000000  0.000000000000000  0.598324481615357  0.401646998378517  0.029441602309525  0.477310507069858  0.458819941155683 
107.0    C  0.000000000000000  0.796640096285583  0.002993398359781  0.010373165299863  0.012612516789137  0.029177498278604  0.005175808660333  0.006345721846533  0.000000000000000  0.016333751565706  0.000000000000000  0.003232800062805  0.000000000000000  0.000000000000000  0.009779659833234  0.013687473672924  0.002013609997646  0.056094378166704  0.030905341136904  0.004886441719192  0.971980987981352  0.026350972195316  0.001322973610826  0.237335530237630  0.762600826628142  0.000000000000000  1.000000000000000  0.028835702895431  0.462973011263662  0.483638164806966 
108.0    G  0.028875705388963  0.002939935053537  0.007045901393611  0.042159454198116  0.015810206266046  0.431370672271328  0.075362989230673  0.001267323014589  0.017948411796829  0.011662331119507  0.001055395900429  0.012015162744299  0.000000000000000  0.048060650977196  0.258995690890005  0.006434304822403  0.006465600125611  0.004250947037777  0.022112408755104  0.006332539999104  0.995159721820083  0.000653284938860  0.004010506037969  0.366783336041831  0.633317126861609  0.378404198242395  0.621574834451970  0.029380443828410  0.496546247718518  0.458502021602336 
109.0    G  0.000000000000000  0.011257263662796  0.002684743546039  0.061044283060139  0.010294374622923  0.840896415253715  0.000000000000000  0.000000000000000  0.002511909147325  0.008004350179944  0.000000000000000  0.002690332121842  0.000000000000000  0.000000000000000  0.044286168640882  0.006228066222973  0.006533174999329  0.003591992367780  0.000000000000000  0.000000000000000  0.995159721820083  0.002929763650949  0.001674562571551  0.555939578758553  0.444113397921202  0.039857637239955  0.959929261038908  0.029096713119695  0.492774668469685  0.468136123717246 
110.0    E  0.001618642391578  0.006381007743047  0.009902441578394  0.761544369851631  0.017787406704295  0.041868237575870  0.000000000000000  0.015495573917786  0.013294745773540  0.014427848605147  0.000000000000000  0.035847094507068  0.002739256348911  0.007567329603333  0.028438713252528  0.018427446754082  0.006560402288626  0.009591685030586  0.000000000000000  0.008644510571033  0.991029563264079  0.004080608448688  0.004930672000438  0.550952557938305  0.448755025333631  0.162780523696129  0.837406487508427  0.031120304784202  0.492774668469685  0.465224828851508 
111.0    F  0.004515182447480  0.012421644546078  0.000000000000000  0.002080289459753  0.819604607637517  0.005058761714275  0.000000000000000  0.035971546603993  0.003223849252003  0.036271997324491  0.010866265403984  0.009459633468364  0.000000000000000  0.000000000000000  0.000000000000000  0.008930768245422  0.008286622979439  0.015208271471222  0.000000000000000  0.028242272710971  0.993092495437036  0.005219039368711  0.001852899053009  0.232290168562728  0.767905134851049  0.130127699710514  0.869947352708651  0.031467360939272  0.493800430722686  0.463936738235641 
112.0    F  0.000000000000000  0.006206518750751  0.002353461552724  0.004671171081157  0.796640096285583  0.000000000000000  0.001314746161403  0.005108091205222  0.000000000000000  0.071843428002167  0.000000000000000  0.010964622859680  0.003257543139941  0.000000000000000  0.000000000000000  0.051653144884638  0.000000000000000  0.011874412940637  0.003360752463326  0.030862526920168  0.991716730738293  0.002855580953906  0.005683518295448  1.000000000000000  0.000000000000000  0.686818116714811  0.312949114663499  0.031598502526603  0.493458272942921  0.466193243218416 
113.0    Y  0.000000000000000  0.041435180009333  0.000000000000000  0.000000000000000  0.063813257856700  0.002647781888281  0.010657404959995  0.028027754989438  0.008838394240984  0.053437636118248  0.000000000000000  0.005150756306611  0.007124477855623  0.006319385534076  0.000000000000000  0.027016788478371  0.009936820365184  0.004889829916617  0.000000000000000  0.730522189272838  0.993781093322555  0.000000000000000  0.006306258394568  0.000000000000000  0.000000000000000  0.090183042928852  0.910038824080899  0.033123524481165  1.000000000000000  0.479632059662632 
114.0    C  0.034101996157967  0.784584097896751  0.000000000000000  0.003179465566681  0.008765183441644  0.006293158523818  0.000000000000000  0.012868609644806  0.000000000000000  0.057352492644460  0.000000000000000  0.011382805577328  0.000000000000000  0.003491348290456  0.008753040735892  0.023067412588794  0.009916178797030  0.007683609953330  0.014608987464866  0.013868927144836  0.980099415341871  0.018148573936339  0.001899716694165  0.154427329640866  0.845572287377516  0.570381857934212  0.429580377473592  0.032486857349227  0.465224828851508  0.473356815618357 
115.0    N  0.005699298219688  0.003049947236748  0.077106698113094  0.014358013804360  0.007905103133023  0.001142175453176  0.012090351512050  0.029137077701151  0.038714021805747  0.006777645993376  0.000000000000000  0.657927262514504  0.003938876776932  0.019627224705368  0.003914381269842  0.043374772469237  0.037577164028068  0.001585331212846  0.000000000000000  0.035996488823417  0.984184022033800  0.000899867369335  0.015050967094065  1.000000000000000  0.000000000000000  0.102379587232478  0.897510050667261  0.035574813408590  0.500000000000000  0.485317234884773 
116.0    S  0.010716666317114  0.006398724202030  0.000000000000000  0.005543450610158  0.002921651871802  0.000000000000000  0.020025748815003  0.039527485698561  0.004934090866585  0.040190546357206  0.033492920704259  0.016527358806538  0.022421086478230  0.016243428674614  0.011973593439123  0.064034801439550  0.661585719954060  0.022939853688033  0.007520269086732  0.012770864507629  0.983502074026248  0.002185228712960  0.014518135535171  0.276049711790773  0.723969086189780  0.039774841727373  0.959929261038908  0.035673584597712  0.497579860910041  0.464580337125457 
117.0    S  0.020963159763785  0.001858043508461  0.010294374622923  0.003649716198762  0.018414678247058  0.002515393807636  0.021914050791288  0.014417851447716  0.010561803383032  0.007259067767585  0.000000000000000  0.034891030061955  0.017133931071686  0.012040173568100  0.010635266535152  0.471719125447680  0.323985241358333  0.008217982650030  0.000000000000000  0.009466192659611  0.984866442895551  0.000000000000000  0.014967737784730  0.000000000000000  0.000000000000000  0.399980064166376  0.599985691186608  0.036574957546081  1.000000000000000  0.451563255075911 
118.0    Q  0.045847917005229  0.000000000000000  0.044439919080852  0.053697547184199  0.003407666819417  0.137166492197405  0.011735311929226  0.017506081471784  0.155933196489256  0.038740865623093  0.000000000000000  0.074273944066058  0.036549614501623  0.103449602009776  0.146909541052471  0.037343475151774  0.037603219562484  0.010532560404196  0.041636713284126  0.003133520181064  0.998614666101029  0.001259441651031  0.000000000000000  0.321970407377456  0.678302163723836  0.960594863953477  0.039118639332937  0.037240080455439  0.463936738235641  0.459456441739525 
119.0    L  0.018620040227719  0.027431931175297  0.004951220789197  0.001435729820692  0.048765342510856  0.005597506446770  0.002837822362444  0.053623158151793  0.000000000000000  0.688247800795349  0.058395459180199  0.004379554992299  0.024998754010399  0.003476858333018  0.000000000000000  0.011187255790634  0.010650020369395  0.015614173327976  0.016493026838093  0.003532731943598  0.993781093322555  0.002679166579279  0.003419497381618  1.000000000000000  0.000000000000000  0.000000000000000  1.000000000000000  0.035206850890540  0.498961359499525  0.499653546495226 
120.0    F  0.000000000000000  0.010768790257622  0.002379707546241  0.000000000000000  0.710053679271714  0.000000000000000  0.000000000000000  0.035871950432969  0.005520443921417  0.104169150894902  0.009394291007017  0.012612516789137  0.001675723692244  0.007572576694805  0.000000000000000  0.008918396149428  0.021050524638526  0.033609199701793  0.026387527731993  0.009895580107213  0.843815796130018  0.142991371650476  0.013102627881890  0.371388230165207  0.628506687260914  1.000000000000000  0.000000000000000  0.036625696364829  0.373194595824238  0.493116352246680 
121.0    N  0.009011606289531  0.000000000000000  0.019437682082789  0.003064781632409  0.002508429314432  0.002335585540578  0.017530366883289  0.012318752719629  0.034915223064757  0.025155191800660  0.000000000000000  0.718470088272032  0.012387252134536  0.008484233252518  0.007509851003037  0.065154110052570  0.042541066140609  0.009271381231692  0.000000000000000  0.009916178797030  0.856781954768570  0.137547326170767  0.005578140545645  0.328735690051268  0.671286251390132  0.836826242683391  0.163006341907320  0.043164826504496  0.413225159077106  0.486327473706143 
122.0    S  0.019654452684938  0.008961773626767  0.033492920704259  0.025471010387582  0.010964622859680  0.043585739573450  0.007801677078914  0.036423162441705  0.010474317121721  0.015103220266640  0.001346098782203  0.131852789633508  0.011694710834318  0.010903990344704  0.035648866120888  0.446582926176380  0.091125586176036  0.004610056028657  0.002779420822724  0.051581588032041  0.937571096457110  0.057711394420587  0.004677651189918  0.542238704421532  0.457866843209063  0.945402116750744  0.054901904264898  0.054183597719668  0.464902471306581  0.463936738235641 
123.0    T  0.043646204139606  0.001763918965140  0.003391172764067  0.026571067502006  0.002218807157786  0.019763742849280  0.001999700977399  0.027641888604111  0.011541703621739  0.032039601184019  0.006754197119593  0.067218399403586  0.006815333638834  0.002999629433012  0.006328152137750  0.157235621479502  0.569986636346731  0.008862933476062  0.001634426255241  0.001620887862480  0.927230546435463  0.072594295745358  0.000000000000000  0.526315577354719  0.473685035299634  1.000000000000000  0.000000000000000  0.059128602920350  0.460412848602520  0.496890546661277 
124.0    W  0.016481598704188  0.017985773301996  0.003452841918217  0.007340021478234  0.140729823267095  0.011374918351555  0.003718663705068  0.024808872841614  0.004280514712686  0.089003137224817  0.018504243935213  0.004166350706374  0.007678285926135  0.001719255885866  0.010776257201774  0.026369243629063  0.014407861217385  0.015625000000000  0.538120062391899  0.043434944370073  1.000000000000000  0.000000000000000  0.000000000000000  1.000000000000000  0.000000000000000  0.000000000000000  0.000000000000000  0.060538636826664  1.000000000000000  1.000000000000000 
