No:  residues  hmm_col_1  hmm_col_2  hmm_col_3  hmm_col_4  hmm_col_5  hmm_col_6  hmm_col_7  hmm_col_8  hmm_col_9  hmm_col_10  hmm_col_11  hmm_col_12  hmm_col_13  hmm_col_14  hmm_col_15  hmm_col_16  hmm_col_17  hmm_col_18  hmm_col_19  hmm_col_20  hmm_col_21   hmm_col_22   hmm_col_23   hmm_col_24   hmm_col_25   hmm_col_26   hmm_col_27   hmm_col_28   hmm_col_29   hmm_col_30   
1.0    P  0.023798261557863  0.000000000000000  0.016653855251062  0.015843116871719  0.000000000000000  0.000000000000000  0.000000000000000  0.000000000000000  0.005554989885107  0.000000000000000  0.005030787615273  0.032173127607312  0.815637493339010  0.028497911422493  0.009532035236502  0.021196942616370  0.020688889224928  0.000000000000000  0.000000000000000  0.005384395128811  1.000000000000000  0.000000000000000  0.000000000000000  0.000000000000000  0.000000000000000  0.000000000000000  0.000000000000000  0.094339123032535  1.000000000000000  1.000000000000000 
2.0    I  0.013564691056266  0.000000000000000  0.000000000000000  0.000000000000000  0.067171823303469  0.000000000000000  0.000000000000000  0.779164579660500  0.000000000000000  0.059995578814932  0.027091798859834  0.009181846315779  0.000000000000000  0.011446100582901  0.000000000000000  0.000000000000000  0.004301334367570  0.028027754989438  0.000000000000000  0.000000000000000  1.000000000000000  0.000000000000000  0.000000000000000  0.000000000000000  0.000000000000000  0.000000000000000  0.000000000000000  0.089933348750676  1.000000000000000  1.000000000000000 
3.0    P  0.000816081014572  0.000000000000000  0.002718449984045  0.000000000000000  0.005474716597972  0.000000000000000  0.007938047992138  0.008338479203437  0.028497911422493  0.008716713455664  0.005924873224119  0.000000000000000  0.756283998641981  0.000000000000000  0.132494097924660  0.018073252873520  0.009538644630228  0.000000000000000  0.004913613171234  0.010358795002333  1.000000000000000  0.000000000000000  0.000000000000000  0.000000000000000  0.000000000000000  0.000000000000000  0.000000000000000  0.081842838942723  1.000000000000000  1.000000000000000 
4.0    I  0.000000000000000  0.000000000000000  0.000000000000000  0.000000000000000  0.093298648956060  0.000000000000000  0.008838394240984  0.745355193399460  0.018262144508769  0.052446852319159  0.000000000000000  0.001473027418639  0.003259801879513  0.001329408316894  0.000000000000000  0.000000000000000  0.013405789537948  0.031532863557646  0.000000000000000  0.031012636708932  0.995849753094458  0.004041201490308  0.000000000000000  0.644834125327943  0.355026839635857  0.000000000000000  0.000000000000000  0.081956375888478  0.492433221447775  1.000000000000000 
5.0    H  0.017433426911328  0.000000000000000  0.000000000000000  0.000000000000000  0.000000000000000  0.012682649702770  0.670356295790168  0.031163476604752  0.005512796263315  0.011613929565867  0.000000000000000  0.007447644885064  0.010089510549237  0.027242444985533  0.179866697501352  0.003770574315905  0.010576455305097  0.000000000000000  0.000000000000000  0.011981895778696  0.992404374685819  0.007447644885064  0.000000000000000  0.333324669272800  0.666649338545599  0.000000000000000  1.000000000000000  0.079000193653300  0.494828328207603  0.499653546495226 
6.0    Y  0.000000000000000  0.003919811517615  0.005879870107074  0.000000000000000  0.037812315288103  0.000000000000000  0.011557714916007  0.004490214250135  0.000000000000000  0.059663813383732  0.027412923397901  0.000000000000000  0.000000000000000  0.004940935712320  0.000000000000000  0.003993861447695  0.000000000000000  0.000000000000000  0.000000000000000  0.840313752233282  1.000000000000000  0.000000000000000  0.000000000000000  0.000000000000000  0.000000000000000  1.000000000000000  0.000000000000000  0.079274462457867  1.000000000000000  0.499653546495226 
7.0    C  0.000000000000000  0.951318276331799  0.000000000000000  0.000000000000000  0.000000000000000  0.004462290026752  0.000000000000000  0.007319698803691  0.005746901350999  0.012621262150150  0.000000000000000  0.000000000000000  0.003632050557083  0.000000000000000  0.002371474383584  0.000000000000000  0.003649716198762  0.003884649096380  0.001880067271683  0.003039395220920  0.964598184584138  0.034963659407366  0.000220184418550  1.000000000000000  0.000000000000000  0.000000000000000  0.000000000000000  0.079439480581604  0.462973011263662  1.000000000000000 
8.0    A  0.839731492944140  0.011280696840020  0.000000000000000  0.000000000000000  0.000000000000000  0.006104124063846  0.000000000000000  0.003634568975402  0.000000000000000  0.007877753553864  0.000000000000000  0.018262144508769  0.007159130036526  0.021959667190730  0.000000000000000  0.001915583992165  0.066338950559362  0.011957006014240  0.000000000000000  0.003698100122018  0.993781093322555  0.004852688600720  0.001036546102490  0.258099633870810  0.741747466920561  1.000000000000000  0.000000000000000  0.084027187134539  0.493800430722686  0.462973011263662 
9.0    P  0.020151066416498  0.000000000000000  0.000000000000000  0.004143311489720  0.000000000000000  0.003199362101015  0.000000000000000  0.016734856612366  0.001200623893803  0.018749552849581  0.004684140288247  0.000000000000000  0.915733686418126  0.000000000000000  0.000000000000000  0.005406834828326  0.002506691206178  0.007174032517976  0.000000000000000  0.000000000000000  0.998614666101029  0.001584232725736  0.000000000000000  0.123792858991628  0.875998315067126  1.000000000000000  0.000000000000000  0.079439480581604  0.496890546661277  0.500000000000000 
10.0    A  0.758383772687221  0.000000000000000  0.000000000000000  0.000000000000000  0.000000000000000  0.012726680672972  0.000000000000000  0.005636440183053  0.000000000000000  0.003781043073804  0.000000000000000  0.001472006747616  0.173378871141423  0.000000000000000  0.004584563196412  0.022514527325593  0.002591494415229  0.014967737784730  0.000000000000000  0.000000000000000  0.998614666101029  0.000000000000000  0.001510246752842  0.000000000000000  0.000000000000000  0.000000000000000  1.000000000000000  0.079439480581604  1.000000000000000  0.499307333050514 
11.0    G  0.007715631730042  0.000000000000000  0.000000000000000  0.000000000000000  0.004024429506328  0.924663278113700  0.005605271619557  0.000000000000000  0.000000000000000  0.014477938467037  0.000000000000000  0.000000000000000  0.000000000000000  0.000000000000000  0.016299821773904  0.005679580145782  0.000000000000000  0.008608633717786  0.012832979699251  0.000000000000000  0.974679630891549  0.023699492896476  0.001285014184599  0.333093706273005  0.666649338545599  0.505926600513464  0.494142825750366  0.078672323344054  0.474342157570227  0.498270131413934 
12.0    F  0.008431470597691  0.005332397335489  0.000000000000000  0.000000000000000  0.599569956895556  0.011398596439376  0.013888166893228  0.001082062839712  0.005512796263315  0.014568538850576  0.009207339123529  0.016120049676584  0.000000000000000  0.000000000000000  0.005313948642211  0.006791754375703  0.000000000000000  0.005211809256554  0.000000000000000  0.297714212341242  0.996540262827868  0.002887426623582  0.000562445137866  1.000000000000000  0.000000000000000  0.511568734867216  0.488354264481114  0.077589218220382  0.495514781632040  0.497924876547229 
13.0    A  0.825305408512657  0.009752582413294  0.000000000000000  0.004493327708401  0.004964967536350  0.011265069308283  0.000000000000000  0.018632951130166  0.000000000000000  0.016933218231950  0.025701564647265  0.016131227116926  0.003914381269842  0.000000000000000  0.008127345832203  0.017960857000542  0.005273585879386  0.031532863557646  0.000000000000000  0.000000000000000  0.985549336939371  0.002725997586176  0.011866185076676  0.166662334636400  0.833353207159218  0.000000000000000  1.000000000000000  0.077160162930846  0.497924876547229  0.498961359499525 
14.0    I  0.002851625020810  0.011025592526630  0.005425605999082  0.000000000000000  0.004736378199460  0.001759035116890  0.000000000000000  0.678772489940003  0.000000000000000  0.230845577682349  0.015997607819194  0.000000000000000  0.000000000000000  0.000000000000000  0.000000000000000  0.016232173489026  0.016288527513143  0.015975445790780  0.000000000000000  0.000000000000000  0.991029563264079  0.006381007743047  0.002289106022802  0.605416541975277  0.394473420426233  0.631126016056058  0.368822864270710  0.077374393177340  0.491751037013124  0.490729531926740 
15.0    L  0.001281456303312  0.000000000000000  0.000000000000000  0.000000000000000  0.059005776196891  0.000000000000000  0.000000000000000  0.044470733163581  0.001799734738669  0.830470024090894  0.016909760070714  0.008116086744513  0.003802067867806  0.000000000000000  0.001185737191792  0.005508976408142  0.003900838539457  0.018085784640471  0.000000000000000  0.005566553180269  1.000000000000000  0.000000000000000  0.000000000000000  0.628506687260914  0.371645746107754  0.374749900438887  0.625031151292605  0.076415017355754  0.499307333050514  0.495514781632040 
16.0    K  0.002911543724217  0.000000000000000  0.008121714337307  0.018853811245637  0.003476858333018  0.007598866776658  0.000000000000000  0.002773647184655  0.758383772687221  0.004032806779231  0.004940935712320  0.008519591661447  0.000000000000000  0.024416496255385  0.140534865472327  0.007243988644027  0.002081731906383  0.005978503007120  0.000000000000000  0.000000000000000  0.998614666101029  0.001265567349056  0.000000000000000  0.311434353892368  0.688725023191569  0.000000000000000  1.000000000000000  0.076309157041821  0.498615625676035  0.497235084336607 
17.0    C  0.000000000000000  0.924022572446823  0.000000000000000  0.000000000000000  0.001990021868392  0.002446610231688  0.000000000000000  0.017960857000542  0.002885425905435  0.003016309113640  0.000000000000000  0.000000000000000  0.000000000000000  0.000000000000000  0.019518689463334  0.005847355417159  0.008229383093397  0.006763566918122  0.001792265395139  0.005399344556752  1.000000000000000  0.000000000000000  0.000000000000000  0.000000000000000  0.000000000000000  0.000000000000000  1.000000000000000  0.076256281892014  1.000000000000000  0.497235084336607 
18.0    K  0.003098960324965  0.002903482391467  0.034939432842683  0.004658237782542  0.000000000000000  0.013734993139247  0.010351617320666  0.011735311929226  0.105696535922190  0.006095667813857  0.008943157504677  0.656105627295980  0.001618642391578  0.000786644815477  0.094469995519764  0.008478354467827  0.018620040227719  0.016515906883772  0.000000000000000  0.001072356263464  0.967947026893737  0.003991094073103  0.027853452996780  1.000000000000000  0.000000000000000  0.000000000000000  1.000000000000000  0.075102253095428  0.496890546661277  0.497235084336607 
19.0    D  0.004422261336370  0.000000000000000  0.586011141837257  0.097733705391074  0.000000000000000  0.021138253610161  0.004664699949510  0.001995547036551  0.023003544721378  0.000000000000000  0.003280201144313  0.192509293559018  0.000000000000000  0.004325252283142  0.003515632538256  0.035231262879544  0.002627670329144  0.004316267518750  0.000000000000000  0.015409886007709  0.997231251352069  0.000000000000000  0.003020493505685  0.000000000000000  0.000000000000000  0.030227385300435  0.969961910341735  0.078183067507079  1.000000000000000  0.460093825312437 
20.0    R  0.031840349894273  0.000000000000000  0.009705377201441  0.062760471452436  0.000000000000000  0.006886563733650  0.015197733553317  0.003778423162554  0.571569167707018  0.000749907358253  0.001213172150180  0.022545760732213  0.050625217102003  0.018958649378886  0.025347723611783  0.021314809919990  0.142496659086683  0.015092755139451  0.000000000000000  0.000000000000000  0.976708528962227  0.002015006209573  0.021255794568843  1.000000000000000  0.000000000000000  0.020531744174209  0.979420297586927  0.078291527414008  0.499307333050514  0.456599125005996 
21.0    N  0.008172538592129  0.000000000000000  0.087292408279212  0.112344390826379  0.000000000000000  0.033772668813730  0.001465897556166  0.005601387687562  0.259894858793820  0.000000000000000  0.020249077584896  0.230366046549676  0.012352954946937  0.029728696135369  0.025365299405540  0.008537326086726  0.164824201811546  0.000000000000000  0.000000000000000  0.000000000000000  0.995159721820083  0.002935862261847  0.001833733881475  0.519429551648832  0.480630464194381  0.186338798349865  0.813943185070435  0.082526427563438  0.460093825312437  0.448133349784702 
22.0    F  0.000000000000000  0.006758880395195  0.014268722656437  0.000000000000000  0.756808396484790  0.000000000000000  0.000000000000000  0.000000000000000  0.000000000000000  0.046262915562502  0.004629268636491  0.000000000000000  0.000000000000000  0.000000000000000  0.000000000000000  0.014427848605147  0.001485330813712  0.007198938954677  0.023454360898662  0.124653906419009  0.998614666101029  0.001485330813712  0.000000000000000  0.642157904494713  0.357744130005728  0.976708528962227  0.023519480428298  0.078183067507079  0.497924876547229  0.455966582759885 
23.0    N  0.001157317159123  0.000000000000000  0.026096497482137  0.033796086358863  0.000000000000000  0.000000000000000  0.002618579280430  0.002428026697078  0.025898278265250  0.028497911422493  0.006896117158521  0.619424348891954  0.006129563264818  0.016816251949747  0.007731692628244  0.133415667254995  0.078945453865362  0.003922529465777  0.000000000000000  0.006372167916711  0.993781093322555  0.001679211887193  0.004468480364077  1.000000000000000  0.000000000000000  0.000000000000000  1.000000000000000  0.075310769687174  0.494142825750366  0.499653546495226 
24.0    G  0.000000000000000  0.003153129197284  0.000000000000000  0.023227859131735  0.000000000000000  0.897510050667261  0.000000000000000  0.003181670168243  0.002714684023130  0.000000000000000  0.000000000000000  0.030395467106634  0.003881957395791  0.000000000000000  0.005758864130043  0.021777769354492  0.003911668967622  0.004515182447480  0.000000000000000  0.000000000000000  0.980099415341871  0.004406961474439  0.015187202937209  0.063857505169644  0.936272247434492  0.000000000000000  1.000000000000000  0.066707833627497  0.496546247718518  0.492774668469685 
25.0    T  0.011406500083238  0.000000000000000  0.006125316047467  0.005941323254848  0.087534770055450  0.004996037426865  0.036423162441705  0.019942637012952  0.094273754792911  0.005295563776563  0.007319698803691  0.015367219906660  0.004146184409960  0.017015578364627  0.011272880366106  0.055629733328281  0.588453368609384  0.014033318326311  0.000000000000000  0.014884968719437  0.978741650397436  0.020746330599726  0.000304557024393  1.000000000000000  0.000000000000000  0.122682382981685  0.877213548732822  0.068015152604425  0.484980955170867  0.477641468191219 
26.0    G  0.034602018265134  0.000000000000000  0.015367219906660  0.028935813203979  0.012630013575087  0.780786492607391  0.001958547726369  0.000000000000000  0.035747842912619  0.000000000000000  0.010791206626124  0.003235041645838  0.024113752735296  0.003047833906929  0.010019817209080  0.021035938582450  0.006354524985407  0.011179504062679  0.000000000000000  0.000000000000000  0.985549336939371  0.002463627751624  0.012081974022739  0.500000000000000  0.500000000000000  0.504176227447298  0.495858365369147  0.066201145917742  0.498615625676035  0.479964630519454 
27.0    P  0.027699428099840  0.000000000000000  0.005847355417159  0.028775803037658  0.000858437071203  0.003395877187852  0.000000000000000  0.009671799147168  0.078672323344054  0.085318357367823  0.004862789981962  0.036957218757629  0.517632461920689  0.049480366616954  0.021898866391887  0.052301640167712  0.066523136403335  0.006953716666035  0.000000000000000  0.003323686443385  0.911933165519769  0.087777804733625  0.000000000000000  0.929160674250913  0.070756181381917  0.657471380102535  0.342458244991391  0.064480198706335  0.424842499569325  0.477310507069858 
28.0    C  0.007785470803343  0.937571096457110  0.000000000000000  0.000000000000000  0.001732414658500  0.010888884677246  0.000000000000000  0.000000000000000  0.002511909147325  0.000000000000000  0.000000000000000  0.011915637916065  0.000000000000000  0.003410029652866  0.004756117260402  0.004111840448084  0.005699298219688  0.005097480264410  0.000983355029352  0.003710938995605  0.995849753094458  0.002539922161228  0.001560257649315  0.090936292727172  0.908778116448520  0.000000000000000  1.000000000000000  0.063548417080747  0.494828328207603  0.492433221447775 
29.0    E  0.015700997194122  0.009036626436760  0.006416489849626  0.025541729015259  0.004224510794858  0.008728805766189  0.032917532373589  0.004416135027830  0.312299031413344  0.008178205327926  0.000000000000000  0.127008767874213  0.008930768245422  0.036880448229256  0.068916822691807  0.104893704638318  0.210224103813429  0.004358356727832  0.000000000000000  0.011414409207388  0.999307092990453  0.000000000000000  0.000841937055681  0.076946525834057  0.923382310729395  0.000000000000000  1.000000000000000  0.062586703481958  0.499653546495226  0.491410299272626 
30.0    N  0.000000000000000  0.002642281701270  0.016053147490296  0.000000000000000  0.000840770691737  0.000000000000000  0.038287041622021  0.000000000000000  0.089498046325071  0.000000000000000  0.010642640895629  0.799405830352472  0.002303430844260  0.003129179209334  0.005009908604540  0.004937512103331  0.026114592466308  0.000000000000000  0.000000000000000  0.001175100611328  0.962594443101751  0.004719991575742  0.032780916486717  1.000000000000000  0.000000000000000  0.000000000000000  1.000000000000000  0.060748811748835  0.496890546661277  0.490729531926740 
31.0    V  0.006651982091789  0.005916665296394  0.000000000000000  0.000000000000000  0.003757529119784  0.006465600125611  0.000000000000000  0.124222636665319  0.006262697885933  0.000000000000000  0.007021524426649  0.000000000000000  0.000000000000000  0.000000000000000  0.002773647184655  0.021792869786725  0.006805892126111  0.807201074504765  0.000000000000000  0.000970489348948  0.991029563264079  0.005659930291230  0.003221615424258  0.694477567882555  0.305448275418375  0.256850359844741  0.743291492215508  0.066292983835514  0.494828328207603  0.468460723436213 
32.0    S  0.020277168233425  0.002099119478233  0.000000000000000  0.000000000000000  0.000735493391911  0.014189819026899  0.004126115724031  0.007447644885064  0.000000000000000  0.004512053845912  0.000000000000000  0.004035603076891  0.000000000000000  0.001275253698329  0.000760902909825  0.747942879181195  0.110185019738396  0.079219532627152  0.000000000000000  0.003353771236085  0.995159721820083  0.004629268636491  0.000000000000000  0.713507252858939  0.286379474494939  0.192509293559018  0.807201074504765  0.065154110052570  0.496890546661277  0.473685035299634 
33.0    T  0.159320078414908  0.000000000000000  0.000000000000000  0.000000000000000  0.012301687133894  0.003493769147588  0.002147687791630  0.014248955711246  0.000000000000000  0.008912216530222  0.008326927625531  0.000000000000000  0.011025592526630  0.018401918587422  0.001942324548190  0.049480366616954  0.592957249705474  0.117521775313641  0.000000000000000  0.000000000000000  0.998614666101029  0.000304979522865  0.001242102545648  1.000000000000000  0.000000000000000  0.056719947207323  0.943438250895360  0.064614421015498  0.500000000000000  0.478635729097649 
34.0    V  0.059292769696278  0.006465600125611  0.000000000000000  0.004775938584735  0.003960779217930  0.002391282016407  0.002266999832781  0.023454360898662  0.000000000000000  0.002762135864010  0.010322956294205  0.000000000000000  0.005478512697822  0.005620834296917  0.006905683836435  0.035085044439800  0.026424133980547  0.794985250948974  0.000000000000000  0.009999003233159  0.997231251352069  0.003069033268233  0.000000000000000  0.044563303667629  0.955282936382437  0.000000000000000  1.000000000000000  0.063857505169644  0.496546247718518  0.478304079045937 
35.0    Q  0.019343598294335  0.000000000000000  0.000000000000000  0.000000000000000  0.000000000000000  0.000000000000000  0.086150322060977  0.000838442809021  0.000000000000000  0.016447361792335  0.003250776307467  0.012525395771866  0.028203147733201  0.627201102260497  0.013276328111541  0.061171353149840  0.120074357994185  0.007577827424545  0.000000000000000  0.004100455795403  0.991029563264079  0.005656008485858  0.003309892324008  0.361733721467631  0.638164384414476  0.000000000000000  1.000000000000000  0.061426287409078  0.487677730763821  0.476649272644080 
36.0    C  0.005667782061852  0.925946022527324  0.000000000000000  0.000000000000000  0.003599469477339  0.002527628231412  0.000000000000000  0.000000000000000  0.000000000000000  0.001527089146736  0.000000000000000  0.005090418552200  0.005313948642211  0.000000000000000  0.006336930902946  0.014639397607382  0.016734856612366  0.006829520471956  0.003481681624598  0.001994164308022  0.994470168673214  0.002889428729002  0.002329118891271  0.500000000000000  0.500000000000000  0.000000000000000  1.000000000000000  0.059333882559407  0.496890546661277  0.473028823362798 
37.0    T  0.002337205006310  0.001673402255407  0.000000000000000  0.001782354469811  0.000000000000000  0.001365836018299  0.009024107691825  0.003407666819417  0.003181670168243  0.000000000000000  0.000000000000000  0.000000000000000  0.008584798574819  0.025207554975691  0.004756117260402  0.014091802787223  0.909408251800733  0.007720981652349  0.007657026682358  0.000000000000000  0.978741650397436  0.019998006466317  0.001365836018299  0.611320138846034  0.388773017941279  0.222518933313124  0.777546035882558  0.059128602920350  0.490729531926740  0.470739232270603 
38.0    H  0.003358423774387  0.001445716111328  0.020039634418160  0.005794902085317  0.000000000000000  0.037577164028068  0.782411781736511  0.000000000000000  0.002330733873109  0.002061628354762  0.011841535675862  0.020517517584752  0.005467132287481  0.023389421668636  0.076097876166437  0.000000000000000  0.003153129197284  0.003045722041450  0.000000000000000  0.001370577857460  0.988285651500733  0.009551877169469  0.001846488509279  0.290377182981431  0.709561678100191  0.668963777393056  0.331251754261302  0.059746582349609  0.489370825198718  0.472701058375372 
39.0    G  0.013602352551502  0.003129179209334  0.004126115724031  0.039308905369876  0.000000000000000  0.760489376620505  0.009578397344165  0.002332349974755  0.000000000000000  0.034818551588104  0.060371020557803  0.000000000000000  0.025683755852964  0.016642315678022  0.008015454260446  0.005912565597537  0.006254021958252  0.000000000000000  0.003018400584562  0.006569503244170  0.981459063853479  0.015314053364717  0.003214923223745  0.481630947010074  0.518350550509860  0.407536166201313  0.592546385470791  0.054522669110672  0.488354264481114  0.490049707670935 
40.0    I  0.021050524638526  0.000000000000000  0.007299432397525  0.001680376231663  0.020333466491280  0.005478512697822  0.002596888883167  0.778624691061662  0.000891795166027  0.034770316268276  0.088879838161705  0.007045901393611  0.000000000000000  0.002802635809779  0.002879432065022  0.003747125466114  0.006416489849626  0.015711884068726  0.000000000000000  0.000000000000000  0.999307092990453  0.000000000000000  0.000891795166027  1.000000000000000  0.000000000000000  0.587230985606827  0.412652704256329  0.046423528770651  0.500000000000000  0.492092011016900 
41.0    R  0.003268852510482  0.000000000000000  0.000000000000000  0.049206748535575  0.002869469986872  0.009407323290870  0.013715965587649  0.006944083446614  0.394200087028139  0.017421347167620  0.015261070765035  0.068964608752622  0.017301009132567  0.013801797679398  0.318640156829816  0.041926319527571  0.007045901393611  0.012700243781005  0.000834384512588  0.006583178355493  0.987600861445373  0.002126947295578  0.010452559021767  0.417833479460927  0.581963267201068  0.683020128377198  0.317097849831467  0.044501568612408  0.494142825750366  0.496202187342909 
42.0    P  0.042955896736626  0.001364889620948  0.001902352086999  0.007065463887196  0.000000000000000  0.001751734686840  0.000967802307875  0.011296346051139  0.004180815228229  0.005512796263315  0.000000000000000  0.002580739073551  0.744322627583270  0.032173127607312  0.006367752596896  0.029564301460175  0.106949378210325  0.000976562500000  0.000000000000000  0.000000000000000  0.977385766410805  0.007050786933300  0.015517070241204  0.512278411516401  0.487677730763821  0.000000000000000  1.000000000000000  0.044935516651467  0.491069797631696  0.489031736723670 
43.0    V  0.016596237288990  0.002789070272822  0.006254021958252  0.002933827982307  0.010532560404196  0.003179465566681  0.000000000000000  0.032963197408377  0.001394535136411  0.025701564647265  0.020277168233425  0.007823337935245  0.006150843566947  0.056172195413189  0.014150530984653  0.030819772015417  0.133415667254995  0.613017430026578  0.015898120189104  0.000000000000000  0.976708528962227  0.008608633717786  0.014477938467037  0.776468875001040  0.223446290589197  0.057273040292209  0.942784535918240  0.045689295262501  0.494485458190466  0.478635729097649 
44.0    V  0.038313589376661  0.012508043916505  0.001219072801662  0.003054178293471  0.007041019239147  0.001513390490155  0.001880067271683  0.077804639711386  0.001751734686840  0.017664540111322  0.001179180265124  0.007899625631651  0.000000000000000  0.004364402883095  0.003003790686075  0.031120304784202  0.036549614501623  0.739181215636921  0.000000000000000  0.013878543685038  0.980099415341871  0.019695365493484  0.000000000000000  0.111878133865997  0.888226795842405  0.292802545304702  0.707106781186547  0.045784402331604  0.457549584063964  0.462011286223412 
45.0    S  0.041984482053791  0.003282475594661  0.000000000000000  0.000000000000000  0.004706923105448  0.003906250000000  0.008361630456458  0.003574606125500  0.000000000000000  0.017039183322895  0.008561029425373  0.024535253708549  0.007452808988653  0.006345721846533  0.000000000000000  0.815637493339010  0.044501568612408  0.009957504900932  0.000000000000000  0.000000000000000  0.991029563264079  0.000000000000000  0.009239304689407  0.000000000000000  0.000000000000000  0.136976470805961  0.862741344542656  0.043254678626609  1.000000000000000  0.437695664847132 
46.0    T  0.005069292058356  0.006891338790603  0.000000000000000  0.002604098978694  0.000000000000000  0.006280085865181  0.011735311929226  0.014710601008456  0.002143226440584  0.016131227116926  0.000000000000000  0.022112408755104  0.016131227116926  0.000000000000000  0.000000000000000  0.049790006017849  0.842062953608416  0.002054495662508  0.002104947548913  0.000000000000000  0.989656656415207  0.005505159199774  0.004729816734182  0.710053679271714  0.289974913626359  0.118585539392557  0.881480157907170  0.042896388476716  0.496202187342909  0.440129506781575 
47.0    Q  0.022828818414776  0.000000000000000  0.000000000000000  0.002939935053537  0.010358795002333  0.025665959398502  0.036778335538086  0.008437316873694  0.003760134543366  0.020095273178603  0.007667648936355  0.018958649378886  0.012603777487846  0.700763724540373  0.002720334923182  0.030143693268254  0.014639397607382  0.002051649500021  0.077589218220382  0.002162626141571  0.972654947412286  0.009433442120988  0.018224208902945  0.481297221550876  0.518709968282806  0.070658160445287  0.929160674250913  0.042101049277053  0.491410299272626  0.443805668634749 
48.0    L  0.008037708655419  0.012709049970814  0.000000000000000  0.000000000000000  0.108217070689957  0.000000000000000  0.000000000000000  0.026350972195316  0.004013286872574  0.760489376620505  0.005034275900332  0.001372479199421  0.005403088394574  0.003445669395301  0.000000000000000  0.011469926844016  0.013965393161825  0.026114592466308  0.006223750752231  0.007299432397525  0.978741650397436  0.005258984645612  0.015931213796847  0.211393071844379  0.788400174056278  0.176043028364010  0.824162084953241  0.042629619839980  0.492774668469685  0.434672280045011 
49.0    L  0.015474107373954  0.022686848123498  0.000000000000000  0.003457631892889  0.000000000000000  0.086809695985319  0.008850655353873  0.086210057614191  0.007198938954677  0.671286251390132  0.009118422670457  0.008144263756571  0.008043281901828  0.025435724533451  0.004968410182592  0.010416395914775  0.006578616825066  0.025506345192216  0.000000000000000  0.000000000000000  0.981459063853479  0.013148116910709  0.005291894443302  0.398044049389390  0.602068690615708  0.112033337446176  0.888226795842405  0.042013593567270  0.485990493990676  0.431969093700139 
50.0    L  0.007683609953330  0.019196671569463  0.000000000000000  0.010308655552913  0.081786129465938  0.004713452811409  0.000000000000000  0.023666661185578  0.008753040735892  0.761544369851631  0.012508043916505  0.001957190634921  0.001390674019138  0.005798920197770  0.002281186317604  0.009806812431896  0.002033245307977  0.035896823593657  0.008620576094078  0.002274870286071  0.956608158091874  0.031077192771038  0.012508043916505  0.344123900397674  0.656105627295980  0.110951417158687  0.888842681166570  0.040808118346529  0.463294030945185  0.432568345292494 
51.0    N  0.007324774191071  0.004111840448084  0.006133813427137  0.001966710058705  0.005486112795852  0.003760134543366  0.004597291942261  0.008093615340313  0.009479324689443  0.004619652344704  0.016956708935653  0.870550563296124  0.001439716032511  0.006963363249195  0.005118724233822  0.021152910610195  0.004268663043363  0.009017854824350  0.003244023531605  0.005566553180269  0.982820598545251  0.005613047564625  0.011882646509695  0.201800268626191  0.798298386356650  0.273763117698394  0.725979139951947  0.039912929974856  0.492774668469685  0.429282718218877 
52.0    G  0.020418207092081  0.004575039770386  0.001821067356322  0.000000000000000  0.002366548164903  0.883927531063671  0.001524973618374  0.000000000000000  0.000000000000000  0.001079815091133  0.001131929640532  0.005339794734148  0.004035603076891  0.000000000000000  0.002401247787607  0.033031813767543  0.003644660123191  0.009895580107213  0.023650262390150  0.000965122706544  0.984184022033800  0.005262631159632  0.010322956294205  0.403041415746484  0.596667871515861  0.062760471452436  0.936921446872426  0.039554893561571  0.494485458190466  0.436483795566881 
53.0    S  0.010117523428550  0.003370083377120  0.000000000000000  0.006963363249195  0.000000000000000  0.007630535382517  0.000000000000000  0.000000000000000  0.001793508129494  0.001503978855930  0.000000000000000  0.013433695097547  0.000000000000000  0.015887104270187  0.007254037908646  0.738157202841417  0.177390419525048  0.016504462896123  0.000000000000000  0.000000000000000  0.974004268543241  0.006262697885933  0.019613624863791  0.449689156073876  0.550189304683069  0.084027187134539  0.915733686418126  0.038499939795180  0.485990493990676  0.430474594169452 
54.0    L  0.012395841299862  0.000822327103133  0.002602294580258  0.003747125466114  0.009854511006494  0.004971855215922  0.002338825594959  0.035378090690959  0.023051429016919  0.728499556949005  0.004434539461508  0.000000000000000  0.002980975017501  0.013221228071880  0.057154068093744  0.040921419471361  0.007877753553864  0.019722688001752  0.001774957258689  0.028125060306047  0.945402116750744  0.044102370106522  0.010416395914775  0.320189965332443  0.679714120953369  0.144185700632503  0.855595025682602  0.040414029121484  0.441045682598588  0.417833479460927 
55.0    A  0.732550437305669  0.004992575637512  0.007442484359718  0.010664794670978  0.003554839156566  0.006434304822403  0.019791160214425  0.005683518295448  0.002919627438740  0.004667934393972  0.000000000000000  0.008200911590805  0.004349303196206  0.016758072137780  0.014802657353114  0.129947429396910  0.020235046857100  0.006905683836435  0.000000000000000  0.000000000000000  0.983502074026248  0.012994095287108  0.003307598876416  0.694477567882555  0.305448275418375  0.573156092864189  0.426908857195622  0.038821508805764  0.445964259710046  0.395842932935636 
56.0    E  0.028340322779161  0.000881348366663  0.024740183308477  0.695440985854994  0.000000000000000  0.013048248741068  0.000000000000000  0.002541683311410  0.123792858991628  0.003496191683312  0.006656594492772  0.032577055026285  0.004477781975501  0.009124745270415  0.033307710502123  0.001445716111328  0.014568538850576  0.005778857458003  0.000000000000000  0.000000000000000  0.969961910341735  0.008127345832203  0.021974893748642  0.580351957191860  0.419574818553271  0.171347850622463  0.828744904487992  0.037111239564794  0.488692883205403  0.449377563305515 
57.0    D  0.011438169499575  0.001414982572807  0.037214276542655  0.463615273217731  0.000000000000000  0.212421249784663  0.005974360460480  0.003127010979126  0.089188406607367  0.001423837284001  0.000000000000000  0.093169399174933  0.000000000000000  0.018414678247058  0.034101996157967  0.002571810394647  0.009131072254385  0.002374764224967  0.004746237468379  0.009591685030586  0.950659101229818  0.017457611532378  0.032128557083002  0.657471380102535  0.342695701244926  0.291991848653279  0.708087719107272  0.035871950432969  0.482968164462423  0.437392382452911 
58.0    E  0.003264324058288  0.000000000000000  0.109575715164504  0.419574818553271  0.000000000000000  0.092141826080694  0.005601387687562  0.004985659253238  0.132494097924660  0.004055231525559  0.001179997893935  0.045060277233132  0.002690332121842  0.011079219028746  0.112500241224189  0.009061716050824  0.027242444985533  0.018529914053296  0.000000000000000  0.000828046840462  0.988970916380931  0.010583788886604  0.000196252683287  0.130488990927715  0.869344560090022  0.281850103036355  0.717972255311718  0.034866853822655  0.475000191437443  0.404721108273704 
59.0    V  0.009413846210897  0.002731672036599  0.012630013575087  0.017373111836205  0.007442484359718  0.020775111065339  0.005609158244623  0.440740078953585  0.005009908604540  0.015821168864851  0.005908468739390  0.008021012075937  0.003277928269947  0.006824788249349  0.009499056899868  0.013564691056266  0.088941466327162  0.313600551130249  0.000000000000000  0.012859692894980  0.976031760776225  0.020179021098474  0.004100455795403  0.435275281648062  0.564873607285062  0.122852574818156  0.877213548732822  0.034458411345904  0.472701058375372  0.427501088945986 
60.0    V  0.017886315009354  0.001596358063454  0.008217982650030  0.009472756398920  0.008396477912934  0.005448217446681  0.000000000000000  0.267757705797864  0.033008925792246  0.022498926851792  0.100690536381094  0.016097718025314  0.002758309383564  0.006070369287375  0.072947381363654  0.034007576302213  0.031315050158739  0.286181040149671  0.016108879981169  0.059539874877746  0.978063473447339  0.004792519442398  0.017098339082199  0.175433965754884  0.824733548610081  0.238324636322040  0.761544369851631  0.034315400430845  0.454704125900367  0.430474594169452 
61.0    I  0.005154327776457  0.004835899573584  0.000893651531375  0.004319260364532  0.012621262150150  0.002346945409232  0.000000000000000  0.782954296256543  0.000884408186541  0.055668306287918  0.013946046429265  0.029687511964840  0.000000000000000  0.011915637916065  0.007473501235093  0.007888682012474  0.001373430859290  0.051868411599374  0.001972170503119  0.004204062987437  0.972654947412286  0.003530284088871  0.023997035464095  0.476649272644080  0.523042469896265  0.157126671815229  0.842646829503152  0.036297147872679  0.496890546661277  0.433168428200044 
62.0    K  0.006920058742987  0.000000000000000  0.019090517213648  0.003001709338453  0.004431466738031  0.010019817209080  0.002970661627424  0.013687473672924  0.041063488348418  0.009162773040874  0.073149915092162  0.008881382603406  0.009854511006494  0.001347032150222  0.688247800795349  0.044594203303684  0.012310216969521  0.003505898635419  0.017062821027276  0.030606884299591  0.975355461527642  0.013878543685038  0.010554485035435  0.452503231441453  0.547526235396787  0.403880388804804  0.596254436165316  0.038128140946007  0.487339815445774  0.421615555125056 
63.0    S  0.014864348067684  0.012208248127692  0.009772883438385  0.013021143861863  0.020861692238999  0.050800975124020  0.002450004305705  0.036701936600427  0.015030116479137  0.026755883892077  0.000000000000000  0.022035905632569  0.004869535915137  0.018971795068673  0.006656594492772  0.643494623650635  0.036021448337465  0.016700093612672  0.033377044001495  0.015345931175990  0.965267024871757  0.015187202937209  0.019478143660548  0.524131237758464  0.475659138165900  0.153786418093893  0.846158596600290  0.035402621415494  0.478635729097649  0.435275281648062 
64.0    A  0.050977343333688  0.014558444207887  0.046166814486955  0.492092011016900  0.003244023531605  0.016781319869064  0.029625842660270  0.007737053686977  0.164367845025634  0.017193415771346  0.000000000000000  0.018998113799736  0.007954571873161  0.047071577082307  0.018645870984871  0.022421086478230  0.004177918312052  0.017775081685508  0.013443009853304  0.006891338790603  0.986232704493359  0.011422323815625  0.002137292385275  0.164481815628626  0.835666958921854  0.025826572442319  0.974004268543241  0.037473122305972  0.489370825198718  0.420448207626857 
65.0    N  0.001361110584656  0.001645794588873  0.031928752584822  0.016470178488918  0.003836482793998  0.024826075003003  0.017157700215423  0.023930593704600  0.061213768599183  0.004527718562127  0.001840100144345  0.723467442935263  0.007139308204917  0.004496443325499  0.016424576704495  0.036931610841699  0.010873799936180  0.003752323687318  0.000000000000000  0.008149910886952  0.980779003988551  0.005165057051338  0.014130927774392  0.765248384911334  0.235043550627282  0.606256409530869  0.393653988284602  0.035747842912619  0.495171435966512  0.421031476804208 
66.0    L  0.006777645993376  0.016944959513173  0.005715121955876  0.005691402788664  0.222210670291643  0.025453361345944  0.016653855251062  0.334481888696528  0.024399577893981  0.215386539928004  0.012656304275501  0.006642766875502  0.007790869151188  0.005065779510356  0.024013674707625  0.023980407750014  0.012023493907507  0.015292838287460  0.008350046806336  0.010510681316577  0.959264119325264  0.007861389246076  0.033123524481165  0.341746862985452  0.658383461029622  0.410655350376033  0.589269703905841  0.034244117701490  0.491410299272626  0.452189688780544 
67.0    T  0.018148573936339  0.015810206266046  0.009565128065627  0.008338479203437  0.006262697885933  0.001994164308022  0.017579038823263  0.008918396149428  0.040470093714201  0.014328188175073  0.005551140793677  0.031554728049896  0.014833470639852  0.028144561870248  0.023373214974412  0.199022024694695  0.547526235396787  0.008632535037499  0.000000000000000  0.000000000000000  0.986232704493359  0.009638337264137  0.004046807670156  0.373453364278086  0.626332219312064  0.664342907048256  0.335643125695066  0.035304600455316  0.489031736723670  0.426317445883978 
68.0    D  0.014052786127309  0.000000000000000  0.363241262392842  0.027641888604111  0.000987453203956  0.013452331067795  0.012985091587401  0.005754873772721  0.044409126349417  0.003424241098891  0.000000000000000  0.387965427137428  0.003035184643688  0.027223568504446  0.002972721446952  0.044255482444204  0.034244117701490  0.006891338790603  0.000000000000000  0.007535923317064  0.961927454664775  0.035085044439800  0.002845701394332  0.191444749636798  0.808320868805567  0.453445164466571  0.546767728742316  0.033353916813749  0.429878243121503  0.467487598875728 
69.0    N  0.008936960728155  0.000000000000000  0.029605314706227  0.008048859012657  0.000000000000000  0.009407323290870  0.011767894270577  0.010280113476789  0.008183875992967  0.003410029652866  0.031576607702711  0.759962428200758  0.002993398359781  0.013897796774030  0.006934463572418  0.056406295466402  0.029036271070341  0.001686210075341  0.003680200288691  0.003966273831521  0.927230546435463  0.014538275901610  0.058193426239389  0.337275633584925  0.662503508522604  0.187374950219443  0.812815601984320  0.033330805650993  0.479964630519454  0.469110598250336 
70.0    T  0.521594296764929  0.006606033495137  0.020977695355942  0.007299432397525  0.000748868486169  0.055977854380678  0.006992383366625  0.018998113799736  0.022987605403996  0.010761328487368  0.005999258866024  0.013574096642978  0.033866436463899  0.008110463051118  0.032554482156507  0.041035035169505  0.112969090843886  0.075624630576206  0.000000000000000  0.003177262492704  0.971307495541633  0.004951220789197  0.023798261557863  0.809442216547408  0.190782401120070  0.762600826628142  0.237171078785113  0.036778335538086  0.494142825750366  0.402204185470958 
71.0    K  0.006920058742987  0.000000000000000  0.012225184089633  0.037969899747032  0.008584798574819  0.015388538170243  0.003672555478551  0.009335868787944  0.724973416439426  0.001958547726369  0.000759322300667  0.025435724533451  0.010096506489355  0.021597378227009  0.036957218757629  0.017985773301996  0.041897268486885  0.011071542160220  0.001652653508985  0.011438169499575  0.992404374685819  0.006470083291676  0.001208974893396  0.976031760776225  0.023715925827720  0.514413353946788  0.485653747770817  0.033284631356044  0.488354264481114  0.450625231305415 
72.0    T  0.012378668920703  0.000000000000000  0.007872295003207  0.003045722041450  0.001185737191792  0.000000000000000  0.002818220091527  0.136502568218206  0.008949358577967  0.004655010056930  0.001776187991798  0.188678246065070  0.019249969897590  0.006574058455355  0.004799167892366  0.042985681816867  0.478967609111348  0.072947381363654  0.000000000000000  0.006675076100701  0.971980987981352  0.001142967423315  0.026886019706607  0.170046356550744  0.829894585589983  0.254369923025672  0.745872013345733  0.032039601184019  0.498961359499525  0.473685035299634 
73.0    I  0.002422983003350  0.002329118891271  0.000000000000000  0.004638904945599  0.006138066536465  0.000000000000000  0.006172197748933  0.816203046150902  0.002096211496862  0.028895727441053  0.009297122627396  0.000000000000000  0.002065919850817  0.000000000000000  0.007672965587995  0.016769691974898  0.010843693117309  0.028676246322230  0.004462290026752  0.051474438579223  0.982820598545251  0.008543245761599  0.008501894075553  0.462652214018926  0.537374586427751  0.706127202192377  0.294022812572741  0.033215489823705  0.487677730763821  0.441351498145327 
74.0    I  0.005240789940946  0.000000000000000  0.000000000000000  0.000000000000000  0.000000000000000  0.009329399899020  0.000000000000000  0.768437590644006  0.023666661185578  0.075519865211871  0.016435965300061  0.008555097428075  0.003398231846518  0.001746884573794  0.015711884068726  0.029811235954611  0.009232902710425  0.021853376292788  0.000000000000000  0.011010318399547  0.997231251352069  0.002499750808290  0.000000000000000  0.677832163400000  0.322193657621254  0.257920794825340  0.742261785314525  0.032963197408377  0.494828328207603  0.470739232270603 
75.0    V  0.007769298192759  0.007982188146205  0.002491102327497  0.002504954302270  0.003513196531827  0.009971318506476  0.003033081542973  0.077750728331154  0.000000000000000  0.028105572254617  0.009772883438385  0.002624030128362  0.000000000000000  0.003754925501519  0.000877690553331  0.014659706195323  0.004940935712320  0.780786492607391  0.001167792770289  0.038366740122346  0.988285651500733  0.007094909513449  0.004779250160671  0.578344091952644  0.421615555125056  0.054711958105891  0.945402116750744  0.033215489823705  0.493116352246680  0.478304079045937 
76.0    Q  0.006958538285990  0.004295375583260  0.012006837353813  0.002919627438740  0.000000000000000  0.004940935712320  0.152724137709188  0.017062821027276  0.024247839196089  0.022671128247409  0.000000000000000  0.042866665268456  0.016379101179952  0.558256480991286  0.023324662239015  0.033400187225344  0.070707153927869  0.000000000000000  0.007134361328219  0.000000000000000  0.995159721820083  0.005168638437141  0.000000000000000  0.615145672375572  0.384751805040216  0.085436715746363  0.914465089499901  0.033377044001495  0.495514781632040  0.472046209575125 
77.0    L  0.010237448467643  0.001662995522947  0.003860490826175  0.010089510549237  0.102166916061035  0.009207339123529  0.002816267327071  0.009169126392823  0.030670595745421  0.749499800877774  0.005750886180344  0.001838825126057  0.010576455305097  0.004049613675858  0.004594106446449  0.004224510794858  0.009985151275024  0.017265070074999  0.003010043392025  0.009169126392823  0.970634469769547  0.021792869786725  0.007630535382517  0.372936006672866  0.627201102260497  0.163912751776956  0.836246399914063  0.033469713224733  0.466839972457657  0.474342157570227 
78.0    K  0.025737219289612  0.002524126622339  0.038902319855693  0.018300159081544  0.004298353942836  0.003298440966499  0.020067434515460  0.017998244411709  0.139370777340962  0.004262749519746  0.012387252134536  0.550570799048982  0.007927051145163  0.006159376359815  0.011517728260087  0.018827692421794  0.044687030823803  0.039500096826650  0.000000000000000  0.033632503899494  0.991029563264079  0.004483993804121  0.004723264358724  0.193445624192799  0.806641759222126  0.007807086663988  0.992404374685819  0.033400187225344  0.495514781632040  0.452816991508911 
79.0    E  0.020361674208801  0.000000000000000  0.043949787497285  0.367037659008526  0.000000000000000  0.004869535915137  0.016356410655853  0.007396200244037  0.214047071136614  0.013840117485974  0.001110942605344  0.046584699587466  0.001534516634116  0.041607862913637  0.030755750688556  0.061596833558711  0.071644511608024  0.011233879162867  0.012335841979696  0.033725882390763  0.943438250895360  0.033123524481165  0.023486898094774  0.489370825198718  0.510506062853597  0.027337023903307  0.972654947412286  0.033842970172685  0.450312989923965  0.446273485736488 
80.0    P  0.046617000834108  0.001266444877589  0.005539609514373  0.013668511951653  0.002499750808290  0.009712106788312  0.003114033111486  0.008088007217511  0.017530366883289  0.030691862351981  0.004594106446449  0.068726009332159  0.211979991158287  0.011549706494327  0.012586317047637  0.411510172639354  0.130217928626028  0.004674410012620  0.000000000000000  0.005418089723169  0.991716730738293  0.008166875782853  0.000398812983940  0.633317126861609  0.366783336041831  0.434973676354325  0.565265283562296  0.035673584597712  0.489710148793463  0.416965521912482 
81.0    V  0.008065613558463  0.013936383115939  0.000000000000000  0.009759344731667  0.001062736759444  0.004736378199460  0.002765967652763  0.147521792917025  0.000000000000000  0.106875272236497  0.000000000000000  0.005384395128811  0.000000000000000  0.006910472151028  0.000000000000000  0.010423618513108  0.002857560977938  0.662503508522604  0.006176477473468  0.011171757705951  0.995849753094458  0.002243551474604  0.002054495662508  0.495858365369147  0.504176227447298  0.098892162648181  0.901250462610830  0.032464346978052  0.495514781632040  0.450625231305415 
82.0    K  0.044010757091003  0.000000000000000  0.013294745773540  0.236023104787562  0.001244688112616  0.020025748815003  0.006891338790603  0.025648175275328  0.135371880690741  0.013859317268002  0.005048253244678  0.103736823198748  0.030122806491895  0.088572337281764  0.057951909152216  0.042866665268456  0.099511012347347  0.061256213458867  0.003559770627489  0.010858736092518  0.996540262827868  0.000811568224213  0.002891432222656  1.000000000000000  0.000000000000000  0.083910781423766  0.916368644675351  0.032329611922466  0.500000000000000  0.450937689191125 
83.0    I  0.000000000000000  0.000000000000000  0.003963525572582  0.003155315537538  0.003201580498584  0.000000000000000  0.003101109105202  0.798298386356650  0.002718449984045  0.059663813383732  0.055784185717061  0.014140725982545  0.000000000000000  0.000000000000000  0.000000000000000  0.011565728890625  0.011296346051139  0.033031813767543  0.000000000000000  0.000000000000000  0.994470168673214  0.005493723437161  0.000000000000000  0.516915368123982  0.483303048532487  0.185822873053877  0.814507563070215  0.032195436050627  0.489031736723670  0.451250363731215 
84.0    N  0.002746861718580  0.013415084944340  0.018110874248507  0.032986053676186  0.001347032150222  0.007213924302573  0.026369243629063  0.037421209519342  0.022281651833815  0.013461658745500  0.004677651189918  0.500693627855667  0.002126947295578  0.009725579963923  0.015766431778823  0.034339194299277  0.182251172352072  0.054484889971066  0.000000000000000  0.020717590004667  0.997231251352069  0.001575472185981  0.001450735274083  0.261340025051291  0.738669031791280  0.041665583659100  0.958599438492977  0.032017400719775  0.497235084336607  0.460093825312437 
85.0    C  0.007375722024611  0.918912883479050  0.000000000000000  0.000000000000000  0.001958547726369  0.002350201222655  0.000000000000000  0.005410583859808  0.000000000000000  0.007872295003207  0.000000000000000  0.000000000000000  0.000000000000000  0.001544119368367  0.008454880035357  0.007345110957103  0.003414760235978  0.027261334555336  0.001160530376032  0.006712193398025  0.981459063853479  0.006707542472170  0.012015162744299  0.096991356784357  0.903126510151822  0.242490477585434  0.757333157938488  0.032690154368517  0.481630947010074  0.458819941155683 
86.0    T  0.011899130778932  0.004397806977097  0.002110791800858  0.026479138592066  0.003647187284825  0.002522377637309  0.010650020369395  0.133600748901376  0.037996227599472  0.009881871424640  0.013564691056266  0.009578397344165  0.020560226953578  0.019117000642685  0.054636163775648  0.033353916813749  0.561749951515823  0.040107059298841  0.000000000000000  0.004137571619859  0.993092495437036  0.004046807670156  0.002559362116911  0.167356907122305  0.832775770880549  0.149996422796652  0.850274160064196  0.032352028870043  0.494485458190466  0.456915725114700 
87.0    R  0.004425327676937  0.000000000000000  0.017445515030978  0.010040674511479  0.002818220091527  0.022655419263732  0.000000000000000  0.003010043392025  0.009226505167418  0.000000000000000  0.001450735274083  0.002231145013376  0.000000000000000  0.014033318326311  0.869344560090022  0.022020636799094  0.010258758792376  0.005999258866024  0.000000000000000  0.005006437203751  0.995849753094458  0.004060857168653  0.000332352079224  0.441657525740733  0.558643569036110  0.000000000000000  1.000000000000000  0.033377044001495  0.496890546661277  0.458819941155683 
88.0    L  0.005827125104264  0.000000000000000  0.002297053223225  0.009598335784732  0.001803481075643  0.002881428627115  0.007699604194839  0.002426344300360  0.029319412390646  0.020165038913309  0.000000000000000  0.001242963803980  0.832775770880549  0.004044003608755  0.012250632094933  0.012259126529637  0.045911519789947  0.007949060094552  0.000000000000000  0.001486360723476  0.975355461527642  0.013039207518053  0.011272880366106  0.613017430026578  0.387159513926610  0.309497572709361  0.690637224071928  0.033423346496414  0.485990493990676  0.458502021602336 
89.0    N  0.016792955825867  0.009297122627396  0.018607138271328  0.006661210091937  0.011056204377552  0.273573425315185  0.021807980689409  0.007089993400915  0.004736378199460  0.007662335968661  0.000000000000000  0.358240412593275  0.010851211998165  0.017157700215423  0.007667648936355  0.123707082051901  0.031598502526603  0.003515632538256  0.011702819800189  0.058032303269171  0.975355461527642  0.022577037467555  0.001829924700923  0.577943353277399  0.421907898065009  0.403600537252382  0.596254436165316  0.032712821311705  0.446273485736488  0.451876363375543 
90.0    N  0.006070369287375  0.000000000000000  0.019223302261737  0.006003418676906  0.001261188818655  0.006610614035940  0.012318752719629  0.015560152392101  0.030628106729433  0.006555856539895  0.001748095841656  0.767373048000443  0.006953716666035  0.032690154368517  0.012166010797838  0.027699428099840  0.027950153180706  0.004700402445311  0.000000000000000  0.014710601008456  0.985549336939371  0.009381276777228  0.005391864661706  0.293615492803413  0.706616821941365  0.578745108495061  0.421323414751576  0.033307710502123  0.489370825198718  0.433769343576034 
91.0    N  0.003424241098891  0.000000000000000  0.007213924302573  0.006867496569623  0.004719991575742  0.002675455038995  0.008674522137724  0.032441852204471  0.104241380478121  0.014833470639852  0.007060568177743  0.645281245225889  0.004108991325015  0.028125060306047  0.047994070928191  0.023914012028479  0.035550163371016  0.003898135621090  0.000000000000000  0.018932385319223  0.986916545885842  0.009538644630228  0.003374758544532  0.252437824399171  0.747424624317469  0.207905524593727  0.792234810924969  0.032622247731929  0.485990493990676  0.459138081150462 
92.0    K  0.009745824780578  0.001549480162483  0.004842608202887  0.015777364024948  0.000000000000000  0.002688467971857  0.003221615424258  0.040274207202657  0.047596523115727  0.006787048321489  0.002536403520957  0.000000000000000  0.004825854051277  0.026150820083856  0.017985773301996  0.058032303269171  0.721464343430814  0.012233660879008  0.000000000000000  0.024214247842474  0.986916545885842  0.011187255790634  0.001667612723420  0.221135108832885  0.779164579660500  0.118503370641081  0.881480157907170  0.032690154368517  0.485990493990676  0.462973011263662 
93.0    I  0.006853230849475  0.000000000000000  0.002378058630201  0.021672358892678  0.001480191959483  0.019901210551977  0.013936383115939  0.067032288551121  0.065516404719808  0.007416735319926  0.004910208494226  0.002764051094388  0.001567846462336  0.013443009853304  0.612592665952338  0.023486898094774  0.014998894703733  0.112188756333408  0.003467231786209  0.004192422993724  0.987600861445373  0.008656502717695  0.003933420117409  0.612168196200102  0.387696603173502  0.171704529178703  0.828170661334546  0.032712821311705  0.487677730763821  0.464902471306581 
94.0    R  0.006782345528133  0.000000000000000  0.002987180230240  0.036880448229256  0.000000000000000  0.024163948045479  0.004832548744872  0.023486898094774  0.423959982316574  0.024450368179266  0.000000000000000  0.016390458243359  0.005455775517451  0.112188756333408  0.171704529178703  0.013687473672924  0.092397651954615  0.038875364165577  0.000000000000000  0.001728815946444  0.982139595263391  0.007720981652349  0.009881871424640  0.761544369851631  0.238324636322040  0.252963300256732  0.746906728556171  0.032577055026285  0.479964630519454  0.456599125005996 
95.0    H  0.007556846325109  0.004483993804121  0.013975076590353  0.036021448337465  0.000881348366663  0.148033951481704  0.003621994322014  0.015474107373954  0.039830019603727  0.000000000000000  0.003083960494924  0.029873291174804  0.047994070928191  0.024518253059273  0.089684345912919  0.473356815618357  0.016619260513956  0.035012162943568  0.004021640950914  0.005851409900094  0.983502074026248  0.009472756398920  0.007218926347241  0.856188284546457  0.143587294374629  0.129587637627465  0.870550563296124  0.032986053676186  0.485990493990676  0.457549584063964 
96.0    I  0.003844468836070  0.003982803449212  0.001855469497803  0.001301147290129  0.006275734349664  0.001751734686840  0.005429368046259  0.537002235810062  0.002915582779877  0.051331918797004  0.037369368649254  0.003825860537449  0.000000000000000  0.001552705568260  0.011422323815625  0.005403088394574  0.062978360025657  0.219912268980609  0.003708367659963  0.038181034427297  0.988285651500733  0.010517969291225  0.001396469713244  0.174222154835934  0.825877664935720  0.151564102382717  0.848507901705896  0.033609199701793  0.487002134271620  0.451876363375543 
97.0    H  0.004903406215948  0.004872912390289  0.002158133759375  0.012560171730362  0.002443220859596  0.052410511527558  0.266646445207941  0.017985773301996  0.026960667016958  0.021211640310625  0.003518070233781  0.028399316139016  0.073505703143185  0.047662551664259  0.227037104430377  0.062370169937441  0.116709993114414  0.009834040418007  0.002901470548166  0.016075417310837  0.978063473447339  0.012621262150150  0.009181846315779  0.586824089140676  0.413225159077106  0.199436309952258  0.800514810656303  0.033866436463899  0.468460723436213  0.448755025333631 
98.0    I  0.012081974022739  0.003179465566681  0.004982204654994  0.001519697610460  0.026024242840017  0.004671171081157  0.002131374759873  0.596254436165316  0.000000000000000  0.127803566326240  0.071051060827251  0.004140440560146  0.003094667230176  0.004100455795403  0.026078415036107  0.039664715188119  0.025594896808120  0.025365299405540  0.002564689698094  0.019777446780786  0.977385766410805  0.018542762463383  0.004385630554975  0.554016173932463  0.445964259710046  0.167821562847533  0.832198734711525  0.033031813767543  0.478304079045937  0.450625231305415 
99.0    G  0.058964890680960  0.000000000000000  0.016898043179432  0.006112592044816  0.001817284487701  0.790589116603944  0.006712193398025  0.004394759705816  0.001393568853240  0.000000000000000  0.044625124365158  0.009156424091207  0.000000000000000  0.002369831172361  0.030437633391976  0.010330114102676  0.007036140467562  0.006791754375703  0.002303430844260  0.000000000000000  0.996540262827868  0.003016309113640  0.000103937220184  0.641712948781452  0.358488812003957  0.316219885588484  0.683967651951245  0.033215489823705  0.481964903870322  0.452503231441453 
100.0    P  0.044163551371335  0.004157696025208  0.000000000000000  0.000000000000000  0.003388822996688  0.007208925723858  0.002065919850817  0.002273294012504  0.004799167892366  0.018568486016515  0.000981992754295  0.007309558576808  0.729004689408289  0.031250000000000  0.027185854772145  0.050275523183870  0.057114465639338  0.002913562552132  0.005949565389466  0.001408133663535  0.933679944915313  0.007391075365044  0.059251685320540  0.808320868805567  0.191444749636798  0.009446528717448  0.990342871933025  0.033008925792246  0.491069797631696  0.466839972457657 
101.0    G  0.015103220266640  0.002656974321105  0.015484836926001  0.011808749439971  0.000000000000000  0.846745312362527  0.000000000000000  0.002161127642758  0.001382983826381  0.004749528449934  0.017542522219900  0.003414760235978  0.004845966006701  0.008826150113829  0.038687196588670  0.009585038884795  0.013350152201402  0.002496287818756  0.001434734993436  0.000000000000000  0.964598184584138  0.005266280202098  0.030374405874417  0.600818024763425  0.399149193178325  0.562139461889309  0.437999157533563  0.035772630018709  0.493800430722686  0.387965427137428 
102.0    R  0.013859317268002  0.002378058630201  0.006358931133363  0.010216182410443  0.004215735298845  0.017701310707747  0.014091802787223  0.010995065432230  0.046876218415182  0.077858588473092  0.061298687749284  0.006592310907266  0.009181846315779  0.375790369516391  0.280874975757911  0.019668080836013  0.028183605574445  0.004024429506328  0.001511293939006  0.008478354467827  0.980779003988551  0.005601387687562  0.013715965587649  0.460732093099352  0.539240215847226  0.946057646725596  0.054183597719668  0.035304600455316  0.455019412040450  0.420448207626857 
103.0    A  0.412081042476620  0.002174651598103  0.007154169425142  0.009175484150107  0.010258758792376  0.005284563402540  0.007850498597061  0.024180703024100  0.024569290379385  0.031445556984306  0.009232902710425  0.008037708655419  0.016550286479436  0.004373487846306  0.017337023001060  0.063680699788545  0.189333289484622  0.149270398384324  0.002412927025639  0.005520443921417  0.981459063853479  0.001226701544085  0.017301009132567  0.602068690615708  0.398044049389390  0.052994997789572  0.946713631236714  0.034031156729253  0.499653546495226  0.462652214018926 
104.0    F  0.002458510104502  0.001609691572174  0.000000000000000  0.002309826172352  0.622005826649234  0.000000000000000  0.006167920989848  0.054146053525005  0.007284269425288  0.114784520287615  0.005258984645612  0.005101014793316  0.002820174210005  0.000000000000000  0.001751734686840  0.020375792738415  0.001576564598642  0.025050791543731  0.080214118597682  0.047104215923699  0.984866442895551  0.009518830184962  0.005859527301898  0.559806444327120  0.440434687063490  0.500000000000000  0.500000000000000  0.034891030061955  0.453759577658580  0.423959982316574 
105.0    Y  0.003127010979126  0.007294374569651  0.002752579599887  0.000906754738581  0.080772051914843  0.003377098559796  0.085555238318240  0.016874633747389  0.000000000000000  0.040246300922182  0.008350046806336  0.009207339123529  0.000000000000000  0.005161478147103  0.011767894270577  0.017566858184041  0.008384845987449  0.014437852694482  0.004859420520697  0.679243142274472  0.951318276331799  0.006510571930931  0.042247213532129  0.879039560911787  0.120825762133122  0.049686578184311  0.950000382874886  0.034339194299277  0.493458272942921  0.454389058224260 
106.0    A  0.448133349784702  0.022097086912080  0.004584563196412  0.004013286872574  0.000000000000000  0.022374511581268  0.018274807250812  0.002587904330166  0.015399208389678  0.006376586298054  0.002712802999541  0.036574957546081  0.006412043818832  0.010598471308185  0.040893064732969  0.141512362763834  0.186209682890338  0.015229369232680  0.000000000000000  0.016053147490296  0.966606097064973  0.006091444082901  0.027129382112533  0.576343173399432  0.423666217473059  0.622437117691085  0.377356492130140  0.033353916813749  0.484980955170867  0.399425958224574 
107.0    T  0.053105312446166  0.003365414686375  0.006095667813857  0.009964409309989  0.000000000000000  0.030926770512975  0.007284269425288  0.037864770638445  0.013303964183577  0.011890885787807  0.056719947207323  0.038101721689884  0.016862941195382  0.074171049853533  0.031576607702711  0.020011872833278  0.580351957191860  0.006193626067268  0.000000000000000  0.002319452472800  0.168054374269078  0.813943185070435  0.018274807250812  0.917004043204671  0.082812938565325  0.330334601414566  0.669427628489221  0.034506213973847  0.066800374450688  0.405001736816023 
108.0    D  0.078726873746712  0.008390659934532  0.273383864371158  0.150935073935812  0.005531935305526  0.065607292726442  0.017098339082199  0.024929538744032  0.083158065067543  0.014720801154763  0.001347032150222  0.062673527243817  0.037343475151774  0.051976381148432  0.047366142703450  0.026941985781800  0.027129382112533  0.017579038823263  0.001234378025833  0.003952551566511  0.971980987981352  0.013984766733250  0.013926726498390  0.610473256334567  0.389582289830250  0.359982829628671  0.639936206922154  0.035304600455316  0.484309094613314  0.381564802240140 
109.0    I  0.006633564425366  0.002692197564406  0.006245358049629  0.003103259375375  0.003836482793998  0.005478512697822  0.014308338850283  0.696888619343735  0.012090351512050  0.038929294236546  0.008887540842754  0.017409275794052  0.017898717155934  0.004038401313469  0.016538818669924  0.003467231786209  0.019316800951890  0.092654188112677  0.000000000000000  0.029380443828410  0.947370070599268  0.041006601705999  0.011719054603795  0.290377182981431  0.709561678100191  0.579949827252717  0.419865746472070  0.034530140149997  0.421323414751576  0.407253781535108 
110.0    K  0.014629253866164  0.001651508373784  0.002681024279795  0.017074652173452  0.003744529056613  0.032577055026285  0.006280085865181  0.527411158534031  0.022734073181793  0.041234622211653  0.013687473672924  0.075572229739585  0.005093948184604  0.011438169499575  0.016064278541501  0.012344395497865  0.092911436526938  0.084553014440642  0.002598689533361  0.015657525079369  0.961927454664775  0.035476315692065  0.002562912606625  0.547905883223845  0.451876363375543  0.543744195427441  0.456282744271726  0.033031813767543  0.454704125900367  0.433168428200044 
111.0    G  0.002289106022802  0.008043281901828  0.015324671937321  0.019984149707460  0.000000000000000  0.734584316639154  0.006474569566312  0.008408125974873  0.039336161672027  0.005945442893904  0.000000000000000  0.025068161448515  0.007289320246381  0.005941323254848  0.050765774772265  0.029299096764285  0.032917532373589  0.001984511998035  0.004274584770550  0.002119588616957  0.962594443101751  0.023067412588794  0.014588749139302  0.247242729095233  0.752623373705534  0.085614561247848  0.914465089499901  0.032690154368517  0.472046209575125  0.465224828851508 
112.0    N  0.008178205327926  0.000000000000000  0.545253866332629  0.023260082111977  0.000891795166027  0.044811101500495  0.005165057051338  0.022813000166477  0.050977343333688  0.006215128779335  0.000000000000000  0.183010711993203  0.006108356586942  0.002174651598103  0.054674047806614  0.018853811245637  0.013677989526473  0.008413956064008  0.000000000000000  0.005328702479997  0.971307495541633  0.020760715845258  0.007899625631651  0.315125847895746  0.684916489982783  0.236678407809178  0.763129604480280  0.033192474577980  0.475988954248766  0.452816991508911 
113.0    I  0.006319385534076  0.000000000000000  0.005237158560861  0.000000000000000  0.009055437124254  0.009310020113860  0.004626060983803  0.660669202829133  0.013048248741068  0.059663813383732  0.029811235954611  0.006834255975827  0.047794883683837  0.003754925501519  0.013897796774030  0.041521431690516  0.045752677998301  0.008832270055661  0.003052062031923  0.030926770512975  0.986916545885842  0.011202775375124  0.001867080698425  0.376833727389595  0.622868707784737  0.103593113060999  0.896266699569405  0.033100572958871  0.489370825198718  0.455650640318571 
114.0    R  0.000000000000000  0.000000000000000  0.008396477912934  0.003754925501519  0.005831165559754  0.018198962288570  0.000000000000000  0.020418207092081  0.103306289769276  0.002853602301847  0.006896117158521  0.004799167892366  0.000992944016887  0.006924857024960  0.785128118673572  0.016642315678022  0.008838394240984  0.005810991259510  0.001284123789263  0.000000000000000  0.984866442895551  0.000000000000000  0.015113692650218  0.000000000000000  0.000000000000000  0.150308656112272  0.849684999138650  0.033215489823705  1.000000000000000  0.459138081150462 
115.0    Q  0.029523345031163  0.000000000000000  0.012327294388320  0.039554893561571  0.000000000000000  0.010664794670978  0.006730829372750  0.016746460352130  0.203063099089059  0.014782150730087  0.002125473518888  0.009485897534336  0.013975076590353  0.483303048532487  0.095722374818399  0.016688522000748  0.022312562182579  0.010896434893363  0.000958456117044  0.011171757705951  0.982820598545251  0.010124538792448  0.007031265076512  0.706127202192377  0.294022812572741  0.529976391698641  0.470087101254563  0.033679160782615  0.453759577658580  0.428390977384285 
116.0    A  0.831622098374906  0.002185228712960  0.000000000000000  0.002397921257647  0.006542238183660  0.031293351740979  0.012913286221160  0.003831167984330  0.014091802787223  0.001419895036446  0.005879870107074  0.000000000000000  0.022844647631251  0.006948898387015  0.012586317047637  0.026626377971090  0.010627897284422  0.007085080694790  0.000000000000000  0.001162140328424  0.997922718999051  0.000872232277688  0.001128013461478  0.257385020858499  0.742776460330414  0.138600080450384  0.861546159712017  0.032150834621674  0.496546247718518  0.458184322337676 
117.0    H  0.009820416988452  0.015356571852270  0.003963525572582  0.001597464958121  0.040386025957422  0.006470083291676  0.468136123717246  0.013965393161825  0.004100455795403  0.013093548979187  0.014741222670240  0.018123432101647  0.009732323559137  0.020109206989082  0.032240099353167  0.012421644546078  0.022530138616566  0.003146579261909  0.048799155787962  0.241149546146035  0.992404374685819  0.007888682012474  0.000000000000000  0.190518103792471  0.809442216547408  0.084553014440642  0.915733686418126  0.032106294980593  0.491751037013124  0.462973011263662 
118.0    C  0.014467906601989  0.888226795842405  0.000000000000000  0.000000000000000  0.005266280202098  0.006777645993376  0.003949812815825  0.006267040362129  0.001721640933412  0.023195680791079  0.006834255975827  0.003395877187852  0.001624261910888  0.005157901722715  0.003898135621090  0.010387555532670  0.005034275900332  0.008807815719886  0.003554839156566  0.001404234895358  0.988285651500733  0.004546588025008  0.006934463572418  0.202781788894261  0.797192476540536  0.060580613558442  0.939522749214012  0.032826392000336  0.494828328207603  0.464580337125457 
119.0    N  0.004619652344704  0.011808749439971  0.013331657783001  0.077053270341488  0.006934463572418  0.007694269085121  0.029258507732328  0.027969533466499  0.061511501377113  0.003079688179907  0.008967987608242  0.501388217950539  0.000984719194233  0.030777076340486  0.031141883213371  0.031554728049896  0.086389512908036  0.025016087833009  0.033146491917757  0.007406460665068  0.990342871933025  0.000693411796164  0.008961773626767  0.066661611301985  0.933032991536807  0.018775563273857  0.981459063853479  0.032441852204471  0.500000000000000  0.457549584063964 
120.0    I  0.001697938593926  0.009426905622818  0.005528102188776  0.003086098874466  0.075362989230673  0.002677310165976  0.006328152137750  0.419574818553271  0.003208244924813  0.116952937228925  0.010467059393968  0.009813612352684  0.004140440560146  0.006569503244170  0.003259801879513  0.018135998662246  0.009030364894959  0.234392774114277  0.002664351239999  0.057751410777926  0.957935218222696  0.007993261482300  0.034386831542692  0.119162318161020  0.880869374126979  0.132677901118724  0.867538687152068  0.032780916486717  0.492433221447775  0.447822835045425 
121.0    S  0.004256844188333  0.005086891365504  0.016311123865964  0.013012121420009  0.007319698803691  0.017579038823263  0.005478512697822  0.016561762240583  0.021344379011787  0.015019702006074  0.000959785740767  0.279903222163560  0.000000000000000  0.017086491523197  0.012344395497865  0.499653546495226  0.046973796189549  0.018568486016515  0.000000000000000  0.002473895026803  0.954621014139717  0.028144561870248  0.017518219969195  0.164709993966768  0.835087919428369  0.405563577788521  0.594603557501361  0.035133716368082  0.447202450891303  0.406971592535217 
122.0    R  0.047894373756493  0.011398596439376  0.007769298192759  0.090684512989636  0.001731214256240  0.257385020858499  0.001927571378683  0.020660228205353  0.166431451654546  0.002379707546241  0.002744958398841  0.013021143861863  0.002044551331982  0.017169597149639  0.237664775307455  0.036171569280941  0.039830019603727  0.031120304784202  0.005995101937503  0.006116830439504  0.951977908497532  0.002543445682752  0.045405157799105  0.144385723069198  0.855595025682602  0.181494784987987  0.818469181590804  0.033655824256033  0.493458272942921  0.389852421305662 
123.0    E  0.156474557331749  0.002005253018984  0.021672358892678  0.078074757853336  0.001409110045763  0.082583650353642  0.002112255397429  0.026223426159579  0.087111077417967  0.007380836257791  0.000689577345891  0.014720801154763  0.009169126392823  0.026515871928309  0.027603595358796  0.083968964107581  0.350139080221801  0.015755507107728  0.002006643436287  0.004406961474439  0.993781093322555  0.004080608448688  0.002115185635793  0.500000000000000  0.500000000000000  0.498961359499525  0.501040802539816  0.036473690681827  0.485653747770817  0.362738051958545 
124.0    K  0.061853541025950  0.001586430461633  0.112033337446176  0.185179974752540  0.001697938593926  0.022127741222102  0.018971795068673  0.009772883438385  0.219607617059590  0.014437852694482  0.002383008809125  0.118503370641081  0.003344485486510  0.097058609375130  0.046778843337272  0.017050998078983  0.038956287321097  0.011759740214149  0.008844522672740  0.008099227351717  0.982820598545251  0.005325010184697  0.011581773514085  0.942784535918240  0.056956330039821  0.027718634536005  0.971980987981352  0.033238521027912  0.494828328207603  0.423372656181264 
125.0    W  0.006315006787543  0.008419790195654  0.000000000000000  0.003501041795193  0.009861344000876  0.025594896808120  0.000000000000000  0.000000000000000  0.004097614560840  0.014258835758491  0.022860487823505  0.011509747545441  0.000000000000000  0.001549480162483  0.005671712030875  0.006542238183660  0.001609691572174  0.001610807712129  0.871758239537062  0.004869535915137  0.991716730738293  0.000000000000000  0.008361630456458  1.000000000000000  0.000000000000000  0.177390419525048  0.822450068712464  0.033492920704259  0.497579860910041  0.408667664244142 
126.0    N  0.004340268471309  0.004910208494226  0.038393343138927  0.092461719328052  0.002485927607961  0.039145763707004  0.016187230680625  0.021582413252248  0.099511012347347  0.002785206479227  0.005928981456930  0.467163673441590  0.002545209276100  0.010082519456655  0.042747978246953  0.029811235954611  0.082927821287323  0.009433442120988  0.008321157839011  0.019249969897590  0.995159721820083  0.000728895694969  0.003802067867806  0.193579756963305  0.806641759222126  0.197236710213116  0.802737388715953  0.033632503899494  0.487339815445774  0.415235012045447 
127.0    N  0.027167017502813  0.007888682012474  0.076574083244042  0.159651719899424  0.001488422685879  0.045499673406221  0.003812624065532  0.015009294749273  0.212568540016049  0.013470992890900  0.009124745270415  0.216734390878672  0.009105790610426  0.047464740306704  0.055861572647299  0.025190088484155  0.056016668723088  0.009752582413294  0.002877436886360  0.004736378199460  0.997922718999051  0.000000000000000  0.002186743923153  0.000000000000000  0.000000000000000  0.092525831125003  0.907519155317161  0.033516144275561  1.000000000000000  0.426908857195622 
128.0    T  0.204475514639445  0.003852471501927  0.003804704173997  0.004958089398515  0.011735311929226  0.008875228631146  0.013075410041928  0.026848773592100  0.016413196000168  0.011605882192663  0.035182455816774  0.021507743774855  0.008431470597691  0.004007727130223  0.007026393063654  0.030143693268254  0.556325060292417  0.028027754989438  0.000000000000000  0.003952551566511  0.995159721820083  0.004752821713414  0.000000000000000  0.426613049056034  0.573553512113083  0.009335868787944  0.990342871933025  0.033284631356044  0.496202187342909  0.423666217473059 
129.0    L  0.000767790324356  0.003111875376116  0.001650364032056  0.001070128678172  0.054825846795801  0.002686605113554  0.001593041979178  0.044194173824159  0.018287478773040  0.741233504901418  0.035353576963934  0.002873450675499  0.005883947135288  0.001095647930206  0.006474569566312  0.015409886007709  0.009591685030586  0.014568538850576  0.026278012976679  0.012913286221160  0.992404374685819  0.006763566918122  0.001019445241623  0.603740295743248  0.396117405462485  0.008355836624103  0.991716730738293  0.033307710502123  0.494142825750366  0.424253950852948 
130.0    N  0.005208197957387  0.000000000000000  0.015250496262129  0.080660155653236  0.004927255503247  0.030798416779355  0.042188687035086  0.016008700359888  0.264988195849320  0.028577034046872  0.001996930723848  0.052301640167712  0.009772883438385  0.261884031774949  0.090936292727172  0.016968466505036  0.038553349056547  0.003246272896850  0.005738939973743  0.030018589498546  0.995849753094458  0.003672555478551  0.000267903305073  0.886996305152150  0.112812590932804  0.485317234884773  0.514770041716999  0.033330805650993  0.496890546661277  0.423959982316574 
131.0    R  0.012815201737449  0.005896195189533  0.016288527513143  0.120324305387719  0.000000000000000  0.033632503899494  0.014348065035952  0.003155315537538  0.176287245060549  0.032061817041786  0.006053561960619  0.045847917005229  0.009752582413294  0.363997387249772  0.103664943226805  0.017579038823263  0.011406500083238  0.007763914791582  0.008280881120291  0.010716666317114  0.970634469769547  0.026042287723726  0.003527837930281  0.044255482444204  0.955945317593742  0.047927583114784  0.951977908497532  0.032464346978052  0.450312989923965  0.459138081150462 
132.0    I  0.014467906601989  0.002508429314432  0.002146199643705  0.011265069308283  0.006358931133363  0.041177498491692  0.000000000000000  0.180992271547445  0.006479058951675  0.034007576302213  0.005262631159632  0.007179006902180  0.002917604408423  0.012056876367648  0.003579565018263  0.008692579067069  0.066201145917742  0.576343173399432  0.004310288047039  0.013907433332070  0.992404374685819  0.004940935712320  0.002338825594959  0.925946022527324  0.073914437515259  0.055822865772048  0.944092419150250  0.033353916813749  0.493116352246680  0.419574818553271 
133.0    A  0.352330188785505  0.000000000000000  0.002162626141571  0.014160342785427  0.003855142757367  0.042896388476716  0.007385954037115  0.009271381231692  0.118257205840699  0.031401994388243  0.006185045827119  0.006740166754239  0.008561029425373  0.010423618513108  0.043284670878466  0.088510964888409  0.069396177101790  0.182883902588041  0.000000000000000  0.002338825594959  0.994470168673214  0.000000000000000  0.005742919282770  0.718470088272032  0.281459646534191  0.057114465639338  0.942784535918240  0.033353916813749  0.497924876547229  0.421615555125056 
134.0    T  0.067078767899591  0.008367428306183  0.023568438698228  0.243669907722887  0.000000000000000  0.044842172956459  0.009207339123529  0.070805242830987  0.196554323035083  0.014239082509955  0.005317633267576  0.032509383328812  0.009290680585959  0.059416193826864  0.047530586038782  0.041377778449856  0.098141014834197  0.016746460352130  0.003510762213324  0.007763914791582  0.987600861445373  0.005802941096331  0.006533174999329  0.628942485918009  0.371130892657262  0.106431713468618  0.893785162356787  0.033330805650993  0.490729531926740  0.418993567333974 
135.0    K  0.039582320428851  0.000000000000000  0.000000000000000  0.075992455198944  0.000000000000000  0.002097664983633  0.010216182410443  0.015755507107728  0.498961359499525  0.017039183322895  0.000000000000000  0.014004167180772  0.007877753553864  0.142397922152764  0.081559684230560  0.012647534633553  0.063460381304339  0.009631658792686  0.000000000000000  0.008710673583810  0.995159721820083  0.004756117260402  0.000302872875419  0.670356295790168  0.329876977693224  0.075258586326963  0.924663278113700  0.033772668813730  0.492092011016900  0.421615555125056 
136.0    L  0.005652089397932  0.002313030491902  0.004256844188333  0.000000000000000  0.021597378227009  0.003963525572582  0.003464829317001  0.088327102742671  0.013840117485974  0.734075318017052  0.007164094087536  0.006610614035940  0.000000000000000  0.002905495629755  0.009957504900932  0.011288518733778  0.003532731943598  0.014998894703733  0.010089510549237  0.055822865772048  0.980099415341871  0.017554685984869  0.002149176971418  0.309497572709361  0.690637224071928  0.087292408279212  0.912565488543452  0.033238521027912  0.473356815618357  0.425137080032098 
137.0    R  0.041781265481410  0.000000000000000  0.001669926128695  0.050590138534213  0.001221610429798  0.109651693591603  0.008443167203432  0.026296233821418  0.204192247777506  0.078128893911576  0.002658816633788  0.029769937438873  0.008801712722635  0.058032303269171  0.293615492803413  0.022374511581268  0.024843289092155  0.029790579540255  0.002863509291385  0.005175808660333  0.989656656415207  0.006881791985367  0.003569654102459  0.425137080032098  0.575145946675303  0.015019702006074  0.984866442895551  0.032419373017675  0.492433221447775  0.427204870444866 
138.0    E  0.013012121420009  0.000000000000000  0.046584699587466  0.376833727389595  0.004083437891426  0.049755506173674  0.002948097594767  0.004622855553721  0.269060031195949  0.010605820155313  0.000000000000000  0.050066867349351  0.003562238927812  0.031423768137452  0.040498155169792  0.040470093714201  0.038022573707315  0.011874412940637  0.001958547726369  0.004508927412175  0.943438250895360  0.019736363466341  0.036701936600427  0.213898756420651  0.786217292140332  0.170164264562434  0.829894585589983  0.032712821311705  0.467163673441590  0.421615555125056 
139.0    K  0.010911551034902  0.000000000000000  0.002787137706480  0.021418481327808  0.015292838287460  0.000000000000000  0.253314225039771  0.057074890625749  0.048866852695537  0.142200653484063  0.005949565389466  0.027280237222930  0.009957504900932  0.190518103792471  0.032531924927628  0.027318081887824  0.054863862350595  0.015155654849090  0.000000000000000  0.084494427064258  0.970634469769547  0.023666661185578  0.005859527301898  0.359484133211739  0.640379930664885  0.336575017319196  0.663422570298581  0.033936933010072  0.473685035299634  0.402762145524375 
140.0    F  0.003024683702552  0.003020493505685  0.005859527301898  0.009578397344165  0.528875481809214  0.001030099919012  0.003955292216213  0.021537580515244  0.008850655353873  0.144686277123765  0.007877753553864  0.021567458646822  0.040779842115280  0.007509851003037  0.006345721846533  0.014710601008456  0.012859692894980  0.038022573707315  0.028815722434770  0.091188771515011  0.672217497076313  0.135090675254919  0.192776353175993  0.460093825312437  0.539988279916441  0.172300644121954  0.827596816078205  0.033562639738129  0.346517471412604  0.420739741142690 
141.0    V  0.003417127987913  0.000000000000000  0.015261070765035  0.043314683926575  0.014823192424070  0.143189737247470  0.020905118043533  0.022498926851792  0.106431713468618  0.019998006466317  0.003041502699460  0.297920643643512  0.094863703310878  0.020460709735681  0.065516404719808  0.027318081887824  0.035946621667206  0.045405157799105  0.002913562552132  0.016816251949747  0.815072332402625  0.149063609041329  0.035648866120888  0.354780839050096  0.645281245225889  0.833931043824964  0.166200888522714  0.032871930600121  0.343647173893007  0.233258247884202 
142.0    N  0.005136495157051  0.001148526611612  0.029056404456661  0.027565355162412  0.002871459641385  0.025790794016021  0.013888166893228  0.031293351740979  0.101320639985664  0.018529914053296  0.003092522913560  0.555939578758553  0.017445515030978  0.016886334406865  0.024654588776640  0.031906628928350  0.062586703481958  0.010903990344704  0.000000000000000  0.020165038913309  0.837406487508427  0.154963462492373  0.007598866776658  0.268315071598363  0.731535610352163  0.498615625676035  0.501388217950539  0.033261568201667  0.330334601414566  0.401090583176243 
143.0    K  0.026241609154504  0.000000000000000  0.011079219028746  0.025382887386132  0.001800982652173  0.014710601008456  0.015517070241204  0.038260512262506  0.404160434402784  0.003552375983597  0.003412394124675  0.106949378210325  0.008887540842754  0.019343598294335  0.057671405790862  0.035624164771671  0.202500868408011  0.017385158134138  0.000000000000000  0.007614684616340  0.905633983017823  0.084729020425000  0.009413846210897  0.281264621172202  0.718968266423479  0.356506429341035  0.643494623650635  0.032871930600121  0.405844790488639  0.422786143688758 
144.0    T  0.015777364024948  0.000000000000000  0.020803931456818  0.015506318354466  0.004866161779568  0.001394535136411  0.007421877991210  0.042013593567270  0.066939426449466  0.007927051145163  0.001214855130174  0.103091693576260  0.038687196588670  0.036372704200067  0.017775081685508  0.055245470691479  0.556710809114343  0.004822510183178  0.000000000000000  0.003330605045969  0.948684315140454  0.044071811265137  0.006987538295177  0.667111584838885  0.333093706273005  0.421907898065009  0.577943353277399  0.032644867589507  0.446273485736488  0.432568345292494 
145.0    I  0.005508976408142  0.000000000000000  0.000000000000000  0.003559770627489  0.011241668593835  0.001161335073245  0.008350046806336  0.726482524785685  0.011825131195075  0.047927583114784  0.033307710502123  0.024197469620413  0.002068785809929  0.014130927774392  0.006546774489593  0.018161157929971  0.028419007868773  0.049997508020797  0.000000000000000  0.006982696580912  0.986232704493359  0.006358931133363  0.007169061580558  0.380508345209840  0.619424348891954  0.104313660144426  0.895645670090849  0.032917532373589  0.493116352246680  0.451876363375543 
146.0    F  0.040554336466849  0.000998465361924  0.012225184089633  0.014387901518829  0.035871950432969  0.004325252283142  0.020361674208801  0.295452886733591  0.079604842207906  0.024315161767357  0.008326927625531  0.065289735179014  0.006280085865181  0.021552514403548  0.030734439813320  0.065561832973434  0.129947429396910  0.122427537198366  0.005150756306611  0.016447361792335  0.988285651500733  0.008759109984598  0.003124844251300  0.412081042476620  0.588045625145482  0.265355802237449  0.734584316639154  0.032849153408991  0.485990493990676  0.449689156073876 
147.0    F  0.006036801169125  0.004619652344704  0.000771524718617  0.001248143909378  0.757333157938488  0.001204792158017  0.002141741383961  0.049172652834598  0.003230560032982  0.081221191403465  0.001749307949396  0.004352318948513  0.003503469373680  0.001487391347366  0.007114608074937  0.011948720920959  0.009766111738947  0.006163647194160  0.016322433794754  0.030332327180298  0.969961910341735  0.015570941606685  0.014239082509955  0.126131454230585  0.874178620410373  0.744838731561351  0.255076164812114  0.032329611922466  0.442883759551180  0.448755025333631 
148.0    N  0.113125807860363  0.005543450610158  0.037085524926767  0.029096713119695  0.009420373653834  0.007927051145163  0.022545760732213  0.011981895778696  0.107320679554719  0.038393343138927  0.008200911590805  0.260435857252055  0.021567458646822  0.080047491333111  0.033077637339848  0.059046690062325  0.124913386623807  0.009226505167418  0.002460214804585  0.018491422214884  0.960594863953477  0.035723072981689  0.003991094073103  0.758909626487027  0.241149546146035  0.121077273653328  0.879039560911787  0.031423768137452  0.461371246326899  0.471719125447680 
149.0    Q  0.032262454233851  0.000000000000000  0.008367428306183  0.026241609154504  0.003963525572582  0.017713584574663  0.071248329543341  0.005093948184604  0.048765342510856  0.017518219969195  0.000000000000000  0.112111019957752  0.255253031426798  0.125695072549809  0.056562903930182  0.149788627667427  0.041955390711883  0.004600479646855  0.005233529696984  0.017566858184041  0.961927454664775  0.022702578899553  0.015103220266640  0.592135805926816  0.407818746669505  0.218090676442690  0.781869643128594  0.033077637339848  0.462652214018926  0.466516495768404 
150.0    S  0.051940366349603  0.002484205091296  0.001858043508461  0.005044755274618  0.001416945515463  0.010061575230546  0.063460381304339  0.012985091587401  0.008110463051118  0.025630403474898  0.000000000000000  0.010110512925647  0.207473646397496  0.022173802440631  0.035500914524584  0.488015880388112  0.039336161672027  0.009466192659611  0.002550507396658  0.002314634318245  0.941478464541206  0.038473262917029  0.020249077584896  0.841479482285381  0.158329281715402  0.388773017941279  0.610896550836750  0.033469713224733  0.449066186441967  0.452189688780544 
151.0    A  0.067311648512066  0.004954653903617  0.004910208494226  0.008454880035357  0.002875443090172  0.022939853688033  0.013955716443012  0.007556846325109  0.024637505439259  0.029852591761951  0.000892413525615  0.016198454703433  0.053400608805608  0.046876218415182  0.037786114869793  0.583174684894234  0.050660319992832  0.007520269086732  0.010438078737423  0.005667782061852  0.953298545288159  0.032061817041786  0.014417851447716  0.586824089140676  0.413225159077106  0.503128911748891  0.496890546661277  0.033702513490452  0.467163673441590  0.451563255075911 
152.0    G  0.002927733597179  0.001869670816788  0.011288518733778  0.036121459579837  0.002200428180659  0.800514810656303  0.005823087448433  0.004097614560840  0.014308338850283  0.001296645662483  0.000000000000000  0.005531935305526  0.011825131195075  0.014720801154763  0.042836962655616  0.017086491523197  0.015356571852270  0.002649617827046  0.009840859218339  0.000000000000000  0.980779003988551  0.008099227351717  0.011359160291565  0.628506687260914  0.371388230165207  0.650670927720967  0.349411742962767  0.033377044001495  0.488692883205403  0.459775023075829 
153.0    G  0.011501772360689  0.000000000000000  0.009067999331123  0.044656066866909  0.003796800734302  0.812815601984320  0.003153129197284  0.000000000000000  0.003405305623192  0.001314746161403  0.000000000000000  0.001874861837967  0.002614951673786  0.003033081542973  0.044563303667629  0.045373696246997  0.003457631892889  0.006867496569623  0.000000000000000  0.002575378153305  0.987600861445373  0.007179006902180  0.004906806176342  0.203344799533031  0.796640096285583  0.826450318154212  0.173378871141423  0.032531924927628  0.483973513446869  0.468460723436213 
154.0    D  0.024981432198515  0.000000000000000  0.766309980103892  0.019103754338939  0.003054178293471  0.053215856734309  0.004825854051277  0.020137103601328  0.007888682012474  0.003731573970244  0.003662387095536  0.026867390195094  0.019276674528273  0.001587530472626  0.011296346051139  0.010806176789148  0.014833470639852  0.006416489849626  0.000000000000000  0.002067352333740  0.987600861445373  0.011390698272005  0.001330330111954  0.272249253834027  0.727490341817379  0.946713631236714  0.052958277184132  0.031686233743438  0.479964630519454  0.489031736723670 
155.0    I  0.032780916486717  0.001400346921890  0.015303442149796  0.015377875344278  0.008807815719886  0.003188293149027  0.006394290481178  0.053474689105163  0.006647372886770  0.351598299978280  0.004677651189918  0.002494558123428  0.350624812660600  0.012647534633553  0.034267862143372  0.035747842912619  0.008315392050417  0.046811279200756  0.002428026697078  0.006929658634001  0.985549336939371  0.011493802701998  0.003223849252003  0.703684187662699  0.296273192735396  0.647521499427212  0.352330188785505  0.031315050158739  0.486327473706143  0.498961359499525 
156.0    E  0.024163948045479  0.000000000000000  0.012352954946937  0.769503610080431  0.000000000000000  0.013782677581206  0.005111633091621  0.014367969471120  0.029116888415774  0.005072807041914  0.005175808660333  0.023276210361292  0.005219039368711  0.015356571852270  0.035996488823417  0.022343515411901  0.010613174098039  0.006087223278598  0.000000000000000  0.002656974321105  0.980099415341871  0.014318260073052  0.005859527301898  0.262065618879232  0.738157202841417  0.718968266423479  0.281069730944654  0.030734439813320  0.484309094613314  0.496546247718518 
157.0    I  0.055668306287918  0.001390674019138  0.006228066222973  0.014947002470186  0.018224208902945  0.002411255091589  0.014199658069508  0.528875481809214  0.007747786958893  0.044347604881262  0.004716721060494  0.038875364165577  0.005707204603694  0.002071655744860  0.004795842515293  0.015876095984277  0.033146491917757  0.193177637411997  0.000000000000000  0.007525483547032  0.978063473447339  0.018236845340914  0.003450449419849  0.265908168223296  0.734075318017052  0.680185426202977  0.319746395319357  0.032284824615129  0.480297431976738  0.494485458190466 
158.0    V  0.069878865685366  0.004253894591157  0.002653293524510  0.056367211148891  0.005403088394574  0.009558500321343  0.017229205672952  0.018840747307668  0.013763583970734  0.013754047086924  0.017627845897758  0.024843289092155  0.009759344731667  0.048799155787962  0.017998244411709  0.048697786228781  0.434973676354325  0.168637816792462  0.000000000000000  0.016968466505036  0.992404374685819  0.006698250286204  0.000995010934196  0.706127202192377  0.294022812572741  0.292194312140311  0.708087719107272  0.033516144275561  0.495171435966512  0.494142825750366 
159.0    M  0.020081349022959  0.016030908520893  0.000000000000000  0.008054439990584  0.033866436463899  0.001889211581277  0.071396640428034  0.011493802701998  0.010265872087104  0.024365776331604  0.204475514639445  0.086449414313185  0.016839580391307  0.010330114102676  0.016131227116926  0.025719385789960  0.382624192455667  0.008650504566283  0.002467045433293  0.048832992510770  0.986232704493359  0.011017952816284  0.003033081542973  0.430176315305720  0.569591688611057  0.588861394797491  0.411225034356232  0.034530140149997  0.489031736723670  0.494828328207603 
160.0    H  0.004046807670156  0.004413075056915  0.004149059322248  0.002214198071833  0.038366740122346  0.001478141399384  0.600818024763425  0.050380176968310  0.001378199065829  0.099442060469365  0.058801631719612  0.016153605253874  0.018529914053296  0.004277548714037  0.010481579881893  0.022955759894974  0.040779842115280  0.006271385849343  0.002845701394332  0.012284645189693  0.995849753094458  0.001046653772008  0.003064781632409  0.294430697398745  0.705637921704346  0.895025070927972  0.105039219029160  0.035158077646525  0.499307333050514  0.495514781632040 
161.0    S  0.021403640311962  0.018389167769043  0.003022587878012  0.003237284783156  0.033562639738129  0.018338252785646  0.122512426917734  0.022483337187669  0.003133520181064  0.008668511500530  0.060287386536509  0.010294374622923  0.003177262492704  0.006787048321489  0.016153605253874  0.458184322337676  0.078617810739751  0.013202912256446  0.085495956493906  0.013003105229868  0.998614666101029  0.000885635086849  0.000579863118200  0.667574151647954  0.332401777045429  0.864537231307865  0.135278080565714  0.035012162943568  0.498961359499525  0.497924876547229 
162.0    F  0.007075265492327  0.019832357594059  0.000000000000000  0.004373487846306  0.738669031791280  0.012242143546083  0.013649576498698  0.015463385256488  0.000000000000000  0.069444295540943  0.015134659206666  0.012191335627714  0.000000000000000  0.004189518034445  0.003974530047276  0.015250496262129  0.040978187944239  0.018788582014034  0.003164076068875  0.005535771080110  0.972654947412286  0.017898717155934  0.009400804890621  0.437089310205187  0.562919293068381  0.000000000000000  1.000000000000000  0.035036439938391  0.477310507069858  0.499653546495226 
163.0    N  0.004499561102927  0.013811367672870  0.007385954037115  0.000000000000000  0.009005362084366  0.013640118611465  0.003762741773516  0.072293011494080  0.012895397008010  0.027508094173848  0.002917604408423  0.725979139951947  0.004097614560840  0.018866884241977  0.002015006209573  0.041263213781719  0.028047189083352  0.006867496569623  0.000000000000000  0.005034275900332  0.986916545885842  0.012985091587401  0.000383629158529  1.000000000000000  0.000000000000000  0.549808074657276  0.450000964896756  0.035871950432969  0.488015880388112  0.473356815618357 
164.0    C  0.001634426255241  0.825305408512657  0.000000000000000  0.009604991150426  0.012216713173884  0.022718320583130  0.004242116626259  0.004626060983803  0.000000000000000  0.014843755982420  0.000000000000000  0.002794876015670  0.000000000000000  0.000000000000000  0.007731692628244  0.011485838565539  0.001554859567927  0.047464740306704  0.027969533466499  0.005953690743515  0.967947026893737  0.028281451965091  0.004024429506328  0.201800268626191  0.798298386356650  0.000000000000000  1.000000000000000  0.035085044439800  0.452189688780544  0.488015880388112 
165.0    G  0.025970183174801  0.003564708939623  0.006740166754239  0.030311309698179  0.011613929565867  0.478304079045937  0.072393300387165  0.001003321718144  0.018098325096791  0.010873799936180  0.001122553562534  0.010620533139896  0.000000000000000  0.053068515402927  0.237006741282161  0.002342070144123  0.005879870107074  0.003235041645838  0.019183370061173  0.008728805766189  0.997231251352069  0.000368512199346  0.002613139755442  0.346757742282846  0.653382626946587  0.256316809472148  0.743806881217253  0.036778335538086  0.488015880388112  0.448444079831007 
166.0    G  0.000000000000000  0.011422323815625  0.002361632179362  0.052775055463986  0.009162773040874  0.871758239537062  0.000000000000000  0.000000000000000  0.002653293524510  0.005421846558655  0.000000000000000  0.002078848012604  0.000000000000000  0.000000000000000  0.028438713252528  0.003670010739117  0.005667782061852  0.002895443378521  0.001595251935762  0.000000000000000  0.997231251352069  0.002472180847598  0.000000000000000  0.544498507668053  0.455650640318571  0.000000000000000  1.000000000000000  0.038181034427297  0.495171435966512  0.457866843209063 
167.0    E  0.001432747406413  0.005727018582770  0.008138620539127  0.815072332402625  0.015303442149796  0.032106294980593  0.000000000000000  0.011597840395539  0.011990203875007  0.010373165299863  0.000000000000000  0.027054267672489  0.002431394990981  0.000000000000000  0.017799740269096  0.019117000642685  0.003624505767466  0.010180837104401  0.000000000000000  0.008149910886952  0.998614666101029  0.000213570499245  0.001090344689436  0.270181350509838  0.729510172120088  0.102877543159839  0.896888159662015  0.039774841727373  0.499307333050514  0.457866843209063 
168.0    F  0.001510246752842  0.010964622859680  0.000000000000000  0.001793508129494  0.856781954768570  0.004094775294988  0.000000000000000  0.024214247842474  0.002640450845758  0.030269318413332  0.013396500572409  0.006293158523818  0.000000000000000  0.000000000000000  0.000787190265130  0.008309630256978  0.005288227652549  0.011343424061749  0.000000000000000  0.022498926851792  0.993092495437036  0.006146581604325  0.001089589181958  0.374749900438887  0.625464540056633  0.038794609110191  0.961260928388761  0.039774841727373  0.493116352246680  0.461691155364697 
169.0    F  0.000000000000000  0.004177918312052  0.001619764737919  0.004018854327709  0.825877664935720  0.000000000000000  0.000000000000000  0.004626060983803  0.000000000000000  0.068821349881123  0.000000000000000  0.009834040418007  0.002116652278994  0.000000000000000  0.000000000000000  0.039336161672027  0.000000000000000  0.010598471308185  0.002905495629755  0.026332713421973  0.995849753094458  0.004307301418238  0.000000000000000  0.250173346865645  0.750019494642909  1.000000000000000  0.000000000000000  0.041349107497129  0.494828328207603  0.462331639056850 
170.0    S  0.000000000000000  0.030543305200338  0.000000000000000  0.000000000000000  0.061853541025950  0.000000000000000  0.004756117260402  0.026571067502006  0.008722757515489  0.039692218204337  0.002604098978694  0.000000000000000  0.006542238183660  0.006332539999104  0.000000000000000  0.015399208389678  0.009813612352684  0.000853098531169  0.002355093413459  0.784040454075739  1.000000000000000  0.000000000000000  0.000000000000000  0.000000000000000  0.000000000000000  0.000000000000000  0.000000000000000  0.040808118346529  1.000000000000000  1.000000000000000 
171.0    V  0.052120690239060  0.677362488742684  0.000000000000000  0.000000000000000  0.013230395505664  0.000000000000000  0.000000000000000  0.000000000000000  0.000000000000000  0.045060277233132  0.000000000000000  0.011638105180646  0.000000000000000  0.014639397607382  0.022312562182579  0.031598502526603  0.000000000000000  0.064301669243348  0.043888902366812  0.023980407750014  1.000000000000000  0.000000000000000  0.000000000000000  1.000000000000000  0.000000000000000  0.000000000000000  0.000000000000000  0.041291825176821  1.000000000000000  1.000000000000000 
