No:  residues  hmm_col_1  hmm_col_2  hmm_col_3  hmm_col_4  hmm_col_5  hmm_col_6  hmm_col_7  hmm_col_8  hmm_col_9  hmm_col_10  hmm_col_11  hmm_col_12  hmm_col_13  hmm_col_14  hmm_col_15  hmm_col_16  hmm_col_17  hmm_col_18  hmm_col_19  hmm_col_20  hmm_col_21   hmm_col_22   hmm_col_23   hmm_col_24   hmm_col_25   hmm_col_26   hmm_col_27   hmm_col_28   hmm_col_29   hmm_col_30   
1.0    M  0.000000000000000  0.000000000000000  0.000000000000000  0.000000000000000  0.000000000000000  0.000000000000000  0.000000000000000  0.000000000000000  0.197373471675139  0.000000000000000  0.606676780124346  0.000000000000000  0.000000000000000  0.000000000000000  0.000000000000000  0.000000000000000  0.195874296737335  0.000000000000000  0.000000000000000  0.000000000000000  1.000000000000000  0.000000000000000  0.000000000000000  0.000000000000000  0.000000000000000  0.000000000000000  0.000000000000000  0.262611136002688  1.000000000000000  1.000000000000000 
2.0    M  0.155717176946184  0.000000000000000  0.000000000000000  0.000000000000000  0.000000000000000  0.000000000000000  0.000000000000000  0.000000000000000  0.041607862913637  0.000000000000000  0.395568650592725  0.000000000000000  0.000000000000000  0.000000000000000  0.000000000000000  0.000000000000000  0.036246864203295  0.370873733460280  0.000000000000000  0.000000000000000  1.000000000000000  0.000000000000000  0.000000000000000  0.000000000000000  0.000000000000000  0.000000000000000  0.000000000000000  0.193177637411997  1.000000000000000  1.000000000000000 
3.0    V  0.000000000000000  0.000000000000000  0.000000000000000  0.000000000000000  0.000000000000000  0.000000000000000  0.000000000000000  0.042511589137686  0.000000000000000  0.094535499830248  0.248617542168304  0.000000000000000  0.000000000000000  0.000000000000000  0.000000000000000  0.000000000000000  0.000000000000000  0.614293490222825  0.000000000000000  0.000000000000000  1.000000000000000  0.000000000000000  0.000000000000000  0.000000000000000  0.000000000000000  0.000000000000000  0.000000000000000  0.191843262000111  1.000000000000000  1.000000000000000 
4.0    L  0.073556671076173  0.000000000000000  0.000000000000000  0.000000000000000  0.000000000000000  0.000000000000000  0.000000000000000  0.000000000000000  0.000000000000000  0.505225723243382  0.326691313473293  0.000000000000000  0.000000000000000  0.000000000000000  0.000000000000000  0.000000000000000  0.000000000000000  0.094535499830248  0.000000000000000  0.000000000000000  1.000000000000000  0.000000000000000  0.000000000000000  0.000000000000000  0.000000000000000  0.000000000000000  0.000000000000000  0.191843262000111  1.000000000000000  1.000000000000000 
5.0    K  0.000000000000000  0.000000000000000  0.000000000000000  0.000000000000000  0.000000000000000  0.000000000000000  0.000000000000000  0.000000000000000  1.000000000000000  0.000000000000000  0.000000000000000  0.000000000000000  0.000000000000000  0.000000000000000  0.000000000000000  0.000000000000000  0.000000000000000  0.000000000000000  0.000000000000000  0.000000000000000  1.000000000000000  0.000000000000000  0.000000000000000  0.000000000000000  0.000000000000000  0.000000000000000  0.000000000000000  0.191843262000111  1.000000000000000  1.000000000000000 
6.0    V  0.025808677029241  0.000000000000000  0.000000000000000  0.000000000000000  0.000000000000000  0.000000000000000  0.000000000000000  0.000000000000000  0.000000000000000  0.258995690890005  0.036171569280941  0.000000000000000  0.000000000000000  0.000000000000000  0.000000000000000  0.000000000000000  0.000000000000000  0.678772489940003  0.000000000000000  0.000000000000000  1.000000000000000  0.000000000000000  0.000000000000000  0.000000000000000  0.000000000000000  0.000000000000000  0.000000000000000  0.161208531331986  1.000000000000000  1.000000000000000 
7.0    C  0.436181352885379  0.451563255075911  0.000000000000000  0.000000000000000  0.000000000000000  0.000000000000000  0.000000000000000  0.112422289018469  0.000000000000000  0.000000000000000  0.000000000000000  0.000000000000000  0.000000000000000  0.000000000000000  0.000000000000000  0.000000000000000  0.000000000000000  0.000000000000000  0.000000000000000  0.000000000000000  0.525950889601936  0.037943590137345  0.436181352885379  0.333324669272800  0.666649338545599  0.000000000000000  0.000000000000000  0.161208531331986  0.494142825750366  1.000000000000000 
8.0    V  0.000000000000000  0.000000000000000  0.000000000000000  0.000000000000000  0.579146403097322  0.000000000000000  0.000000000000000  0.000000000000000  0.000000000000000  0.243501067135810  0.000000000000000  0.000000000000000  0.000000000000000  0.000000000000000  0.000000000000000  0.000000000000000  0.000000000000000  0.177390419525048  0.000000000000000  0.000000000000000  1.000000000000000  0.000000000000000  0.000000000000000  0.000000000000000  0.000000000000000  1.000000000000000  0.000000000000000  0.245705149636313  1.000000000000000  0.388234437500520 
9.0    L  0.000000000000000  0.000000000000000  0.000000000000000  0.000000000000000  0.000000000000000  0.000000000000000  0.000000000000000  0.000000000000000  0.000000000000000  0.671751712860648  0.127096834161495  0.000000000000000  0.000000000000000  0.000000000000000  0.000000000000000  0.083910781423766  0.000000000000000  0.117034030929312  0.000000000000000  0.000000000000000  1.000000000000000  0.000000000000000  0.000000000000000  0.000000000000000  0.000000000000000  0.000000000000000  0.000000000000000  0.161208531331986  1.000000000000000  1.000000000000000 
10.0    V  0.000000000000000  0.000000000000000  0.000000000000000  0.000000000000000  0.000000000000000  0.000000000000000  0.000000000000000  0.000000000000000  0.000000000000000  0.690637224071928  0.181117769319360  0.000000000000000  0.000000000000000  0.000000000000000  0.000000000000000  0.000000000000000  0.000000000000000  0.128336193215000  0.000000000000000  0.000000000000000  1.000000000000000  0.000000000000000  0.000000000000000  0.000000000000000  0.000000000000000  0.000000000000000  0.000000000000000  0.155825149284387  1.000000000000000  1.000000000000000 
11.0    V  0.000000000000000  0.000000000000000  0.000000000000000  0.000000000000000  0.036322315859941  0.000000000000000  0.000000000000000  0.109423916211783  0.000000000000000  0.625898229326997  0.000000000000000  0.000000000000000  0.000000000000000  0.000000000000000  0.000000000000000  0.046070913040347  0.000000000000000  0.182504001331815  0.000000000000000  0.000000000000000  1.000000000000000  0.000000000000000  0.000000000000000  0.000000000000000  0.000000000000000  0.000000000000000  0.000000000000000  0.155825149284387  1.000000000000000  1.000000000000000 
12.0    F  0.109423916211783  0.000000000000000  0.000000000000000  0.000000000000000  0.890692900606681  0.000000000000000  0.000000000000000  0.000000000000000  0.000000000000000  0.000000000000000  0.000000000000000  0.000000000000000  0.000000000000000  0.000000000000000  0.000000000000000  0.000000000000000  0.000000000000000  0.000000000000000  0.000000000000000  0.000000000000000  1.000000000000000  0.000000000000000  0.000000000000000  0.000000000000000  0.000000000000000  0.000000000000000  0.000000000000000  0.155825149284387  1.000000000000000  1.000000000000000 
13.0    L  0.046070913040347  0.000000000000000  0.000000000000000  0.000000000000000  0.028497911422493  0.000000000000000  0.000000000000000  0.000000000000000  0.000000000000000  0.816203046150902  0.109423916211783  0.000000000000000  0.000000000000000  0.000000000000000  0.000000000000000  0.000000000000000  0.000000000000000  0.000000000000000  0.000000000000000  0.000000000000000  1.000000000000000  0.000000000000000  0.000000000000000  0.000000000000000  0.000000000000000  0.000000000000000  0.000000000000000  0.155825149284387  1.000000000000000  1.000000000000000 
14.0    V  0.079825859949712  0.000000000000000  0.000000000000000  0.000000000000000  0.000000000000000  0.000000000000000  0.000000000000000  0.000000000000000  0.000000000000000  0.665264520540343  0.000000000000000  0.000000000000000  0.000000000000000  0.000000000000000  0.000000000000000  0.000000000000000  0.000000000000000  0.254722799154181  0.000000000000000  0.000000000000000  1.000000000000000  0.000000000000000  0.000000000000000  0.000000000000000  0.000000000000000  0.000000000000000  0.000000000000000  0.155825149284387  1.000000000000000  1.000000000000000 
15.0    G  0.000000000000000  0.000000000000000  0.000000000000000  0.000000000000000  0.000000000000000  0.888842681166570  0.000000000000000  0.000000000000000  0.000000000000000  0.000000000000000  0.000000000000000  0.046070913040347  0.000000000000000  0.000000000000000  0.000000000000000  0.064838746035351  0.000000000000000  0.000000000000000  0.000000000000000  0.000000000000000  0.967947026893737  0.032017400719775  0.000000000000000  1.000000000000000  0.000000000000000  0.000000000000000  0.000000000000000  0.155825149284387  0.494828328207603  1.000000000000000 
16.0    V  0.000000000000000  0.000000000000000  0.000000000000000  0.000000000000000  0.352574490121097  0.000000000000000  0.000000000000000  0.000000000000000  0.000000000000000  0.060706718471352  0.000000000000000  0.000000000000000  0.000000000000000  0.000000000000000  0.000000000000000  0.024281477149502  0.211100221855945  0.351354675051680  0.000000000000000  0.000000000000000  1.000000000000000  0.000000000000000  0.000000000000000  0.000000000000000  0.000000000000000  0.000000000000000  0.000000000000000  0.155825149284387  1.000000000000000  1.000000000000000 
17.0    T  0.064838746035351  0.060917476930722  0.000000000000000  0.000000000000000  0.000000000000000  0.000000000000000  0.000000000000000  0.000000000000000  0.000000000000000  0.109423916211783  0.000000000000000  0.000000000000000  0.000000000000000  0.000000000000000  0.000000000000000  0.203203900496080  0.515484159397394  0.046070913040347  0.000000000000000  0.000000000000000  1.000000000000000  0.000000000000000  0.000000000000000  0.000000000000000  0.000000000000000  0.000000000000000  0.000000000000000  0.155825149284387  1.000000000000000  1.000000000000000 
18.0    T  0.521232880420561  0.000000000000000  0.000000000000000  0.000000000000000  0.000000000000000  0.000000000000000  0.000000000000000  0.000000000000000  0.000000000000000  0.000000000000000  0.000000000000000  0.078672323344054  0.000000000000000  0.000000000000000  0.000000000000000  0.092911436526938  0.307146745111412  0.000000000000000  0.000000000000000  0.000000000000000  1.000000000000000  0.000000000000000  0.000000000000000  0.000000000000000  0.000000000000000  0.000000000000000  0.000000000000000  0.155825149284387  1.000000000000000  1.000000000000000 
19.0    A  0.586824089140676  0.000000000000000  0.000000000000000  0.000000000000000  0.000000000000000  0.000000000000000  0.000000000000000  0.000000000000000  0.000000000000000  0.000000000000000  0.000000000000000  0.065108964313014  0.000000000000000  0.000000000000000  0.000000000000000  0.000000000000000  0.348202870167259  0.000000000000000  0.000000000000000  0.000000000000000  0.975355461527642  0.024603374267788  0.000000000000000  1.000000000000000  0.000000000000000  0.000000000000000  0.000000000000000  0.155825149284387  0.498615625676035  1.000000000000000 
20.0    G  0.036322315859941  0.000000000000000  0.000000000000000  0.109423916211783  0.000000000000000  0.077213664820433  0.000000000000000  0.000000000000000  0.000000000000000  0.000000000000000  0.000000000000000  0.042305821220389  0.000000000000000  0.000000000000000  0.146198458006493  0.203344799533031  0.032803646363221  0.352574490121097  0.000000000000000  0.000000000000000  0.971307495541633  0.000000000000000  0.028497911422493  0.000000000000000  0.000000000000000  0.000000000000000  0.000000000000000  0.155825149284387  1.000000000000000  1.000000000000000 
21.0    M  0.141806935616994  0.000000000000000  0.000000000000000  0.062025273417864  0.049002528379734  0.000000000000000  0.000000000000000  0.000000000000000  0.000000000000000  0.239982315259727  0.200545291588122  0.000000000000000  0.000000000000000  0.000000000000000  0.000000000000000  0.000000000000000  0.000000000000000  0.306721244313451  0.000000000000000  0.000000000000000  1.000000000000000  0.000000000000000  0.000000000000000  0.000000000000000  0.000000000000000  1.000000000000000  0.000000000000000  0.156257787823151  1.000000000000000  0.496546247718518 
22.0    D  0.060706718471352  0.000000000000000  0.485990493990676  0.066338950559362  0.000000000000000  0.000000000000000  0.000000000000000  0.000000000000000  0.154320325861692  0.000000000000000  0.000000000000000  0.032061817041786  0.000000000000000  0.000000000000000  0.091315273659105  0.000000000000000  0.000000000000000  0.000000000000000  0.000000000000000  0.109423916211783  0.963929807740643  0.036322315859941  0.000000000000000  1.000000000000000  0.000000000000000  0.000000000000000  0.000000000000000  0.155825149284387  0.494142825750366  1.000000000000000 
23.0    L  0.352574490121097  0.000000000000000  0.000000000000000  0.000000000000000  0.000000000000000  0.000000000000000  0.000000000000000  0.000000000000000  0.000000000000000  0.373712312158735  0.031973045929201  0.000000000000000  0.109423916211783  0.025612643988672  0.000000000000000  0.046070913040347  0.000000000000000  0.060706718471352  0.000000000000000  0.000000000000000  1.000000000000000  0.000000000000000  0.000000000000000  0.000000000000000  0.000000000000000  0.000000000000000  0.000000000000000  0.155825149284387  1.000000000000000  1.000000000000000 
24.0    N  0.000000000000000  0.000000000000000  0.000000000000000  0.000000000000000  0.000000000000000  0.000000000000000  0.000000000000000  0.000000000000000  0.000000000000000  0.000000000000000  0.000000000000000  0.261158940716058  0.010272990314102  0.000000000000000  0.413225159077106  0.269060031195949  0.046070913040347  0.000000000000000  0.000000000000000  0.000000000000000  1.000000000000000  0.000000000000000  0.000000000000000  0.000000000000000  0.000000000000000  0.000000000000000  0.000000000000000  0.155825149284387  1.000000000000000  1.000000000000000 
25.0    Q  0.000000000000000  0.000000000000000  0.000000000000000  0.213602435222433  0.354289349127054  0.000000000000000  0.094666644742311  0.000000000000000  0.032017400719775  0.234717936828863  0.000000000000000  0.000000000000000  0.000000000000000  0.024518253059273  0.000000000000000  0.046070913040347  0.000000000000000  0.000000000000000  0.000000000000000  0.000000000000000  1.000000000000000  0.000000000000000  0.000000000000000  0.000000000000000  0.000000000000000  0.000000000000000  0.000000000000000  0.155825149284387  1.000000000000000  1.000000000000000 
26.0    L  0.000000000000000  0.000000000000000  0.387965427137428  0.000000000000000  0.110797712399358  0.021762679385454  0.018853811245637  0.009618315729257  0.032690154368517  0.305660069423017  0.000000000000000  0.000000000000000  0.000000000000000  0.000000000000000  0.112656307826354  0.000000000000000  0.000000000000000  0.000000000000000  0.000000000000000  0.000000000000000  0.664342907048256  0.335875856430324  0.000000000000000  0.250000000000000  0.750019494642909  0.000000000000000  0.000000000000000  0.152618314083642  0.401090583176243  1.000000000000000 
27.0    R  0.000000000000000  0.000000000000000  0.000000000000000  0.000000000000000  0.000000000000000  0.035353576963934  0.021167577773209  0.102521613899591  0.269620107923613  0.060287386536509  0.031995215638389  0.000000000000000  0.076415017355754  0.131032809439616  0.112578247480991  0.158989125842947  0.000000000000000  0.000000000000000  0.000000000000000  0.000000000000000  0.827023368443266  0.020503300852999  0.152301282959399  0.333324669272800  0.666649338545599  0.000000000000000  0.000000000000000  0.151249261152412  0.500000000000000  1.000000000000000 
28.0    S  0.052156830072213  0.000000000000000  0.064928693956104  0.000000000000000  0.000000000000000  0.000000000000000  0.000000000000000  0.000000000000000  0.000000000000000  0.000000000000000  0.000000000000000  0.023519480428298  0.000000000000000  0.000000000000000  0.027565355162412  0.646176415318746  0.185436866730140  0.000000000000000  0.000000000000000  0.000000000000000  0.826450318154212  0.000000000000000  0.173499089876949  0.000000000000000  0.000000000000000  0.000000000000000  1.000000000000000  0.187634887189296  1.000000000000000  0.468136123717246 
29.0    S  0.000000000000000  0.000000000000000  0.096856991369896  0.000000000000000  0.000000000000000  0.389582289830250  0.000000000000000  0.000000000000000  0.000000000000000  0.000000000000000  0.000000000000000  0.058233776831548  0.000000000000000  0.036957218757629  0.000000000000000  0.387696603173502  0.000000000000000  0.030691862351981  0.000000000000000  0.000000000000000  0.890692900606681  0.000000000000000  0.109272327551297  1.000000000000000  0.000000000000000  0.410370804405249  0.589678296130608  0.207042665333636  0.486664687079119  0.414947292794991 
30.0    H  0.000000000000000  0.000000000000000  0.094012734461793  0.000000000000000  0.319968103461077  0.000000000000000  0.404160434402784  0.000000000000000  0.000000000000000  0.000000000000000  0.000000000000000  0.032262454233851  0.000000000000000  0.057911753868148  0.021373989123476  0.000000000000000  0.000000000000000  0.070218743939478  0.000000000000000  0.000000000000000  0.614293490222825  0.385820043764734  0.000000000000000  0.383952567425525  0.615999036722878  0.869344560090022  0.130488990927715  0.193579756963305  0.402204185470958  0.410940093647425 
31.0    H  0.000000000000000  0.000000000000000  0.080940187428402  0.000000000000000  0.073863221683398  0.000000000000000  0.421615555125056  0.054409410206008  0.000000000000000  0.161992620679167  0.000000000000000  0.000000000000000  0.000000000000000  0.000000000000000  0.032374461361251  0.000000000000000  0.000000000000000  0.174827010342308  0.000000000000000  0.000000000000000  1.000000000000000  0.000000000000000  0.000000000000000  0.000000000000000  0.000000000000000  0.000000000000000  1.000000000000000  0.159541096103619  1.000000000000000  0.492774668469685 
32.0    H  0.000000000000000  0.000000000000000  0.052084575447451  0.112266546610492  0.021463066147338  0.000000000000000  0.280485870132621  0.000000000000000  0.000000000000000  0.290175978595930  0.000000000000000  0.054409410206008  0.000000000000000  0.028438713252528  0.000000000000000  0.061511501377113  0.000000000000000  0.099166730398893  0.000000000000000  0.000000000000000  1.000000000000000  0.000000000000000  0.000000000000000  0.000000000000000  0.000000000000000  0.000000000000000  1.000000000000000  0.159541096103619  1.000000000000000  0.492774668469685 
33.0    D  0.021463066147338  0.000000000000000  0.172659306017982  0.130670012525646  0.021373989123476  0.000000000000000  0.073965688859536  0.000000000000000  0.000000000000000  0.000000000000000  0.000000000000000  0.086030975099419  0.096856991369896  0.071793647187315  0.000000000000000  0.226094844390272  0.000000000000000  0.099166730398893  0.000000000000000  0.000000000000000  1.000000000000000  0.000000000000000  0.000000000000000  0.000000000000000  0.000000000000000  0.000000000000000  1.000000000000000  0.159541096103619  1.000000000000000  0.492774668469685 
34.0    S  0.016758072137780  0.000000000000000  0.059416193826864  0.000000000000000  0.000000000000000  0.000000000000000  0.020404059173264  0.054409410206008  0.025844480263852  0.000000000000000  0.000000000000000  0.285784583853509  0.000000000000000  0.000000000000000  0.000000000000000  0.423079298300145  0.114387396015991  0.000000000000000  0.000000000000000  0.000000000000000  0.956608158091874  0.043465061615937  0.000000000000000  0.484644908467533  0.515126976810037  1.000000000000000  0.000000000000000  0.159541096103619  0.491410299272626  0.492774668469685 
35.0    S  0.068203992315933  0.000000000000000  0.000000000000000  0.030777076340486  0.000000000000000  0.347720492927497  0.000000000000000  0.000000000000000  0.000000000000000  0.000000000000000  0.000000000000000  0.000000000000000  0.000000000000000  0.000000000000000  0.000000000000000  0.219455449402380  0.333787075823977  0.000000000000000  0.000000000000000  0.000000000000000  0.952637998043937  0.000000000000000  0.047596523115727  0.000000000000000  0.000000000000000  0.000000000000000  0.000000000000000  0.145591698308557  1.000000000000000  1.000000000000000 
36.0    D  0.000000000000000  0.000000000000000  0.663882579191219  0.214939121560752  0.000000000000000  0.000000000000000  0.000000000000000  0.000000000000000  0.000000000000000  0.000000000000000  0.000000000000000  0.062934721878545  0.030269318413332  0.000000000000000  0.000000000000000  0.000000000000000  0.000000000000000  0.000000000000000  0.000000000000000  0.027950153180706  0.933679944915313  0.066109435226152  0.000000000000000  1.000000000000000  0.000000000000000  0.000000000000000  1.000000000000000  0.134530015597975  0.498961359499525  0.476649272644080 
37.0    E  0.306084098100051  0.000000000000000  0.154320325861692  0.489370825198718  0.000000000000000  0.000000000000000  0.000000000000000  0.000000000000000  0.000000000000000  0.000000000000000  0.000000000000000  0.000000000000000  0.000000000000000  0.020123150461091  0.030018589498546  0.000000000000000  0.000000000000000  0.000000000000000  0.000000000000000  0.000000000000000  0.825305408512657  0.000000000000000  0.174584816558425  0.000000000000000  0.000000000000000  0.317097849831467  0.683020128377198  0.129677492070701  1.000000000000000  0.476649272644080 
38.0    P  0.329191730514811  0.000000000000000  0.047234997759882  0.036121459579837  0.000000000000000  0.025225033578274  0.000000000000000  0.000000000000000  0.000000000000000  0.000000000000000  0.000000000000000  0.081842838942723  0.303128204765434  0.000000000000000  0.038660389958974  0.105403888781264  0.033123524481165  0.000000000000000  0.000000000000000  0.000000000000000  0.863339558574412  0.118667765118815  0.017985773301996  0.819036697859828  0.181117769319360  0.323088207659373  0.676893139526230  0.136786712657592  0.462652214018926  0.414947292794991 
39.0    S  0.032150834621674  0.000000000000000  0.080604265665993  0.046294993688135  0.000000000000000  0.036549614501623  0.000000000000000  0.000000000000000  0.036071419297401  0.000000000000000  0.037008487870426  0.068964608752622  0.000000000000000  0.000000000000000  0.059251685320540  0.382624192455667  0.183264594648651  0.014427848605147  0.000000000000000  0.022592692102277  0.823591017267573  0.150100428435651  0.026589491547079  0.345558051632146  0.654289035727505  0.000000000000000  1.000000000000000  0.107767943127199  0.439519780455894  0.432568345292494 
40.0    E  0.034386831542692  0.000000000000000  0.048765342510856  0.428688018317086  0.000000000000000  0.064659223844932  0.000000000000000  0.000000000000000  0.096121301954392  0.000000000000000  0.000000000000000  0.038287041622021  0.123193667117421  0.000000000000000  0.068251284109103  0.080828058242968  0.016676958406874  0.000000000000000  0.000000000000000  0.000000000000000  0.992404374685819  0.000000000000000  0.007785470803343  0.000000000000000  0.000000000000000  0.641268301381124  0.358986127655859  0.068869069742288  1.000000000000000  0.410370804405249 
41.0    S  0.013415084944340  0.000000000000000  0.000000000000000  0.079992025865269  0.000000000000000  0.025207554975691  0.011573748422034  0.000000000000000  0.099304300012013  0.000000000000000  0.000000000000000  0.000000000000000  0.000000000000000  0.024603374267788  0.169223284881557  0.416676603579609  0.084377374070172  0.021211640310625  0.024860515117341  0.029625842660270  0.995849753094458  0.004358356727832  0.000000000000000  1.000000000000000  0.000000000000000  0.759435844907265  0.240648610775438  0.069156084568267  0.491069797631696  0.466516495768404 
42.0    S  0.073709787016326  0.144886993988057  0.017701310707747  0.058274155402302  0.000000000000000  0.013387218043259  0.000000000000000  0.015431263460084  0.053883971563600  0.014548356559847  0.000000000000000  0.023438109207591  0.218696191226455  0.000000000000000  0.018866884241977  0.266646445207941  0.074068298183849  0.000000000000000  0.006372167916711  0.000000000000000  0.984866442895551  0.000000000000000  0.015431263460084  0.199990032083188  0.799960128332753  0.313166109656032  0.686818116714811  0.069444295540943  0.498615625676035  0.496546247718518 
43.0    E  0.000000000000000  0.000000000000000  0.000000000000000  0.129677492070701  0.000000000000000  0.044470733163581  0.102166916061035  0.000000000000000  0.178500497460633  0.000000000000000  0.000000000000000  0.033100572958871  0.007949060094552  0.000000000000000  0.033749267494778  0.050171086794747  0.037733768483953  0.000000000000000  0.382359069470692  0.000000000000000  0.955282936382437  0.033725882390763  0.011210543239115  1.000000000000000  0.000000000000000  0.355765865308649  0.644387315242508  0.067078767899591  0.483638164806966  0.487677730763821 
44.0    P  0.099304300012013  0.000000000000000  0.159430548959818  0.014761672515581  0.000000000000000  0.036727385263118  0.000000000000000  0.000000000000000  0.167472950303480  0.029177498278604  0.023438109207591  0.000000000000000  0.339621571137236  0.000000000000000  0.000000000000000  0.115422788841174  0.000000000000000  0.014690221914205  0.000000000000000  0.000000000000000  1.000000000000000  0.000000000000000  0.000000000000000  0.000000000000000  0.000000000000000  1.000000000000000  0.000000000000000  0.065108964313014  1.000000000000000  0.485653747770817 
45.0    C  0.071743900865938  0.897510050667261  0.015843116871719  0.000000000000000  0.000000000000000  0.000000000000000  0.000000000000000  0.000000000000000  0.000000000000000  0.000000000000000  0.000000000000000  0.000000000000000  0.000000000000000  0.000000000000000  0.000000000000000  0.015009294749273  0.000000000000000  0.000000000000000  0.000000000000000  0.000000000000000  0.975355461527642  0.000000000000000  0.024740183308477  0.000000000000000  0.000000000000000  0.000000000000000  0.000000000000000  0.064480198706335  1.000000000000000  1.000000000000000 
46.0    C  0.062891113968611  0.936921446872426  0.000000000000000  0.000000000000000  0.000000000000000  0.000000000000000  0.000000000000000  0.000000000000000  0.000000000000000  0.000000000000000  0.000000000000000  0.000000000000000  0.000000000000000  0.000000000000000  0.000000000000000  0.000000000000000  0.000000000000000  0.000000000000000  0.000000000000000  0.000000000000000  1.000000000000000  0.000000000000000  0.000000000000000  0.000000000000000  0.000000000000000  1.000000000000000  0.000000000000000  0.056328153913177  1.000000000000000  0.491069797631696 
47.0    D  0.000000000000000  0.000000000000000  0.606256409530869  0.019397304555096  0.000000000000000  0.000000000000000  0.000000000000000  0.000000000000000  0.179991414814336  0.000000000000000  0.000000000000000  0.108743419088581  0.000000000000000  0.000000000000000  0.018491422214884  0.052775055463986  0.014417851447716  0.000000000000000  0.000000000000000  0.000000000000000  0.963261894020148  0.032284824615129  0.004422261336370  1.000000000000000  0.000000000000000  0.000000000000000  0.000000000000000  0.056094378166704  0.489710148793463  1.000000000000000 
48.0    S  0.058557590429527  0.055939066932998  0.061982295671143  0.032017400719775  0.041492661199451  0.011874412940637  0.056641371141708  0.021929245719361  0.077213664820433  0.040330077826618  0.009080578964985  0.139757731370733  0.004819168632068  0.055245470691479  0.043254678626609  0.248101093671455  0.024843289092155  0.016956708935653  0.000000000000000  0.000000000000000  1.000000000000000  0.000000000000000  0.000000000000000  0.000000000000000  0.000000000000000  0.000000000000000  1.000000000000000  0.056016668723088  1.000000000000000  0.500000000000000 
49.0    C  0.063109456099793  0.725476103917089  0.009080578964985  0.000000000000000  0.000000000000000  0.014548356559847  0.000000000000000  0.071198961076382  0.000000000000000  0.000000000000000  0.000000000000000  0.000000000000000  0.049377581991461  0.009950605275988  0.000000000000000  0.000000000000000  0.040978187944239  0.016198454703433  0.000000000000000  0.000000000000000  0.806641759222126  0.188286308329227  0.005165057051338  0.863938187400277  0.135747732040287  1.000000000000000  0.000000000000000  0.056016668723088  0.372419365780676  0.500000000000000 
50.0    R  0.109348095613228  0.019143520811011  0.000000000000000  0.010783729323411  0.043797732783773  0.060078808024298  0.000000000000000  0.269060031195949  0.014874654820274  0.112111019957752  0.045373696246997  0.000000000000000  0.014487977288054  0.071694189014135  0.021507743774855  0.031884520601514  0.045657636829552  0.130127699710514  0.000000000000000  0.000000000000000  0.887611337269498  0.112111019957752  0.000000000000000  1.000000000000000  0.000000000000000  1.000000000000000  0.000000000000000  0.055822865772048  0.434672280045011  0.495514781632040 
51.0    C  0.000000000000000  0.862741344542656  0.000000000000000  0.000000000000000  0.000000000000000  0.000000000000000  0.000000000000000  0.000000000000000  0.000000000000000  0.000000000000000  0.000000000000000  0.000000000000000  0.043706752585577  0.000000000000000  0.037395280100960  0.055939066932998  0.000000000000000  0.000000000000000  0.000000000000000  0.000000000000000  0.980779003988551  0.019130256131253  0.000000000000000  0.500000000000000  0.500000000000000  0.000000000000000  0.000000000000000  0.056094378166704  0.491069797631696  1.000000000000000 
52.0    T  0.055398856199679  0.000000000000000  0.079329430376238  0.000000000000000  0.000000000000000  0.000000000000000  0.000000000000000  0.000000000000000  0.000000000000000  0.027450952132449  0.000000000000000  0.065607292726442  0.000000000000000  0.027853452996780  0.008596707885673  0.059251685320540  0.639049681601526  0.000000000000000  0.000000000000000  0.037603219562484  1.000000000000000  0.000000000000000  0.000000000000000  0.000000000000000  0.000000000000000  0.000000000000000  0.000000000000000  0.056094378166704  1.000000000000000  1.000000000000000 
53.0    K  0.009957504900932  0.000000000000000  0.004603669561764  0.014111351721122  0.056016668723088  0.037265902260332  0.014397877909355  0.010561803383032  0.325786787340824  0.096321388544801  0.027450952132449  0.000000000000000  0.011233879162867  0.000000000000000  0.335178147895084  0.024843289092155  0.000000000000000  0.000000000000000  0.000000000000000  0.032374461361251  1.000000000000000  0.000000000000000  0.000000000000000  0.000000000000000  0.000000000000000  0.000000000000000  0.000000000000000  0.056094378166704  1.000000000000000  1.000000000000000 
54.0    S  0.014487977288054  0.000000000000000  0.026830169888680  0.000000000000000  0.000000000000000  0.000000000000000  0.000000000000000  0.068916822691807  0.032195436050627  0.025347723611783  0.022483337187669  0.000000000000000  0.000000000000000  0.000000000000000  0.061128967090459  0.702222437868999  0.025648175275328  0.000000000000000  0.020645912588410  0.000000000000000  1.000000000000000  0.000000000000000  0.000000000000000  0.000000000000000  0.000000000000000  0.000000000000000  0.000000000000000  0.056094378166704  1.000000000000000  1.000000000000000 
55.0    I  0.028855697210294  0.000000000000000  0.034770316268276  0.022545760732213  0.076946525834057  0.000000000000000  0.000000000000000  0.410370804405249  0.020645912588410  0.119493164699218  0.060748811748835  0.075310769687174  0.000000000000000  0.031098741306878  0.005157901722715  0.000000000000000  0.010159688644910  0.007243988644027  0.009277809891199  0.087413505171154  1.000000000000000  0.000000000000000  0.000000000000000  0.000000000000000  0.000000000000000  0.000000000000000  0.000000000000000  0.056094378166704  1.000000000000000  1.000000000000000 
56.0    P  0.000000000000000  0.000000000000000  0.000000000000000  0.000000000000000  0.000000000000000  0.000000000000000  0.000000000000000  0.043434944370073  0.000000000000000  0.000000000000000  0.000000000000000  0.000000000000000  0.913831450229400  0.000000000000000  0.000000000000000  0.022189177477241  0.000000000000000  0.000000000000000  0.000000000000000  0.020645912588410  1.000000000000000  0.000000000000000  0.000000000000000  0.000000000000000  0.000000000000000  0.000000000000000  0.000000000000000  0.056094378166704  1.000000000000000  1.000000000000000 
57.0    P  0.160873655912659  0.000000000000000  0.025701564647265  0.000000000000000  0.000000000000000  0.041752314949691  0.000000000000000  0.000000000000000  0.000000000000000  0.000000000000000  0.000000000000000  0.000000000000000  0.730016005327261  0.000000000000000  0.041521431690516  0.000000000000000  0.000000000000000  0.000000000000000  0.000000000000000  0.000000000000000  0.971307495541633  0.028855697210294  0.000000000000000  0.400812664699697  0.599154510669709  0.000000000000000  0.000000000000000  0.056094378166704  0.457232544749951  1.000000000000000 
58.0    Q  0.022173802440631  0.000000000000000  0.024929538744032  0.045816148662163  0.034866853822655  0.000000000000000  0.006824788249349  0.091378590525002  0.056719947207323  0.041492661199451  0.020123150461091  0.032963197408377  0.000000000000000  0.445655247948486  0.063857505169644  0.005547294369310  0.052775055463986  0.029956232452906  0.014288517023436  0.010768790257622  1.000000000000000  0.000000000000000  0.000000000000000  0.000000000000000  0.000000000000000  1.000000000000000  0.000000000000000  0.056759276107594  1.000000000000000  0.481630947010074 
59.0    C  0.000000000000000  0.929160674250913  0.000000000000000  0.000000000000000  0.000000000000000  0.000000000000000  0.000000000000000  0.000000000000000  0.000000000000000  0.000000000000000  0.000000000000000  0.000000000000000  0.000000000000000  0.000000000000000  0.000000000000000  0.000000000000000  0.000000000000000  0.000000000000000  0.043706752585577  0.027450952132449  1.000000000000000  0.000000000000000  0.000000000000000  0.000000000000000  0.000000000000000  0.000000000000000  0.000000000000000  0.056094378166704  1.000000000000000  1.000000000000000 
60.0    H  0.000000000000000  0.000000000000000  0.000000000000000  0.054825846795801  0.020890632740705  0.032284824615129  0.094208431847399  0.009446528717448  0.034770316268276  0.016538818669924  0.016187230680625  0.000000000000000  0.000000000000000  0.139951611081780  0.387696603173502  0.058517015464656  0.042364510212500  0.087171479146900  0.000000000000000  0.005244423838985  1.000000000000000  0.000000000000000  0.000000000000000  0.000000000000000  0.000000000000000  0.000000000000000  0.000000000000000  0.056094378166704  1.000000000000000  1.000000000000000 
61.0    C  0.000000000000000  0.930449657703015  0.000000000000000  0.000000000000000  0.000000000000000  0.000000000000000  0.013687473672924  0.000000000000000  0.000000000000000  0.000000000000000  0.000000000000000  0.000000000000000  0.000000000000000  0.000000000000000  0.000000000000000  0.000000000000000  0.055939066932998  0.000000000000000  0.000000000000000  0.000000000000000  1.000000000000000  0.000000000000000  0.000000000000000  0.000000000000000  0.000000000000000  0.000000000000000  0.000000000000000  0.056094378166704  1.000000000000000  1.000000000000000 
62.0    A  0.117848066989780  0.000000000000000  0.000000000000000  0.023357019509921  0.024348893114391  0.084318908396231  0.006066163085946  0.055939066932998  0.018173750649185  0.122852574818156  0.108668070011253  0.127449710374774  0.000000000000000  0.027054267672489  0.032441852204471  0.061596833558711  0.125000000000000  0.055437269072009  0.000000000000000  0.009518830184962  0.984184022033800  0.000000000000000  0.015964376292411  0.000000000000000  0.000000000000000  0.000000000000000  0.000000000000000  0.056094378166704  1.000000000000000  1.000000000000000 
63.0    D  0.032396909406866  0.000000000000000  0.929160674250913  0.013377941946038  0.000000000000000  0.000000000000000  0.000000000000000  0.000000000000000  0.000000000000000  0.000000000000000  0.000000000000000  0.025155191800660  0.000000000000000  0.000000000000000  0.000000000000000  0.000000000000000  0.000000000000000  0.000000000000000  0.000000000000000  0.000000000000000  0.993092495437036  0.000000000000000  0.007203930608692  0.000000000000000  0.000000000000000  1.000000000000000  0.000000000000000  0.055977854380678  1.000000000000000  0.499653546495226 
64.0    I  0.034602018265134  0.000000000000000  0.000000000000000  0.164938488846612  0.023147496844068  0.005376935943714  0.000000000000000  0.154748786354681  0.049104532291724  0.066661611301985  0.031012636708932  0.063240825064183  0.000000000000000  0.013452331067795  0.036549614501623  0.000000000000000  0.129408115480172  0.222518933313124  0.005291894443302  0.000000000000000  0.623732785957023  0.000000000000000  0.376311686852767  0.000000000000000  0.000000000000000  1.000000000000000  0.000000000000000  0.056289123740496  1.000000000000000  0.486664687079119 
65.0    R  0.041694474052430  0.000000000000000  0.012841877926482  0.000000000000000  0.016424576704495  0.127803566326240  0.039010329653175  0.000000000000000  0.032307210507749  0.000000000000000  0.017566858184041  0.109803808529795  0.000000000000000  0.000000000000000  0.305872010282967  0.173378871141423  0.109956134490304  0.013313188985545  0.000000000000000  0.000000000000000  0.521594296764929  0.000000000000000  0.478304079045937  0.000000000000000  0.000000000000000  0.901250462610830  0.098960733233909  0.094012734461793  1.000000000000000  0.309497572709361 
66.0    L  0.000000000000000  0.000000000000000  0.000000000000000  0.000000000000000  0.042896388476716  0.000000000000000  0.000000000000000  0.000000000000000  0.000000000000000  0.423959982316574  0.000000000000000  0.000000000000000  0.121750533567905  0.014437852694482  0.000000000000000  0.000000000000000  0.038553349056547  0.358488812003957  0.000000000000000  0.000000000000000  0.929804942613162  0.048630323534714  0.021777769354492  0.664342907048256  0.335875856430324  1.000000000000000  0.000000000000000  0.058598193528569  0.467163673441590  0.269060031195949 
67.0    N  0.019532223477894  0.000000000000000  0.280680355518402  0.203909373334752  0.010287241578588  0.011638105180646  0.018684684324627  0.000000000000000  0.118997238562191  0.000000000000000  0.000000000000000  0.163006341907320  0.000000000000000  0.027661055143111  0.028222703442244  0.060790934213268  0.045689295262501  0.011040887842834  0.000000000000000  0.000000000000000  1.000000000000000  0.000000000000000  0.000000000000000  0.000000000000000  0.000000000000000  1.000000000000000  0.000000000000000  0.056055509978876  1.000000000000000  0.497924876547229 
68.0    S  0.010888884677246  0.015975445790780  0.000000000000000  0.089250248730317  0.230685623163450  0.127626515713399  0.050765774772265  0.000000000000000  0.023552107961850  0.006125316047467  0.000000000000000  0.007334935525902  0.000000000000000  0.107917444821801  0.044563303667629  0.229409970577841  0.045720975647010  0.000000000000000  0.000000000000000  0.010272990314102  1.000000000000000  0.000000000000000  0.000000000000000  0.000000000000000  0.000000000000000  0.000000000000000  0.000000000000000  0.055939066932998  1.000000000000000  1.000000000000000 
69.0    C  0.015239929086369  0.968618189226628  0.000000000000000  0.000000000000000  0.000000000000000  0.000000000000000  0.000000000000000  0.000000000000000  0.000000000000000  0.000000000000000  0.000000000000000  0.015975445790780  0.000000000000000  0.000000000000000  0.000000000000000  0.000000000000000  0.000000000000000  0.000000000000000  0.000000000000000  0.000000000000000  1.000000000000000  0.000000000000000  0.000000000000000  0.000000000000000  0.000000000000000  0.000000000000000  0.000000000000000  0.055939066932998  1.000000000000000  1.000000000000000 
70.0    H  0.168637816792462  0.000000000000000  0.017873921456309  0.004198238956467  0.000000000000000  0.044501568612408  0.337041932934264  0.006189334460351  0.004632478513324  0.000000000000000  0.000000000000000  0.025120343460723  0.105184935285673  0.000000000000000  0.000000000000000  0.040442051702589  0.018312848182414  0.000000000000000  0.000000000000000  0.227983291379942  0.976708528962227  0.000000000000000  0.023617498879941  0.000000000000000  0.000000000000000  0.000000000000000  0.000000000000000  0.055629733328281  1.000000000000000  1.000000000000000 
71.0    S  0.143487801731875  0.000000000000000  0.029769937438873  0.133508176005981  0.000000000000000  0.020717590004667  0.000000000000000  0.000000000000000  0.111491064927512  0.000000000000000  0.033539383949795  0.000000000000000  0.215237297084726  0.000000000000000  0.000000000000000  0.312299031413344  0.000000000000000  0.000000000000000  0.000000000000000  0.000000000000000  1.000000000000000  0.000000000000000  0.000000000000000  0.000000000000000  0.000000000000000  0.000000000000000  1.000000000000000  0.056094378166704  1.000000000000000  0.488015880388112 
72.0    A  0.400812664699697  0.082927821287323  0.011048543456040  0.059870951138919  0.000000000000000  0.035329080222643  0.000000000000000  0.000000000000000  0.017713584574663  0.000000000000000  0.000000000000000  0.030458738465361  0.139467415290621  0.025068161448515  0.000000000000000  0.058557590429527  0.085436715746363  0.000000000000000  0.053215856734309  0.000000000000000  1.000000000000000  0.000000000000000  0.000000000000000  0.000000000000000  0.000000000000000  0.379191886343611  0.620713745763056  0.056094378166704  1.000000000000000  0.488015880388112 
73.0    C  0.018517074545962  0.925946022527324  0.000000000000000  0.000000000000000  0.000000000000000  0.000000000000000  0.000000000000000  0.000000000000000  0.000000000000000  0.000000000000000  0.000000000000000  0.000000000000000  0.055283777208221  0.000000000000000  0.000000000000000  0.000000000000000  0.000000000000000  0.000000000000000  0.000000000000000  0.000000000000000  1.000000000000000  0.000000000000000  0.000000000000000  0.000000000000000  0.000000000000000  0.000000000000000  1.000000000000000  0.056211144509235  1.000000000000000  0.494828328207603 
74.0    K  0.000000000000000  0.000000000000000  0.032173127607312  0.081164912670618  0.000000000000000  0.014629253866164  0.029096713119695  0.033330805650993  0.608783009331493  0.000000000000000  0.008132981231907  0.075310769687174  0.000000000000000  0.019804883156788  0.061767853218796  0.018148573936339  0.017579038823263  0.000000000000000  0.000000000000000  0.000000000000000  0.994470168673214  0.005659930291230  0.000000000000000  0.199990032083188  0.799960128332753  0.000000000000000  1.000000000000000  0.056211144509235  0.500000000000000  0.494828328207603 
75.0    S  0.040836414184162  0.018594245254792  0.066707833627497  0.108067153913483  0.005069292058356  0.006425391161816  0.024147204676500  0.018971795068673  0.043434944370073  0.016277241078253  0.000000000000000  0.054221167947004  0.008656502717695  0.032061817041786  0.053883971563600  0.421031476804208  0.039308905369876  0.025260027150174  0.000000000000000  0.017039183322895  1.000000000000000  0.000000000000000  0.000000000000000  0.000000000000000  0.000000000000000  0.000000000000000  1.000000000000000  0.056289123740496  1.000000000000000  0.494828328207603 
76.0    C  0.000000000000000  0.979420297586927  0.000000000000000  0.000000000000000  0.000000000000000  0.000000000000000  0.000000000000000  0.000000000000000  0.000000000000000  0.000000000000000  0.020503300852999  0.000000000000000  0.000000000000000  0.000000000000000  0.000000000000000  0.000000000000000  0.000000000000000  0.000000000000000  0.000000000000000  0.000000000000000  1.000000000000000  0.000000000000000  0.000000000000000  0.000000000000000  0.000000000000000  0.000000000000000  1.000000000000000  0.057154068093744  1.000000000000000  0.494828328207603 
77.0    M  0.084027187134539  0.000000000000000  0.049859077488065  0.079164640857701  0.015592542484360  0.042452696392155  0.023880883136956  0.147419574032652  0.022923958502614  0.084787770465479  0.046166814486955  0.000000000000000  0.000000000000000  0.076150641479699  0.035500914524584  0.007385954037115  0.000000000000000  0.284598507268719  0.000000000000000  0.000000000000000  1.000000000000000  0.000000000000000  0.000000000000000  0.000000000000000  0.000000000000000  0.000000000000000  1.000000000000000  0.058153103606438  1.000000000000000  0.494828328207603 
78.0    C  0.013527133836245  0.372677596699730  0.043888902366812  0.091441951294020  0.016345077184258  0.000000000000000  0.000000000000000  0.000000000000000  0.129767408817882  0.021552514403548  0.020775111065339  0.000000000000000  0.096121301954392  0.048866852695537  0.065289735179014  0.030206440533280  0.015155654849090  0.014895289770127  0.000000000000000  0.019424213576624  0.920825697205040  0.015250496262129  0.063636574985289  0.333324669272800  0.666649338545599  0.000000000000000  1.000000000000000  0.058598193528569  0.500000000000000  0.494828328207603 
79.0    T  0.126394010106413  0.000000000000000  0.016851256745226  0.024912264891892  0.000000000000000  0.057035343033966  0.000000000000000  0.000000000000000  0.000000000000000  0.028656376350146  0.000000000000000  0.007208925723858  0.015282241772615  0.026278012976679  0.006968191557969  0.148342099707066  0.355519352646819  0.168637816792462  0.000000000000000  0.017824433060444  0.803850990743151  0.123535706437592  0.072543994648983  0.928516852306729  0.071743900865938  0.535515411595727  0.464258426153364  0.059498619281096  0.445346450303340  0.457232544749951 
80.0    R  0.018110874248507  0.000000000000000  0.030991147835572  0.107917444821801  0.109956134490304  0.059622471909222  0.030948214747907  0.025988190574216  0.074894313833714  0.109423916211783  0.013148116910709  0.010517969291225  0.082354996983384  0.000000000000000  0.210369870571345  0.046552420722584  0.033492920704259  0.000000000000000  0.000000000000000  0.035797434311867  0.936921446872426  0.063240825064183  0.000000000000000  0.725979139951947  0.274142897146974  0.426613049056034  0.573553512113083  0.062673527243817  0.441963765531836  0.441045682598588 
81.0    S  0.126744934973754  0.000000000000000  0.025934205799687  0.000000000000000  0.015335297872711  0.099580012035698  0.037162722343835  0.011621982519020  0.000000000000000  0.042482132559586  0.000000000000000  0.000000000000000  0.000000000000000  0.000000000000000  0.000000000000000  0.557096825409666  0.069540632536552  0.014538275901610  0.000000000000000  0.000000000000000  0.827596816078205  0.172420115228383  0.000000000000000  0.493458272942921  0.506628450079543  0.000000000000000  1.000000000000000  0.062500000000000  0.422786143688758  0.467811748915700 
82.0    M  0.000000000000000  0.000000000000000  0.148033951481704  0.054409410206008  0.043888902366812  0.069444295540943  0.014669871051804  0.203344799533031  0.012447501504462  0.021050524638526  0.089436032501432  0.124826833262629  0.020460709735681  0.017469716421342  0.015799251263302  0.083215725827273  0.020151066416498  0.019956464987428  0.012534080724258  0.028955876934074  0.907519155317161  0.082240907814313  0.010244546986060  0.480297431976738  0.519789717587639  0.670356295790168  0.329419987933535  0.064569649230258  0.468460723436213  0.456282744271726 
83.0    P  0.040921419471361  0.000000000000000  0.047894373756493  0.034891030061955  0.000000000000000  0.073760896458513  0.000000000000000  0.000000000000000  0.000000000000000  0.000000000000000  0.000000000000000  0.026187097958373  0.754712984260280  0.000000000000000  0.012098734810207  0.009512234520805  0.000000000000000  0.000000000000000  0.000000000000000  0.000000000000000  1.000000000000000  0.000000000000000  0.000000000000000  0.000000000000000  0.000000000000000  0.000000000000000  1.000000000000000  0.058924033494890  1.000000000000000  0.479299719246488 
84.0    G  0.155501456662309  0.000000000000000  0.036473690681827  0.034891030061955  0.000000000000000  0.265539796623843  0.000000000000000  0.000000000000000  0.000000000000000  0.000000000000000  0.000000000000000  0.000000000000000  0.368567304322775  0.000000000000000  0.030606884299591  0.071347169195423  0.036906020669673  0.000000000000000  0.000000000000000  0.000000000000000  0.978063473447339  0.015484836926001  0.006189334460351  0.500000000000000  0.500000000000000  0.379454813243513  0.620713745763056  0.058924033494890  0.498961359499525  0.479299719246488 
85.0    K  0.040190546357206  0.000000000000000  0.033842970172685  0.032329611922466  0.000000000000000  0.081221191403465  0.007577827424545  0.014082038478294  0.084435880283477  0.064883704408941  0.017349044275447  0.000000000000000  0.000000000000000  0.259175275254930  0.267201497802752  0.069444295540943  0.000000000000000  0.028301061969307  0.000000000000000  0.000000000000000  0.874178620410373  0.126044056861824  0.000000000000000  0.203203900496080  0.796640096285583  0.393381222676783  0.606676780124346  0.058476468614463  0.435275281648062  0.486327473706143 
86.0    C  0.000000000000000  0.431071772508798  0.000000000000000  0.000000000000000  0.156257787823151  0.000000000000000  0.037812315288103  0.020919613390288  0.020717590004667  0.045943354262158  0.000000000000000  0.000000000000000  0.000000000000000  0.025952188252840  0.055245470691479  0.000000000000000  0.000000000000000  0.000000000000000  0.000000000000000  0.206040521238310  1.000000000000000  0.000000000000000  0.000000000000000  0.000000000000000  0.000000000000000  1.000000000000000  0.000000000000000  0.058557590429527  1.000000000000000  0.494142825750366 
87.0    R  0.000000000000000  0.000000000000000  0.000000000000000  0.008943157504677  0.037996227599472  0.000000000000000  0.031185084968720  0.103091693576260  0.000000000000000  0.005009908604540  0.018186352100033  0.000000000000000  0.000000000000000  0.127184961512836  0.342933322147649  0.039609766313576  0.000000000000000  0.250000000000000  0.016164805961233  0.019572881853502  1.000000000000000  0.000000000000000  0.000000000000000  0.000000000000000  0.000000000000000  0.000000000000000  0.000000000000000  0.057432055217441  1.000000000000000  1.000000000000000 
88.0    C  0.000000000000000  0.945402116750744  0.000000000000000  0.000000000000000  0.000000000000000  0.000000000000000  0.000000000000000  0.000000000000000  0.027661055143111  0.000000000000000  0.000000000000000  0.000000000000000  0.000000000000000  0.000000000000000  0.000000000000000  0.000000000000000  0.026681803574726  0.000000000000000  0.000000000000000  0.000000000000000  0.983502074026248  0.016164805961233  0.000000000000000  1.000000000000000  0.000000000000000  0.000000000000000  0.000000000000000  0.057432055217441  0.497235084336607  1.000000000000000 
89.0    L  0.092589987376270  0.000000000000000  0.046843737554861  0.049104532291724  0.036121459579837  0.050310383601320  0.011280696840020  0.060875266783953  0.116871899718932  0.130579470358029  0.065335006262823  0.030649343874642  0.000000000000000  0.042541066140609  0.056016668723088  0.061853541025950  0.100342173589494  0.038875364165577  0.000000000000000  0.009902441578394  1.000000000000000  0.000000000000000  0.000000000000000  0.000000000000000  0.000000000000000  0.000000000000000  0.000000000000000  0.057432055217441  1.000000000000000  1.000000000000000 
90.0    D  0.000000000000000  0.000000000000000  0.941478464541206  0.000000000000000  0.000000000000000  0.000000000000000  0.000000000000000  0.000000000000000  0.018186352100033  0.000000000000000  0.000000000000000  0.023914012028479  0.000000000000000  0.000000000000000  0.016164805961233  0.000000000000000  0.000000000000000  0.000000000000000  0.000000000000000  0.000000000000000  0.703196599956560  0.297095776264233  0.000000000000000  1.000000000000000  0.000000000000000  0.000000000000000  0.000000000000000  0.057432055217441  0.340328529124868  1.000000000000000 
91.0    T  0.000000000000000  0.000000000000000  0.000000000000000  0.000000000000000  0.020011872833278  0.005251699195909  0.009453078822026  0.328280281356038  0.000000000000000  0.064659223844932  0.011825131195075  0.026830169888680  0.000000000000000  0.072745408400134  0.056367211148891  0.035280137650192  0.184667257947820  0.136124626917013  0.025630403474898  0.022971677131079  0.963261894020148  0.000000000000000  0.036524289017539  0.000000000000000  0.000000000000000  0.000000000000000  0.000000000000000  0.061639544030835  1.000000000000000  1.000000000000000 
92.0    D  0.067451764781527  0.000000000000000  0.014121136355486  0.020053529649420  0.137166492197405  0.000000000000000  0.085377516047150  0.000000000000000  0.050836199883258  0.000000000000000  0.000000000000000  0.139757731370733  0.089746531913965  0.026607928367155  0.041955390711883  0.000000000000000  0.281654807124320  0.045248067886861  0.000000000000000  0.000000000000000  0.874784764905822  0.124913386623807  0.000000000000000  0.249480679749763  0.750539548757186  1.000000000000000  0.000000000000000  0.072947381363654  0.445037866626248  0.491069797631696 
93.0    D  0.000000000000000  0.000000000000000  0.277584708407160  0.007129417879246  0.000000000000000  0.103377921055408  0.040134869030920  0.000000000000000  0.071793647187315  0.000000000000000  0.000000000000000  0.396941965465826  0.000000000000000  0.019156794688331  0.028261855548784  0.000000000000000  0.013725476066224  0.041752314949691  0.000000000000000  0.000000000000000  0.985549336939371  0.014367969471120  0.000000000000000  1.000000000000000  0.000000000000000  1.000000000000000  0.000000000000000  0.072242919159675  0.494142825750366  0.500000000000000 
94.0    F  0.000000000000000  0.000000000000000  0.042600081477578  0.023732370153352  0.659753955386447  0.000000000000000  0.021883692513863  0.000000000000000  0.000000000000000  0.017086491523197  0.000000000000000  0.016019800592009  0.028478165019911  0.000000000000000  0.000000000000000  0.041752314949691  0.000000000000000  0.000000000000000  0.029687511964840  0.119162318161020  1.000000000000000  0.000000000000000  0.000000000000000  0.000000000000000  0.000000000000000  0.000000000000000  0.000000000000000  0.072896835611779  1.000000000000000  1.000000000000000 
95.0    C  0.000000000000000  0.853817714391245  0.000000000000000  0.000000000000000  0.000000000000000  0.000000000000000  0.000000000000000  0.000000000000000  0.000000000000000  0.000000000000000  0.000000000000000  0.000000000000000  0.117929781361920  0.000000000000000  0.000000000000000  0.000000000000000  0.000000000000000  0.028478165019911  0.000000000000000  0.000000000000000  1.000000000000000  0.000000000000000  0.000000000000000  0.000000000000000  0.000000000000000  0.000000000000000  0.000000000000000  0.072896835611779  1.000000000000000  1.000000000000000 
96.0    Y  0.016019800592009  0.000000000000000  0.045847917005229  0.106063487713237  0.000000000000000  0.117929781361920  0.024180703024100  0.000000000000000  0.115984184558910  0.000000000000000  0.000000000000000  0.012841877926482  0.028478165019911  0.092397651954615  0.015030116479137  0.000000000000000  0.000000000000000  0.000000000000000  0.000000000000000  0.425137080032098  1.000000000000000  0.000000000000000  0.000000000000000  0.000000000000000  0.000000000000000  0.000000000000000  0.000000000000000  0.072896835611779  1.000000000000000  1.000000000000000 
97.0    K  0.000000000000000  0.000000000000000  0.013946046429265  0.179866697501352  0.000000000000000  0.000000000000000  0.013257935964155  0.000000000000000  0.285388676781693  0.000000000000000  0.000000000000000  0.049104532291724  0.182883902588041  0.008869078923016  0.191577495025973  0.024080347136200  0.051048061944376  0.000000000000000  0.000000000000000  0.000000000000000  1.000000000000000  0.000000000000000  0.000000000000000  0.000000000000000  0.000000000000000  0.000000000000000  0.000000000000000  0.072896835611779  1.000000000000000  1.000000000000000 
98.0    P  0.044811101500495  0.036021448337465  0.000000000000000  0.000000000000000  0.000000000000000  0.000000000000000  0.000000000000000  0.000000000000000  0.169575540930959  0.021777769354492  0.000000000000000  0.037214276542655  0.276049711790773  0.028996046139728  0.262429170905767  0.101110168545217  0.000000000000000  0.022097086912080  0.000000000000000  0.000000000000000  1.000000000000000  0.000000000000000  0.000000000000000  0.000000000000000  0.000000000000000  0.000000000000000  0.000000000000000  0.073709787016326  1.000000000000000  1.000000000000000 
99.0    C  0.000000000000000  0.951977908497532  0.000000000000000  0.000000000000000  0.000000000000000  0.000000000000000  0.000000000000000  0.000000000000000  0.000000000000000  0.000000000000000  0.000000000000000  0.000000000000000  0.036146505747040  0.000000000000000  0.012056876367648  0.000000000000000  0.000000000000000  0.000000000000000  0.000000000000000  0.000000000000000  1.000000000000000  0.000000000000000  0.000000000000000  0.000000000000000  0.000000000000000  0.000000000000000  0.000000000000000  0.074119656213184  1.000000000000000  1.000000000000000 
100.0    E  0.042836962655616  0.000000000000000  0.014209503934386  0.025594896808120  0.000000000000000  0.000000000000000  0.052556025953357  0.000000000000000  0.282045534364128  0.000000000000000  0.000000000000000  0.077696854306496  0.016700093612672  0.000000000000000  0.000000000000000  0.090496135773722  0.398044049389390  0.000000000000000  0.000000000000000  0.000000000000000  0.924022572446823  0.075729541276890  0.000000000000000  0.240315232097190  0.759962428200758  0.000000000000000  0.000000000000000  0.074119656213184  0.467811748915700  1.000000000000000 
101.0    S  0.089064850884299  0.000000000000000  0.022189177477241  0.050906722691888  0.000000000000000  0.024535253708549  0.037891025595679  0.000000000000000  0.033889919026346  0.000000000000000  0.000000000000000  0.068726009332159  0.247929182684573  0.017253106986923  0.000000000000000  0.407536166201313  0.000000000000000  0.000000000000000  0.000000000000000  0.000000000000000  1.000000000000000  0.000000000000000  0.000000000000000  0.000000000000000  0.000000000000000  0.000000000000000  0.000000000000000  0.080269738061839  1.000000000000000  1.000000000000000 
102.0    M  0.271683715631515  0.019143520811011  0.047828024056958  0.000000000000000  0.000000000000000  0.057791454882106  0.000000000000000  0.000000000000000  0.000000000000000  0.000000000000000  0.031620412532092  0.016390458243359  0.028815722434770  0.000000000000000  0.118667765118815  0.408101523075451  0.000000000000000  0.000000000000000  0.000000000000000  0.000000000000000  1.000000000000000  0.000000000000000  0.000000000000000  0.000000000000000  0.000000000000000  0.000000000000000  0.000000000000000  0.117440343651751  1.000000000000000  1.000000000000000 
103.0    D  0.069444295540943  0.000000000000000  0.170282254330061  0.254546299941155  0.000000000000000  0.130670012525646  0.326464946772229  0.000000000000000  0.000000000000000  0.000000000000000  0.000000000000000  0.000000000000000  0.000000000000000  0.000000000000000  0.023019495090883  0.025630403474898  0.000000000000000  0.000000000000000  0.000000000000000  0.000000000000000  1.000000000000000  0.000000000000000  0.000000000000000  0.000000000000000  0.000000000000000  0.000000000000000  0.000000000000000  0.190122344155126  1.000000000000000  1.000000000000000 
104.0    K  0.000000000000000  0.000000000000000  0.306508715013289  0.149996422796652  0.000000000000000  0.056289123740496  0.026332713421973  0.032667503131411  0.079992025865269  0.000000000000000  0.000000000000000  0.000000000000000  0.000000000000000  0.000000000000000  0.000000000000000  0.168988854128516  0.113125807860363  0.066247048962330  0.000000000000000  0.000000000000000  1.000000000000000  0.000000000000000  0.000000000000000  0.000000000000000  0.000000000000000  0.000000000000000  0.000000000000000  0.192642777089602  1.000000000000000  1.000000000000000 
105.0    D  0.000000000000000  0.000000000000000  0.615572206672458  0.152512563784028  0.000000000000000  0.000000000000000  0.000000000000000  0.000000000000000  0.159430548959818  0.000000000000000  0.000000000000000  0.041435180009333  0.031055659166330  0.000000000000000  0.000000000000000  0.000000000000000  0.000000000000000  0.000000000000000  0.000000000000000  0.000000000000000  1.000000000000000  0.000000000000000  0.000000000000000  0.000000000000000  0.000000000000000  0.000000000000000  0.000000000000000  0.197100043514070  1.000000000000000  1.000000000000000 
106.0    D  0.000000000000000  0.000000000000000  0.764718138941384  0.062326953209504  0.000000000000000  0.000000000000000  0.000000000000000  0.000000000000000  0.058801631719612  0.000000000000000  0.000000000000000  0.113912660079643  0.000000000000000  0.000000000000000  0.000000000000000  0.000000000000000  0.000000000000000  0.000000000000000  0.000000000000000  0.000000000000000  1.000000000000000  0.000000000000000  0.000000000000000  0.000000000000000  0.000000000000000  0.000000000000000  0.000000000000000  0.278741554681924  1.000000000000000  1.000000000000000 
107.0    D  0.000000000000000  0.000000000000000  0.514056913328033  0.120240931833097  0.000000000000000  0.000000000000000  0.000000000000000  0.000000000000000  0.000000000000000  0.046134825177589  0.000000000000000  0.124826833262629  0.000000000000000  0.000000000000000  0.000000000000000  0.145188591490715  0.000000000000000  0.000000000000000  0.049617745683228  0.000000000000000  1.000000000000000  0.000000000000000  0.000000000000000  1.000000000000000  0.000000000000000  0.000000000000000  0.000000000000000  0.282436803642531  1.000000000000000  1.000000000000000 
