No:  residues  hmm_col_1  hmm_col_2  hmm_col_3  hmm_col_4  hmm_col_5  hmm_col_6  hmm_col_7  hmm_col_8  hmm_col_9  hmm_col_10  hmm_col_11  hmm_col_12  hmm_col_13  hmm_col_14  hmm_col_15  hmm_col_16  hmm_col_17  hmm_col_18  hmm_col_19  hmm_col_20  hmm_col_21   hmm_col_22   hmm_col_23   hmm_col_24   hmm_col_25   hmm_col_26   hmm_col_27   hmm_col_28   hmm_col_29   hmm_col_30   
1.0    M  0.000000000000000  0.000000000000000  0.000000000000000  0.000000000000000  0.000000000000000  0.000000000000000  0.120324305387719  0.000000000000000  0.000000000000000  0.000000000000000  0.879649075922436  0.000000000000000  0.000000000000000  0.000000000000000  0.000000000000000  0.000000000000000  0.000000000000000  0.000000000000000  0.000000000000000  0.000000000000000  1.000000000000000  0.000000000000000  0.000000000000000  1.000000000000000  0.000000000000000  0.000000000000000  0.000000000000000  0.253138701837623  0.494485458190466  1.000000000000000 
2.0    L  0.000000000000000  0.000000000000000  0.000000000000000  0.000000000000000  0.081052472165688  0.000000000000000  0.000000000000000  0.000000000000000  0.000000000000000  0.404160434402784  0.278934830581241  0.000000000000000  0.000000000000000  0.000000000000000  0.000000000000000  0.125260200634954  0.110567554416443  0.000000000000000  0.000000000000000  0.000000000000000  0.794434400096105  0.000000000000000  0.205612517178116  0.000000000000000  0.000000000000000  0.000000000000000  0.000000000000000  0.232129213076682  1.000000000000000  1.000000000000000 
3.0    S  0.042393885232740  0.000000000000000  0.000000000000000  0.000000000000000  0.000000000000000  0.000000000000000  0.000000000000000  0.000000000000000  0.000000000000000  0.000000000000000  0.526315577354719  0.000000000000000  0.000000000000000  0.000000000000000  0.102237757319723  0.203768083100656  0.000000000000000  0.125260200634954  0.000000000000000  0.000000000000000  1.000000000000000  0.000000000000000  0.000000000000000  0.000000000000000  0.000000000000000  0.463936738235641  0.535886731268147  0.146401272652351  1.000000000000000  0.482968164462423 
4.0    L  0.000000000000000  0.000000000000000  0.000000000000000  0.000000000000000  0.000000000000000  0.000000000000000  0.000000000000000  0.000000000000000  0.000000000000000  1.000000000000000  0.000000000000000  0.000000000000000  0.000000000000000  0.000000000000000  0.000000000000000  0.000000000000000  0.000000000000000  0.000000000000000  0.000000000000000  0.000000000000000  1.000000000000000  0.000000000000000  0.000000000000000  0.199990032083188  0.799960128332753  0.000000000000000  1.000000000000000  0.148444958259176  0.494485458190466  0.494485458190466 
5.0    R  0.100342173589494  0.000000000000000  0.000000000000000  0.000000000000000  0.000000000000000  0.000000000000000  0.000000000000000  0.000000000000000  0.000000000000000  0.000000000000000  0.000000000000000  0.000000000000000  0.000000000000000  0.000000000000000  0.480963727332387  0.418703243754213  0.000000000000000  0.000000000000000  0.000000000000000  0.000000000000000  1.000000000000000  0.000000000000000  0.000000000000000  0.000000000000000  0.000000000000000  0.000000000000000  1.000000000000000  0.148444958259176  1.000000000000000  0.494485458190466 
6.0    Q  0.000000000000000  0.000000000000000  0.000000000000000  0.000000000000000  0.000000000000000  0.000000000000000  0.000000000000000  0.000000000000000  0.000000000000000  0.000000000000000  0.000000000000000  0.000000000000000  0.039719740290802  0.280874975757911  0.644834125327943  0.034482304376311  0.000000000000000  0.000000000000000  0.000000000000000  0.000000000000000  0.961927454664775  0.037759932605936  0.000000000000000  1.000000000000000  0.000000000000000  0.000000000000000  1.000000000000000  0.148444958259176  0.498615625676035  0.494485458190466 
7.0    S  0.086869888740146  0.049411819787746  0.000000000000000  0.000000000000000  0.000000000000000  0.000000000000000  0.000000000000000  0.000000000000000  0.000000000000000  0.000000000000000  0.000000000000000  0.000000000000000  0.000000000000000  0.000000000000000  0.000000000000000  0.321301584367343  0.415235012045447  0.100342173589494  0.000000000000000  0.027073026762503  0.741747466920561  0.258099633870810  0.000000000000000  0.808320868805567  0.191577495025973  0.000000000000000  1.000000000000000  0.148444958259176  0.444421340583285  0.494485458190466 
8.0    I  0.165511113799425  0.000000000000000  0.000000000000000  0.000000000000000  0.144185700632503  0.000000000000000  0.000000000000000  0.118503370641081  0.000000000000000  0.326917837134190  0.000000000000000  0.000000000000000  0.000000000000000  0.000000000000000  0.044780051574159  0.100342173589494  0.000000000000000  0.099580012035698  0.000000000000000  0.000000000000000  0.955945317593742  0.044347604881262  0.000000000000000  1.000000000000000  0.000000000000000  1.000000000000000  0.000000000000000  0.148444958259176  0.494485458190466  0.494485458190466 
9.0    R  0.056877426505056  0.000000000000000  0.000000000000000  0.000000000000000  0.000000000000000  0.185822873053877  0.000000000000000  0.000000000000000  0.041926319527571  0.025683755852964  0.000000000000000  0.000000000000000  0.046973796189549  0.000000000000000  0.599985691186608  0.042659178683911  0.000000000000000  0.000000000000000  0.000000000000000  0.000000000000000  1.000000000000000  0.000000000000000  0.000000000000000  0.000000000000000  0.000000000000000  0.000000000000000  0.000000000000000  0.142793280856068  1.000000000000000  1.000000000000000 
10.0    F  0.000000000000000  0.000000000000000  0.000000000000000  0.000000000000000  0.177636505397670  0.000000000000000  0.000000000000000  0.131578894338680  0.000000000000000  0.234880687303503  0.037603219562484  0.000000000000000  0.000000000000000  0.025683755852964  0.046973796189549  0.000000000000000  0.000000000000000  0.345797657252741  0.000000000000000  0.000000000000000  1.000000000000000  0.000000000000000  0.000000000000000  0.000000000000000  0.000000000000000  0.000000000000000  0.000000000000000  0.142793280856068  1.000000000000000  1.000000000000000 
11.0    F  0.503477775028359  0.000000000000000  0.000000000000000  0.000000000000000  0.071694189014135  0.000000000000000  0.000000000000000  0.037603219562484  0.000000000000000  0.000000000000000  0.035896823593657  0.000000000000000  0.000000000000000  0.025683755852964  0.000000000000000  0.042659178683911  0.044470733163581  0.238655253534929  0.000000000000000  0.000000000000000  1.000000000000000  0.000000000000000  0.000000000000000  0.000000000000000  0.000000000000000  0.000000000000000  0.000000000000000  0.142793280856068  1.000000000000000  1.000000000000000 
12.0    K  0.250694108975269  0.000000000000000  0.000000000000000  0.000000000000000  0.000000000000000  0.041926319527571  0.000000000000000  0.000000000000000  0.098618355106558  0.000000000000000  0.000000000000000  0.000000000000000  0.000000000000000  0.042659178683911  0.494142825750366  0.035896823593657  0.036171569280941  0.000000000000000  0.000000000000000  0.000000000000000  0.778624691061662  0.000000000000000  0.221441879775590  0.000000000000000  0.000000000000000  0.000000000000000  0.000000000000000  0.142793280856068  1.000000000000000  1.000000000000000 
13.0    P  0.000000000000000  0.000000000000000  0.000000000000000  0.000000000000000  0.000000000000000  0.087413505171154  0.000000000000000  0.000000000000000  0.054296386571914  0.000000000000000  0.000000000000000  0.000000000000000  0.471065636952404  0.101320639985664  0.285982743300952  0.000000000000000  0.000000000000000  0.000000000000000  0.000000000000000  0.000000000000000  0.945402116750744  0.000000000000000  0.054296386571914  0.000000000000000  0.000000000000000  1.000000000000000  0.000000000000000  0.148342099707066  1.000000000000000  0.450937689191125 
14.0    A  0.547905883223845  0.000000000000000  0.000000000000000  0.000000000000000  0.000000000000000  0.000000000000000  0.000000000000000  0.000000000000000  0.000000000000000  0.000000000000000  0.000000000000000  0.042659178683911  0.000000000000000  0.206755842110816  0.000000000000000  0.177882932654324  0.000000000000000  0.024860515117341  0.000000000000000  0.000000000000000  0.915733686418126  0.050906722691888  0.033054717613076  0.333324669272800  0.666649338545599  0.000000000000000  1.000000000000000  0.130308220105140  0.494485458190466  0.492774668469685 
15.0    T  0.211979991158287  0.000000000000000  0.000000000000000  0.000000000000000  0.000000000000000  0.000000000000000  0.000000000000000  0.000000000000000  0.064168096607500  0.000000000000000  0.000000000000000  0.000000000000000  0.047695600280017  0.051653144884638  0.161208531331986  0.071198961076382  0.341510064188599  0.012788580962356  0.000000000000000  0.037864770638445  1.000000000000000  0.000000000000000  0.000000000000000  0.000000000000000  0.000000000000000  1.000000000000000  0.000000000000000  0.117848066989780  1.000000000000000  0.471392267959120 
16.0    R  0.014367969471120  0.000000000000000  0.000000000000000  0.011156281091290  0.000000000000000  0.000000000000000  0.000000000000000  0.022813000166477  0.000000000000000  0.000000000000000  0.000000000000000  0.000000000000000  0.000000000000000  0.000000000000000  0.951977908497532  0.000000000000000  0.000000000000000  0.000000000000000  0.000000000000000  0.000000000000000  0.914465089499901  0.037188490509584  0.048093975630027  0.166662334636400  0.833353207159218  0.000000000000000  0.000000000000000  0.113597264556065  0.483973513446869  1.000000000000000 
17.0    T  0.095788747512986  0.000000000000000  0.000000000000000  0.000000000000000  0.149788627667427  0.037034149091924  0.000000000000000  0.000000000000000  0.000000000000000  0.098277161517541  0.000000000000000  0.000000000000000  0.105112051906714  0.000000000000000  0.064480198706335  0.254722799154181  0.194926210652831  0.000000000000000  0.000000000000000  0.000000000000000  1.000000000000000  0.000000000000000  0.000000000000000  0.000000000000000  0.000000000000000  0.000000000000000  1.000000000000000  0.116629123942101  1.000000000000000  0.481964903870322 
18.0    L  0.000000000000000  0.000000000000000  0.000000000000000  0.000000000000000  0.521594296764929  0.000000000000000  0.000000000000000  0.025155191800660  0.000000000000000  0.350867931509769  0.000000000000000  0.000000000000000  0.000000000000000  0.000000000000000  0.000000000000000  0.033772668813730  0.010919116967586  0.057791454882106  0.000000000000000  0.000000000000000  0.965936328924846  0.000000000000000  0.033772668813730  0.000000000000000  0.000000000000000  0.000000000000000  1.000000000000000  0.103234708116965  1.000000000000000  0.481964903870322 
19.0    C  0.145490816800267  0.014248955711246  0.000000000000000  0.000000000000000  0.000000000000000  0.000000000000000  0.060078808024298  0.000000000000000  0.000000000000000  0.000000000000000  0.011767894270577  0.000000000000000  0.000000000000000  0.000000000000000  0.000000000000000  0.485990493990676  0.210515738402104  0.057951909152216  0.013984766733250  0.000000000000000  1.000000000000000  0.000000000000000  0.000000000000000  0.000000000000000  0.000000000000000  0.000000000000000  1.000000000000000  0.105989995579143  1.000000000000000  0.468785548228555 
20.0    S  0.014278616409834  0.000000000000000  0.000000000000000  0.000000000000000  0.000000000000000  0.000000000000000  0.000000000000000  0.017301009132567  0.000000000000000  0.031315050158739  0.000000000000000  0.000000000000000  0.000000000000000  0.000000000000000  0.000000000000000  0.218544655102593  0.600401713742604  0.118093380124651  0.000000000000000  0.000000000000000  1.000000000000000  0.000000000000000  0.000000000000000  0.500000000000000  0.500000000000000  0.340092713101489  0.659753955386447  0.105989995579143  0.494485458190466  0.468785548228555 
21.0    S  0.240815473505037  0.000000000000000  0.000000000000000  0.000000000000000  0.000000000000000  0.000000000000000  0.000000000000000  0.000000000000000  0.000000000000000  0.000000000000000  0.000000000000000  0.000000000000000  0.000000000000000  0.015722778492153  0.000000000000000  0.624598062826688  0.118997238562191  0.000000000000000  0.000000000000000  0.000000000000000  1.000000000000000  0.000000000000000  0.000000000000000  0.000000000000000  0.000000000000000  0.000000000000000  1.000000000000000  0.095259051896236  1.000000000000000  0.481964903870322 
22.0    R  0.160985203688728  0.000000000000000  0.000000000000000  0.000000000000000  0.133600748901376  0.000000000000000  0.000000000000000  0.037317599596081  0.022312562182579  0.000000000000000  0.023601134149419  0.000000000000000  0.000000000000000  0.000000000000000  0.414085330667273  0.053326631132004  0.000000000000000  0.154963462492373  0.000000000000000  0.000000000000000  0.967947026893737  0.000000000000000  0.032284824615129  0.076946525834057  0.923382310729395  0.000000000000000  1.000000000000000  0.095259051896236  0.481964903870322  0.481964903870322 
23.0    Y  0.191843262000111  0.000000000000000  0.000000000000000  0.000000000000000  0.000000000000000  0.000000000000000  0.000000000000000  0.269994139958221  0.000000000000000  0.000000000000000  0.000000000000000  0.000000000000000  0.000000000000000  0.000000000000000  0.018945512797840  0.000000000000000  0.027148193285957  0.467487598875728  0.000000000000000  0.024484287092167  1.000000000000000  0.000000000000000  0.000000000000000  0.000000000000000  0.000000000000000  0.659753955386447  0.340092713101489  0.097801472717064  1.000000000000000  0.468785548228555 
24.0    L  0.183264594648651  0.000000000000000  0.000000000000000  0.000000000000000  0.016333751565706  0.000000000000000  0.020531744174209  0.030862526920168  0.000000000000000  0.268129154204486  0.000000000000000  0.000000000000000  0.000000000000000  0.028086097706595  0.378404198242395  0.000000000000000  0.052374195916747  0.021990130864459  0.000000000000000  0.000000000000000  0.913831450229400  0.038313589376661  0.047596523115727  0.500000000000000  0.500000000000000  0.000000000000000  1.000000000000000  0.095589767367673  0.469761374607006  0.494485458190466 
25.0    L  0.134064577102243  0.032690154368517  0.000000000000000  0.000000000000000  0.076256281892014  0.023147496844068  0.000000000000000  0.000000000000000  0.069444295540943  0.113125807860363  0.026811579075897  0.000000000000000  0.000000000000000  0.042130241616783  0.392564059336786  0.050555084272609  0.019505164826588  0.000000000000000  0.000000000000000  0.019832357594059  0.892546971472977  0.107618648542363  0.000000000000000  0.765778998547191  0.234392774114277  0.000000000000000  1.000000000000000  0.097598311575924  0.468460723436213  0.458184322337676 
26.0    Q  0.054409410206008  0.000000000000000  0.251041885809743  0.095457343622544  0.072543994648983  0.042130241616783  0.039527485698561  0.000000000000000  0.024569290379385  0.027016788478371  0.000000000000000  0.161544103829687  0.000000000000000  0.125869443757090  0.059663813383732  0.046327094056339  0.000000000000000  0.000000000000000  0.000000000000000  0.000000000000000  0.984184022033800  0.015755507107728  0.000000000000000  0.500000000000000  0.500000000000000  0.515841589650680  0.484309094613314  0.097598311575924  0.500000000000000  0.458184322337676 
27.0    Q  0.296478624852737  0.056133273305246  0.040302132832996  0.042305821220389  0.000000000000000  0.000000000000000  0.000000000000000  0.000000000000000  0.093428078039684  0.000000000000000  0.000000000000000  0.032441852204471  0.074583483939483  0.188678246065070  0.000000000000000  0.136881558849197  0.021492840908433  0.017325010056298  0.000000000000000  0.000000000000000  0.976708528962227  0.000000000000000  0.023486898094774  1.000000000000000  0.000000000000000  1.000000000000000  0.000000000000000  0.091759414752131  0.494485458190466  0.483303048532487 
28.0    K  0.309712174445977  0.000000000000000  0.087716982877442  0.075782051191359  0.000000000000000  0.046198825977308  0.031163476604752  0.000000000000000  0.091378590525002  0.000000000000000  0.000000000000000  0.040330077826618  0.094732285406900  0.081277509159280  0.000000000000000  0.066754088002991  0.020703234641331  0.054334035005626  0.000000000000000  0.000000000000000  0.806082831492968  0.020053529649420  0.173980798978888  0.142892291926755  0.857376036634172  0.394200087028139  0.605836330215122  0.089374061647606  0.497235084336607  0.497924876547229 
29.0    P  0.045752677998301  0.000000000000000  0.058354996557207  0.023438109207591  0.000000000000000  0.000000000000000  0.000000000000000  0.000000000000000  0.270931491711195  0.000000000000000  0.000000000000000  0.038660389958974  0.390934821564297  0.043555538708983  0.015570941606685  0.026278012976679  0.017640068825096  0.068964608752622  0.000000000000000  0.000000000000000  0.407253781535108  0.538120062391899  0.054560474445860  0.683967651951245  0.316219885588484  0.517632461920689  0.482299092292069  0.094535499830248  0.313817997820661  0.417543959714185 
30.0    V  0.236514411681399  0.000000000000000  0.027508094173848  0.149373900607098  0.046102858033839  0.012040173568100  0.000000000000000  0.017409275794052  0.071793647187315  0.000000000000000  0.000000000000000  0.142595464483553  0.000000000000000  0.091695834010458  0.000000000000000  0.032084048303750  0.061853541025950  0.111028349480301  0.000000000000000  0.000000000000000  0.827596816078205  0.154534407615119  0.017701310707747  0.143189737247470  0.856781954768570  1.000000000000000  0.000000000000000  0.095127086302460  0.421615555125056  0.432568345292494 
31.0    V  0.161208531331986  0.000000000000000  0.000000000000000  0.011296346051139  0.033913417871306  0.017799740269096  0.039857637239955  0.000000000000000  0.038983299122314  0.078836088051953  0.000000000000000  0.015887104270187  0.126044056861824  0.022189177477241  0.041377778449856  0.106727214298906  0.012267626854275  0.293615492803413  0.000000000000000  0.000000000000000  1.000000000000000  0.000000000000000  0.000000000000000  0.000000000000000  0.000000000000000  0.000000000000000  1.000000000000000  0.087534770055450  1.000000000000000  0.478304079045937 
32.0    K  0.028164076956588  0.000000000000000  0.110644220572443  0.023683071351725  0.000000000000000  0.079549683454746  0.039857637239955  0.000000000000000  0.537747195228689  0.000000000000000  0.000000000000000  0.030500992524257  0.036397924577139  0.011621982519020  0.000000000000000  0.050101583087462  0.000000000000000  0.000000000000000  0.000000000000000  0.051688960527704  0.715488260011456  0.284401306968126  0.000000000000000  0.277777182163773  0.722465198961763  1.000000000000000  0.000000000000000  0.087534770055450  0.381300413314071  0.478304079045937 
33.0    T  0.037812315288103  0.000000000000000  0.057471877884479  0.000000000000000  0.000000000000000  0.000000000000000  0.000000000000000  0.014568538850576  0.193982713568714  0.029016151634585  0.000000000000000  0.000000000000000  0.161768206810357  0.000000000000000  0.000000000000000  0.010731533073669  0.393381222676783  0.101250434204006  0.000000000000000  0.000000000000000  0.901875378382250  0.098277161517541  0.000000000000000  0.560583039014254  0.439519780455894  0.000000000000000  0.000000000000000  0.083331167318200  0.445964259710046  1.000000000000000 
34.0    A  0.532923368033971  0.000000000000000  0.000000000000000  0.043676467870346  0.049480366616954  0.010330114102676  0.000000000000000  0.126044056861824  0.000000000000000  0.102948877158447  0.015920174947136  0.000000000000000  0.000000000000000  0.000000000000000  0.000000000000000  0.012824087637664  0.034125642054552  0.029584800976147  0.000000000000000  0.042335155546418  0.962594443101751  0.000000000000000  0.037162722343835  0.000000000000000  0.000000000000000  0.000000000000000  0.000000000000000  0.083331167318200  1.000000000000000  1.000000000000000 
35.0    Q  0.019464647118273  0.000000000000000  0.000000000000000  0.045185384204555  0.000000000000000  0.000000000000000  0.000000000000000  0.056995822844986  0.190254172604920  0.133323222603971  0.000000000000000  0.019654452684938  0.072846324883410  0.164709993966768  0.012482061194518  0.113282742283417  0.128514228332008  0.043404847992660  0.000000000000000  0.000000000000000  1.000000000000000  0.000000000000000  0.000000000000000  0.000000000000000  0.000000000000000  0.000000000000000  1.000000000000000  0.087474116599700  1.000000000000000  0.492092011016900 
36.0    N  0.000000000000000  0.000000000000000  0.054749894691695  0.030691862351981  0.000000000000000  0.074119656213184  0.000000000000000  0.010746420454217  0.164709993966768  0.036372704200067  0.000000000000000  0.068345966092790  0.089871033302935  0.000000000000000  0.190650206657036  0.182251172352072  0.087171479146900  0.010409178321031  0.000000000000000  0.000000000000000  1.000000000000000  0.000000000000000  0.000000000000000  0.000000000000000  0.000000000000000  0.000000000000000  1.000000000000000  0.087474116599700  1.000000000000000  0.492092011016900 
37.0    L  0.000000000000000  0.000000000000000  0.000000000000000  0.000000000000000  0.217788548035564  0.000000000000000  0.051545846788130  0.047366142703450  0.061639544030835  0.481964903870322  0.043949787497285  0.000000000000000  0.000000000000000  0.000000000000000  0.000000000000000  0.036372704200067  0.000000000000000  0.000000000000000  0.000000000000000  0.059251685320540  0.874178620410373  0.010746420454217  0.115183023274838  0.500000000000000  0.500000000000000  0.000000000000000  1.000000000000000  0.087474116599700  0.500000000000000  0.492092011016900 
38.0    A  0.299369676154732  0.000000000000000  0.049617745683228  0.095788747512986  0.000000000000000  0.044532425442150  0.000000000000000  0.000000000000000  0.093298648956060  0.000000000000000  0.000000000000000  0.037188490509584  0.000000000000000  0.094535499830248  0.065607292726442  0.159320078414908  0.060706718471352  0.000000000000000  0.000000000000000  0.000000000000000  0.954621014139717  0.045310838527464  0.000000000000000  0.431969093700139  0.568014632393343  0.293819082104943  0.706127202192377  0.091823039579894  0.468785548228555  0.462652214018926 
39.0    E  0.032531924927628  0.000000000000000  0.065199287095616  0.517273790759455  0.000000000000000  0.027814866664141  0.029238234307231  0.056798632278033  0.000000000000000  0.039500096826650  0.000000000000000  0.080604265665993  0.035451733904249  0.044409126349417  0.071248329543341  0.000000000000000  0.000000000000000  0.000000000000000  0.000000000000000  0.000000000000000  1.000000000000000  0.000000000000000  0.000000000000000  0.000000000000000  0.000000000000000  0.000000000000000  1.000000000000000  0.082640912821411  1.000000000000000  0.475659138165900 
40.0    V  0.073149915092162  0.000000000000000  0.000000000000000  0.000000000000000  0.039500096826650  0.000000000000000  0.000000000000000  0.414085330667273  0.000000000000000  0.000000000000000  0.000000000000000  0.000000000000000  0.000000000000000  0.000000000000000  0.000000000000000  0.033772668813730  0.000000000000000  0.439519780455894  0.000000000000000  0.000000000000000  1.000000000000000  0.000000000000000  0.000000000000000  0.000000000000000  0.000000000000000  0.000000000000000  1.000000000000000  0.082640912821411  1.000000000000000  0.475659138165900 
41.0    N  0.042217940141739  0.000000000000000  0.010843693117309  0.094666644742311  0.028676246322230  0.033772668813730  0.000000000000000  0.000000000000000  0.293412044570338  0.000000000000000  0.000000000000000  0.081221191403465  0.032531924927628  0.000000000000000  0.097058609375130  0.074946244611945  0.173619391970639  0.036880448229256  0.000000000000000  0.000000000000000  1.000000000000000  0.000000000000000  0.000000000000000  0.000000000000000  0.000000000000000  0.489370825198718  0.510506062853597  0.082640912821411  1.000000000000000  0.475659138165900 
42.0    G  0.086030975099419  0.000000000000000  0.047662551664259  0.045248067886861  0.000000000000000  0.310141824428847  0.000000000000000  0.000000000000000  0.036600318163088  0.000000000000000  0.056016668723088  0.000000000000000  0.026923317491001  0.028458432299749  0.024080347136200  0.071694189014135  0.232935107326193  0.034363004666080  0.000000000000000  0.000000000000000  1.000000000000000  0.000000000000000  0.000000000000000  0.000000000000000  0.000000000000000  0.000000000000000  1.000000000000000  0.077966598244628  1.000000000000000  0.491410299272626 
43.0    P  0.132310549359392  0.000000000000000  0.016992006107108  0.231165819528425  0.000000000000000  0.027565355162412  0.012216713173884  0.010650020369395  0.072493728406590  0.012895397008010  0.000000000000000  0.011133106360537  0.337275633584925  0.010244546986060  0.030670595745421  0.035896823593657  0.023765293019391  0.034746223672410  0.000000000000000  0.000000000000000  0.886996305152150  0.112812590932804  0.000000000000000  0.445964259710046  0.554016173932463  0.000000000000000  1.000000000000000  0.078020659306351  0.439519780455894  0.491410299272626 
44.0    E  0.189070999660495  0.000000000000000  0.226251615720726  0.185694115082604  0.000000000000000  0.047300524780299  0.011565728890625  0.000000000000000  0.000000000000000  0.016254691664406  0.000000000000000  0.000000000000000  0.151564102382717  0.000000000000000  0.023765293019391  0.082640912821411  0.057992092279455  0.000000000000000  0.000000000000000  0.007861389246076  0.970634469769547  0.029605314706227  0.000000000000000  0.045468146363586  0.954621014139717  0.000000000000000  1.000000000000000  0.078020659306351  0.495171435966512  0.491410299272626 
45.0    T  0.090747392493993  0.000000000000000  0.249653666525257  0.000000000000000  0.000000000000000  0.000000000000000  0.000000000000000  0.051260806949795  0.036096430767300  0.024552266145862  0.000000000000000  0.033054717613076  0.087960523457837  0.035797434311867  0.055207190717592  0.199574596589162  0.110108671765872  0.026132699997314  0.000000000000000  0.000000000000000  1.000000000000000  0.000000000000000  0.000000000000000  0.000000000000000  0.000000000000000  0.000000000000000  1.000000000000000  0.065199287095616  1.000000000000000  0.491410299272626 
46.0    L  0.086809695985319  0.000000000000000  0.000000000000000  0.000000000000000  0.023930593704600  0.034458411345904  0.014358013804360  0.060245612983790  0.055207190717592  0.542614685940904  0.015560152392101  0.000000000000000  0.014782150730087  0.041091961256408  0.000000000000000  0.000000000000000  0.010701820155981  0.100342173589494  0.000000000000000  0.000000000000000  1.000000000000000  0.000000000000000  0.000000000000000  0.000000000000000  0.000000000000000  0.000000000000000  1.000000000000000  0.065199287095616  1.000000000000000  0.491410299272626 
47.0    I  0.027546254934599  0.000000000000000  0.026006210459735  0.000000000000000  0.045975210807992  0.000000000000000  0.000000000000000  0.254546299941155  0.000000000000000  0.225312615652708  0.000000000000000  0.000000000000000  0.032464346978052  0.078074757853336  0.060454770600871  0.029380443828410  0.042718357873182  0.131578894338680  0.000000000000000  0.046007089442756  0.978741650397436  0.000000000000000  0.021329589341956  0.000000000000000  0.000000000000000  0.000000000000000  1.000000000000000  0.062413416631314  1.000000000000000  0.491410299272626 
48.0    G  0.084085450532614  0.021006796783635  0.054033576956742  0.000000000000000  0.000000000000000  0.445655247948486  0.068156733291579  0.000000000000000  0.000000000000000  0.000000000000000  0.000000000000000  0.000000000000000  0.123023002754225  0.000000000000000  0.081052472165688  0.079715274479909  0.009042892320235  0.034339194299277  0.000000000000000  0.000000000000000  1.000000000000000  0.000000000000000  0.000000000000000  0.071446145963377  0.928516852306729  0.000000000000000  1.000000000000000  0.063065727115293  0.500000000000000  0.477972658796871 
49.0    P  0.011965296852300  0.000000000000000  0.000000000000000  0.080660155653236  0.000000000000000  0.000000000000000  0.000000000000000  0.000000000000000  0.088265900274047  0.000000000000000  0.059912464905811  0.016008700359888  0.492092011016900  0.008373230176065  0.071694189014135  0.106801217611217  0.025120343460723  0.013687473672924  0.000000000000000  0.025277542136304  1.000000000000000  0.000000000000000  0.000000000000000  0.000000000000000  0.000000000000000  0.000000000000000  1.000000000000000  0.059169601952295  1.000000000000000  0.477972658796871 
50.0    G  0.039064446955788  0.009772883438385  0.000000000000000  0.044687030823803  0.000000000000000  0.711038705293637  0.029462016747445  0.000000000000000  0.017385158134138  0.000000000000000  0.082812938565325  0.036347501298370  0.000000000000000  0.000000000000000  0.000000000000000  0.029625842660270  0.000000000000000  0.000000000000000  0.000000000000000  0.000000000000000  1.000000000000000  0.000000000000000  0.000000000000000  0.000000000000000  0.000000000000000  0.451876363375543  0.548285794293947  0.055207190717592  1.000000000000000  0.477972658796871 
51.0    A  0.523042469896265  0.000000000000000  0.019170077769591  0.000000000000000  0.035451733904249  0.110720939887795  0.024826075003003  0.000000000000000  0.019263317585372  0.009232902710425  0.056523711097568  0.047006367230897  0.019276674528273  0.000000000000000  0.000000000000000  0.028497911422493  0.032262454233851  0.058153103606438  0.000000000000000  0.016769691974898  0.955282936382437  0.000000000000000  0.044532425442150  0.000000000000000  0.000000000000000  1.000000000000000  0.000000000000000  0.055629733328281  1.000000000000000  0.491410299272626 
52.0    K  0.070170088879601  0.000000000000000  0.063153215405423  0.012700243781005  0.000000000000000  0.055054335882936  0.000000000000000  0.041320456410705  0.342933322147649  0.066063627535086  0.000000000000000  0.000000000000000  0.019037660369925  0.041377778449856  0.056328153913177  0.156257787823151  0.010251650426500  0.065335006262823  0.000000000000000  0.000000000000000  0.940826107513788  0.000000000000000  0.059210629412454  0.000000000000000  0.000000000000000  0.614293490222825  0.385820043764734  0.047006367230897  1.000000000000000  0.467163673441590 
53.0    E  0.115743252815915  0.000000000000000  0.071694189014135  0.154641559835897  0.000000000000000  0.059169601952295  0.000000000000000  0.063946091858402  0.006228066222973  0.000000000000000  0.000000000000000  0.013545899429917  0.301034345307854  0.007406460665068  0.000000000000000  0.067826835742613  0.053437636118248  0.023308500417054  0.000000000000000  0.062197482613755  1.000000000000000  0.000000000000000  0.000000000000000  0.000000000000000  0.000000000000000  0.826450318154212  0.173619391970639  0.047366142703450  1.000000000000000  0.455334916795989 
54.0    G  0.071396640428034  0.000000000000000  0.042955896736626  0.054636163775648  0.000000000000000  0.621144140892220  0.000000000000000  0.000000000000000  0.088756709908964  0.000000000000000  0.000000000000000  0.000000000000000  0.000000000000000  0.000000000000000  0.009558500321343  0.081559684230560  0.029997789407466  0.000000000000000  0.000000000000000  0.000000000000000  1.000000000000000  0.000000000000000  0.000000000000000  0.000000000000000  0.000000000000000  1.000000000000000  0.000000000000000  0.040666932982560  1.000000000000000  0.498615625676035 
55.0    T  0.020446532366485  0.000000000000000  0.013480333508479  0.153679858406823  0.030522141530070  0.185308376225354  0.032758202359904  0.000000000000000  0.052192994964273  0.000000000000000  0.007646419143730  0.036121459579837  0.017725866952124  0.036271997324491  0.068869069742288  0.044071811265137  0.259175275254930  0.016992006107108  0.000000000000000  0.024688790995731  0.978063473447339  0.021762679385454  0.000000000000000  0.333324669272800  0.666649338545599  0.000000000000000  0.000000000000000  0.038633601903780  0.494485458190466  1.000000000000000 
56.0    V  0.000000000000000  0.025790794016021  0.000000000000000  0.000000000000000  0.013536513381251  0.000000000000000  0.000000000000000  0.373453364278086  0.000000000000000  0.077535456107212  0.060664654360597  0.000000000000000  0.000000000000000  0.000000000000000  0.000000000000000  0.028301061969307  0.025016087833009  0.344601288243908  0.000000000000000  0.051048061944376  1.000000000000000  0.000000000000000  0.000000000000000  0.500000000000000  0.500000000000000  0.000000000000000  0.000000000000000  0.034963659407366  0.500000000000000  1.000000000000000 
57.0    P  0.071694189014135  0.000000000000000  0.000000000000000  0.042188687035086  0.012886461697033  0.005111633091621  0.000000000000000  0.036121459579837  0.000000000000000  0.000000000000000  0.000000000000000  0.014407861217385  0.716977624007914  0.000000000000000  0.000000000000000  0.016277241078253  0.044656066866909  0.011398596439376  0.000000000000000  0.028105572254617  1.000000000000000  0.000000000000000  0.000000000000000  0.000000000000000  0.000000000000000  0.000000000000000  0.000000000000000  0.034650020112596  1.000000000000000  1.000000000000000 
58.0    T  0.019024469041609  0.000000000000000  0.301034345307854  0.036982844429768  0.000000000000000  0.000000000000000  0.022390025787080  0.023666661185578  0.000000000000000  0.007289320246381  0.000000000000000  0.057273040292209  0.008189550589976  0.011056204377552  0.000000000000000  0.068869069742288  0.435577096071128  0.008746975692611  0.000000000000000  0.000000000000000  0.970634469769547  0.000000000000000  0.029197729590099  0.000000000000000  0.000000000000000  0.000000000000000  0.000000000000000  0.033446521825832  1.000000000000000  1.000000000000000 
59.0    D  0.024281477149502  0.000000000000000  0.538866572521835  0.029728696135369  0.017373111836205  0.016665402825496  0.000000000000000  0.027374947345848  0.000000000000000  0.021021362633154  0.000000000000000  0.091632297324326  0.162780523696129  0.000000000000000  0.000000000000000  0.000000000000000  0.000000000000000  0.047497651762547  0.022686848123498  0.000000000000000  1.000000000000000  0.000000000000000  0.000000000000000  0.000000000000000  0.000000000000000  0.373194595824238  0.626766510220345  0.034746223672410  1.000000000000000  0.483303048532487 
60.0    L  0.018827692421794  0.000000000000000  0.089498046325071  0.106727214298906  0.044224817510208  0.000000000000000  0.018262144508769  0.068251284109103  0.009271381231692  0.331251754261302  0.049480366616954  0.000000000000000  0.000000000000000  0.000000000000000  0.006262697885933  0.021329589341956  0.053958722410901  0.083794536973771  0.059005776196891  0.039830019603727  1.000000000000000  0.000000000000000  0.000000000000000  0.000000000000000  0.000000000000000  1.000000000000000  0.000000000000000  0.030649343874642  1.000000000000000  0.492774668469685 
61.0    D  0.021929245719361  0.000000000000000  0.108292107050011  0.595428424682484  0.041120453907157  0.015176679617838  0.000000000000000  0.000000000000000  0.054221167947004  0.000000000000000  0.000000000000000  0.012242143546083  0.061596833558711  0.044842172956459  0.000000000000000  0.000000000000000  0.025737219289612  0.000000000000000  0.000000000000000  0.019505164826588  0.986916545885842  0.012859692894980  0.000000000000000  1.000000000000000  0.000000000000000  0.000000000000000  0.000000000000000  0.029749309640548  0.496890546661277  1.000000000000000 
62.0    Q  0.007877753553864  0.000000000000000  0.000000000000000  0.026241609154504  0.000000000000000  0.000000000000000  0.194251817196012  0.088265900274047  0.021582413252248  0.096455010941183  0.000000000000000  0.013313188985545  0.000000000000000  0.447512535463986  0.038660389958974  0.044041273598188  0.000000000000000  0.008980428500271  0.000000000000000  0.012832979699251  0.978741650397436  0.021582413252248  0.000000000000000  0.333324669272800  0.666649338545599  0.000000000000000  0.000000000000000  0.027737854289672  0.488354264481114  1.000000000000000 
63.0    E  0.739181215636921  0.000000000000000  0.039308905369876  0.028359973603661  0.000000000000000  0.000000000000000  0.000000000000000  0.000000000000000  0.065607292726442  0.000000000000000  0.008525499039492  0.008980428500271  0.000000000000000  0.000000000000000  0.000000000000000  0.072343138561883  0.014308338850283  0.023340835267380  0.000000000000000  0.000000000000000  1.000000000000000  0.000000000000000  0.000000000000000  0.000000000000000  0.000000000000000  0.000000000000000  0.000000000000000  0.027737854289672  1.000000000000000  1.000000000000000 
64.0    T  0.011940441568478  0.005616939581433  0.000000000000000  0.011767894270577  0.017873921456309  0.000000000000000  0.000000000000000  0.000000000000000  0.000000000000000  0.065607292726442  0.020249077584896  0.000000000000000  0.000000000000000  0.000000000000000  0.000000000000000  0.000000000000000  0.765248384911334  0.094012734461793  0.000000000000000  0.007442484359718  1.000000000000000  0.000000000000000  0.000000000000000  0.000000000000000  0.000000000000000  0.000000000000000  0.000000000000000  0.027737854289672  1.000000000000000  1.000000000000000 
65.0    G  0.017169597149639  0.000000000000000  0.017873921456309  0.000000000000000  0.000000000000000  0.868742185150623  0.000000000000000  0.000000000000000  0.000000000000000  0.000000000000000  0.000000000000000  0.026241609154504  0.000000000000000  0.000000000000000  0.000000000000000  0.055784185717061  0.000000000000000  0.014308338850283  0.000000000000000  0.000000000000000  1.000000000000000  0.000000000000000  0.000000000000000  0.000000000000000  0.000000000000000  0.000000000000000  0.000000000000000  0.027737854289672  1.000000000000000  1.000000000000000 
66.0    L  0.014111351721122  0.000000000000000  0.000000000000000  0.035574813408590  0.017812082385835  0.000000000000000  0.043495199744722  0.123535706437592  0.017086491523197  0.509092599882310  0.033772668813730  0.000000000000000  0.029482445340480  0.033077637339848  0.070121467533155  0.018427446754082  0.017205337470281  0.014957366534302  0.022158438057492  0.000000000000000  1.000000000000000  0.000000000000000  0.000000000000000  0.000000000000000  0.000000000000000  0.000000000000000  0.000000000000000  0.027737854289672  1.000000000000000  1.000000000000000 
67.0    A  0.036021448337465  0.000000000000000  0.039281667953807  0.707106781186547  0.011094588738621  0.000000000000000  0.000000000000000  0.000000000000000  0.023897441841918  0.044041273598188  0.000000000000000  0.000000000000000  0.000000000000000  0.107544078826430  0.000000000000000  0.000000000000000  0.000000000000000  0.017873921456309  0.000000000000000  0.013313188985545  1.000000000000000  0.000000000000000  0.000000000000000  0.000000000000000  0.000000000000000  0.000000000000000  0.000000000000000  0.027737854289672  1.000000000000000  1.000000000000000 
68.0    R  0.000000000000000  0.000000000000000  0.000000000000000  0.008132981231907  0.000000000000000  0.000000000000000  0.000000000000000  0.020249077584896  0.283417353194606  0.035206850890540  0.008525499039492  0.047828024056958  0.000000000000000  0.044041273598188  0.552865326660134  0.000000000000000  0.000000000000000  0.000000000000000  0.000000000000000  0.000000000000000  1.000000000000000  0.000000000000000  0.000000000000000  0.000000000000000  0.000000000000000  0.000000000000000  0.000000000000000  0.027737854289672  1.000000000000000  1.000000000000000 
69.0    L  0.037240080455439  0.000000000000000  0.000000000000000  0.188678246065070  0.094208431847399  0.000000000000000  0.017873921456309  0.051403129294529  0.136786712657592  0.203203900496080  0.000000000000000  0.000000000000000  0.000000000000000  0.019901210551977  0.121413436942704  0.000000000000000  0.019064070473003  0.024365776331604  0.017713584574663  0.068062313458507  0.979420297586927  0.020249077584896  0.000000000000000  1.000000000000000  0.000000000000000  0.000000000000000  0.000000000000000  0.027737854289672  0.488015880388112  1.000000000000000 
70.0    E  0.005233529696984  0.000000000000000  0.036271997324491  0.775393206347005  0.000000000000000  0.000000000000000  0.000000000000000  0.028399316139016  0.000000000000000  0.017812082385835  0.015581738302376  0.000000000000000  0.000000000000000  0.050275523183870  0.008980428500271  0.000000000000000  0.008379036068890  0.053586002289636  0.000000000000000  0.000000000000000  1.000000000000000  0.000000000000000  0.000000000000000  0.000000000000000  0.000000000000000  0.000000000000000  0.000000000000000  0.027737854289672  1.000000000000000  1.000000000000000 
71.0    L  0.017701310707747  0.000000000000000  0.000000000000000  0.021492840908433  0.004530858025412  0.000000000000000  0.011454037165541  0.154856087222989  0.000000000000000  0.558643569036110  0.152830034711509  0.000000000000000  0.020207014560742  0.000000000000000  0.025453361345944  0.000000000000000  0.000000000000000  0.000000000000000  0.000000000000000  0.032986053676186  0.984866442895551  0.015166163590149  0.000000000000000  0.500000000000000  0.500000000000000  0.000000000000000  0.000000000000000  0.027680234971949  0.491410299272626  1.000000000000000 
72.0    L  0.010423618513108  0.000000000000000  0.104024841838941  0.107097744346071  0.000000000000000  0.000000000000000  0.000000000000000  0.055861572647299  0.028636520146105  0.471719125447680  0.046843737554861  0.000000000000000  0.000000000000000  0.065335006262823  0.000000000000000  0.020207014560742  0.004376520367946  0.067968024428430  0.000000000000000  0.017421347167620  0.995849753094458  0.000000000000000  0.004471578752339  0.000000000000000  0.000000000000000  0.000000000000000  0.000000000000000  0.027680234971949  1.000000000000000  1.000000000000000 
73.0    G  0.440129506781575  0.000000000000000  0.055629733328281  0.028379638053797  0.011469926844016  0.266277050848354  0.000000000000000  0.000000000000000  0.013801797679398  0.046617000834108  0.005656008485858  0.000000000000000  0.000000000000000  0.017701310707747  0.006896117158521  0.064212589961185  0.000000000000000  0.014278616409834  0.021853376292788  0.006982696580912  0.993781093322555  0.000000000000000  0.006416489849626  0.000000000000000  0.000000000000000  0.000000000000000  1.000000000000000  0.027641888604111  1.000000000000000  0.498615625676035 
74.0    K  0.177390419525048  0.018010724168732  0.015635834179103  0.158658860752476  0.008789519411631  0.000000000000000  0.038526635170744  0.025435724533451  0.289172045976322  0.048664043191354  0.047006367230897  0.032262454233851  0.018465805420849  0.010416395914775  0.076627178753322  0.003736750617546  0.011882646509695  0.019316800951890  0.000000000000000  0.000000000000000  0.980779003988551  0.000000000000000  0.019316800951890  0.000000000000000  0.000000000000000  0.000000000000000  1.000000000000000  0.028066636652623  1.000000000000000  0.488015880388112 
75.0    L  0.103593113060999  0.000000000000000  0.000000000000000  0.072997962163320  0.000000000000000  0.008425628372613  0.015367219906660  0.084964265119171  0.123878695408010  0.228933421604532  0.181117769319360  0.000000000000000  0.000000000000000  0.035847094507068  0.050906722691888  0.006929658634001  0.023650262390150  0.039472726932681  0.000000000000000  0.024013674707625  0.981459063853479  0.000000000000000  0.018710604759671  0.500000000000000  0.500000000000000  0.302498522304823  0.697371833175203  0.029076551803219  0.497235084336607  0.472701058375372 
76.0    E  0.220370039476793  0.000000000000000  0.020418207092081  0.252788020212826  0.000000000000000  0.000000000000000  0.017787406704295  0.017039183322895  0.114546080584419  0.015495573917786  0.022702578899553  0.007720981652349  0.015560152392101  0.139274206352417  0.013285533751003  0.082354996983384  0.015766431778823  0.045060277233132  0.000000000000000  0.000000000000000  0.956608158091874  0.043134917293645  0.000000000000000  0.373194595824238  0.626766510220345  0.588453368609384  0.411795508633787  0.029319412390646  0.461691155364697  0.466193243218416 
77.0    G  0.000000000000000  0.000000000000000  0.018671737575887  0.022844647631251  0.000000000000000  0.905006462882905  0.000000000000000  0.000000000000000  0.000000000000000  0.000000000000000  0.000000000000000  0.000000000000000  0.000000000000000  0.022143084320441  0.000000000000000  0.004739662344721  0.012318752719629  0.014427848605147  0.000000000000000  0.000000000000000  0.885767519102361  0.093104841445169  0.021314809919990  1.000000000000000  0.000000000000000  0.382624192455667  0.617281303446769  0.027814866664141  0.417543959714185  0.479964630519454 
78.0    I  0.039363436873356  0.000000000000000  0.055977854380678  0.067358321565229  0.018749552849581  0.005699298219688  0.022219959540426  0.159984051730538  0.067826835742613  0.095127086302460  0.000000000000000  0.156908998910330  0.000000000000000  0.032374461361251  0.054749894691695  0.009453078822026  0.015474107373954  0.168637816792462  0.000000000000000  0.030039404012149  0.819036697859828  0.180741536818218  0.000000000000000  0.962594443101751  0.037447156916857  0.608783009331493  0.391205890868256  0.028458432299749  0.333555792419442  0.464258426153364 
79.0    D  0.000000000000000  0.000000000000000  0.657927262514504  0.099649059567567  0.000000000000000  0.000000000000000  0.000000000000000  0.000000000000000  0.041839226780576  0.022051185053261  0.000000000000000  0.132861959294819  0.000000000000000  0.000000000000000  0.009895580107213  0.000000000000000  0.020418207092081  0.015124172295215  0.000000000000000  0.000000000000000  0.957935218222696  0.041868237575870  0.000000000000000  1.000000000000000  0.000000000000000  1.000000000000000  0.000000000000000  0.027834153143959  0.461371246326899  0.490729531926740 
80.0    V  0.006452169257310  0.000000000000000  0.017898717155934  0.000000000000000  0.020703234641331  0.000000000000000  0.000000000000000  0.136597217387619  0.000000000000000  0.078672323344054  0.000000000000000  0.010972225591703  0.474671060475260  0.015495573917786  0.074273944066058  0.006053561960619  0.014833470639852  0.143587294374629  0.000000000000000  0.000000000000000  0.991029563264079  0.008856792287331  0.000000000000000  0.166662334636400  0.833353207159218  0.000000000000000  0.000000000000000  0.026979361205450  0.494142825750366  1.000000000000000 
81.0    F  0.021792869786725  0.000000000000000  0.044842172956459  0.000000000000000  0.583983697306559  0.000000000000000  0.000000000000000  0.000000000000000  0.000000000000000  0.094535499830248  0.000000000000000  0.000000000000000  0.000000000000000  0.000000000000000  0.000000000000000  0.000000000000000  0.000000000000000  0.000000000000000  0.068678388598555  0.186338798349865  0.975355461527642  0.024740183308477  0.000000000000000  0.333324669272800  0.666649338545599  0.000000000000000  0.000000000000000  0.026979361205450  0.485653747770817  1.000000000000000 
82.0    D  0.014219356626264  0.000000000000000  0.391748593474670  0.138408073060536  0.014179986801831  0.083736475151740  0.037996227599472  0.034602018265134  0.000000000000000  0.035673584597712  0.000000000000000  0.134810053961806  0.018161157929971  0.006670450893682  0.007556846325109  0.060287386536509  0.021974893748642  0.000000000000000  0.000000000000000  0.000000000000000  0.951977908497532  0.048127323389754  0.000000000000000  0.347961597957775  0.652025367629280  0.000000000000000  0.000000000000000  0.026979361205450  0.458819941155683  1.000000000000000 
83.0    T  0.013592927386073  0.000000000000000  0.060412881066561  0.026042287723726  0.006929658634001  0.000000000000000  0.029157280985525  0.134157535799182  0.000000000000000  0.195061370043426  0.300409012381713  0.009585038884795  0.022923958502614  0.023486898094774  0.051940366349603  0.021959667190730  0.048260945818237  0.037733768483953  0.000000000000000  0.018389167769043  0.982820598545251  0.017015578364627  0.000000000000000  0.250000000000000  0.750019494642909  0.000000000000000  0.000000000000000  0.026960667016958  0.491751037013124  1.000000000000000 
84.0    K  0.023963791557392  0.000000000000000  0.104458369865232  0.100133734698703  0.006730829372750  0.020235046857100  0.072947381363654  0.000000000000000  0.236514411681399  0.100481373842894  0.004792519442398  0.035847094507068  0.007515058239569  0.010416395914775  0.169693122485001  0.044718016250716  0.017205337470281  0.028458432299749  0.000000000000000  0.016053147490296  0.946713631236714  0.038526635170744  0.014447863720527  0.690158676698315  0.309712174445977  0.000000000000000  0.000000000000000  0.026923317491001  0.464258426153364  1.000000000000000 
85.0    P  0.091823039579894  0.000000000000000  0.016142412307565  0.000000000000000  0.020109206989082  0.065652784000672  0.028996046139728  0.026278012976679  0.075415244982548  0.017664540111322  0.023067412588794  0.042276507220321  0.426022047537433  0.007329853097661  0.036803837174843  0.005111633091621  0.000000000000000  0.087474116599700  0.014091802787223  0.015843116871719  0.973329374158238  0.026960667016958  0.000000000000000  0.240481863666194  0.759435844907265  1.000000000000000  0.000000000000000  0.027469986278493  0.469435873657726  0.483303048532487 
86.0    L  0.012182888165802  0.000000000000000  0.000000000000000  0.046391361582158  0.068488235402981  0.000000000000000  0.026259804757290  0.119824929811622  0.046973796189549  0.271683715631515  0.004575039770386  0.015635834179103  0.268687293213875  0.000000000000000  0.006638164055771  0.017181502333040  0.014629253866164  0.043194756454018  0.000000000000000  0.037629293163482  0.733058378594605  0.000000000000000  0.267201497802752  0.000000000000000  0.000000000000000  0.000000000000000  1.000000000000000  0.027091798859834  1.000000000000000  0.494485458190466 
87.0    D  0.017039183322895  0.000000000000000  0.256672386430000  0.140925051518178  0.026886019706607  0.000000000000000  0.010941846256931  0.114704985288921  0.159984051730538  0.052921582022658  0.015431263460084  0.007938047992138  0.000000000000000  0.050485048600601  0.054183597719668  0.015261070765035  0.000000000000000  0.037838533873455  0.000000000000000  0.038821508805764  0.762072415169885  0.010613174098039  0.227194529112130  0.500000000000000  0.500000000000000  0.768437590644006  0.231807636608866  0.035451733904249  0.500000000000000  0.260977981855430 
88.0    S  0.155717176946184  0.000000000000000  0.000000000000000  0.000000000000000  0.013313188985545  0.069733707645310  0.010881339692727  0.049721030234682  0.198470982732913  0.010657404959995  0.009024107691825  0.010061575230546  0.022436632978491  0.013003105229868  0.087838668762920  0.133508176005981  0.105843164045316  0.073965688859536  0.028497911422493  0.007198938954677  0.868140227601043  0.042393885232740  0.089250248730317  0.500000000000000  0.500000000000000  0.939522749214012  0.060371020557803  0.034722147770472  0.480630464194381  0.306508715013289 
89.0    S  0.079715274479909  0.000000000000000  0.007769298192759  0.086329653008991  0.000000000000000  0.217637640824031  0.000000000000000  0.059995578814932  0.004723264358724  0.011605882192663  0.000000000000000  0.022734073181793  0.043344717785356  0.036372704200067  0.115823507736296  0.231005643111706  0.048127323389754  0.034818551588104  0.000000000000000  0.000000000000000  1.000000000000000  0.000000000000000  0.000000000000000  1.000000000000000  0.000000000000000  0.892546971472977  0.107172004579271  0.026663315566002  0.497579860910041  0.415522930796824 
90.0    R  0.038767728053606  0.000000000000000  0.000000000000000  0.032352028870043  0.000000000000000  0.202641279971327  0.032826392000336  0.011940441568478  0.048968574184334  0.005429368046259  0.011210543239115  0.029299096764285  0.223601225445651  0.028875705388963  0.195331970043079  0.018697640050480  0.017530366883289  0.060371020557803  0.000000000000000  0.042188687035086  1.000000000000000  0.000000000000000  0.000000000000000  0.000000000000000  0.000000000000000  1.000000000000000  0.000000000000000  0.025934205799687  1.000000000000000  0.497579860910041 
91.0    K  0.120825762133122  0.000000000000000  0.013075410041928  0.013868927144836  0.181369025979272  0.081333865965121  0.000000000000000  0.020489093972119  0.125520942904872  0.070560275300383  0.016322433794754  0.038022573707315  0.091125586176036  0.019183370061173  0.017015578364627  0.112266546610492  0.033008925792246  0.035280137650192  0.010806176789148  0.000000000000000  1.000000000000000  0.000000000000000  0.000000000000000  0.000000000000000  0.000000000000000  0.000000000000000  0.000000000000000  0.025934205799687  1.000000000000000  1.000000000000000 
92.0    G  0.007604135735611  0.000000000000000  0.022892201165802  0.000000000000000  0.000000000000000  0.799960128332753  0.000000000000000  0.000000000000000  0.000000000000000  0.012595044242078  0.000000000000000  0.054334035005626  0.000000000000000  0.000000000000000  0.000000000000000  0.102450575954690  0.000000000000000  0.000000000000000  0.000000000000000  0.000000000000000  1.000000000000000  0.000000000000000  0.000000000000000  0.000000000000000  0.000000000000000  0.000000000000000  0.000000000000000  0.025934205799687  1.000000000000000  1.000000000000000 
93.0    T  0.000000000000000  0.000000000000000  0.000000000000000  0.000000000000000  0.000000000000000  0.000000000000000  0.000000000000000  0.000000000000000  0.000000000000000  0.000000000000000  0.000000000000000  0.000000000000000  0.000000000000000  0.000000000000000  0.033655824256033  0.176776695296637  0.789493886700555  0.000000000000000  0.000000000000000  0.000000000000000  1.000000000000000  0.000000000000000  0.000000000000000  0.000000000000000  0.000000000000000  0.000000000000000  0.000000000000000  0.025934205799687  1.000000000000000  1.000000000000000 
94.0    M  0.017627845897758  0.000000000000000  0.000000000000000  0.079825859949712  0.036171569280941  0.000000000000000  0.000000000000000  0.055245470691479  0.428688018317086  0.116952937228925  0.074790560201920  0.000000000000000  0.046843737554861  0.000000000000000  0.054447137008891  0.014802657353114  0.011694710834318  0.054296386571914  0.008704637897026  0.000000000000000  1.000000000000000  0.000000000000000  0.000000000000000  0.000000000000000  0.000000000000000  0.000000000000000  0.000000000000000  0.025934205799687  1.000000000000000  1.000000000000000 
95.0    K  0.082070070339009  0.000000000000000  0.139564120247822  0.498615625676035  0.017169597149639  0.000000000000000  0.000000000000000  0.000000000000000  0.103664943226805  0.013868927144836  0.000000000000000  0.046617000834108  0.000000000000000  0.036574957546081  0.000000000000000  0.020660228205353  0.026114592466308  0.015103220266640  0.000000000000000  0.000000000000000  0.986916545885842  0.013021143861863  0.000000000000000  0.061596833558711  0.938221196500671  0.000000000000000  0.000000000000000  0.025898278265250  0.493116352246680  1.000000000000000 
96.0    D  0.057432055217441  0.032871930600121  0.316000774613202  0.041579032533771  0.000000000000000  0.000000000000000  0.000000000000000  0.000000000000000  0.071545260037418  0.011833330592789  0.026460791011329  0.290981633600534  0.000000000000000  0.000000000000000  0.015538596385519  0.127096834161495  0.008692579067069  0.000000000000000  0.000000000000000  0.000000000000000  1.000000000000000  0.000000000000000  0.000000000000000  0.000000000000000  0.000000000000000  0.000000000000000  0.000000000000000  0.025898278265250  1.000000000000000  1.000000000000000 
97.0    P  0.000000000000000  0.000000000000000  0.000000000000000  0.000000000000000  0.000000000000000  0.000000000000000  0.000000000000000  0.000000000000000  0.000000000000000  0.000000000000000  0.000000000000000  0.000000000000000  1.000000000000000  0.000000000000000  0.000000000000000  0.000000000000000  0.000000000000000  0.000000000000000  0.000000000000000  0.000000000000000  0.995849753094458  0.004319260364532  0.000000000000000  0.166662334636400  0.833353207159218  0.000000000000000  0.000000000000000  0.025898278265250  0.500000000000000  1.000000000000000 
98.0    I  0.080381092714413  0.029997789407466  0.000000000000000  0.000000000000000  0.020890632740705  0.000000000000000  0.067826835742613  0.299784978447778  0.000000000000000  0.019736363466341  0.000000000000000  0.236350529187686  0.000000000000000  0.000000000000000  0.030691862351981  0.000000000000000  0.066017851584491  0.113047422195136  0.000000000000000  0.035402621415494  1.000000000000000  0.000000000000000  0.000000000000000  0.000000000000000  0.000000000000000  0.000000000000000  0.000000000000000  0.025898278265250  1.000000000000000  1.000000000000000 
99.0    I  0.000000000000000  0.000000000000000  0.000000000000000  0.057233355401133  0.000000000000000  0.010791206626124  0.000000000000000  0.215834889643603  0.037395280100960  0.376572616658453  0.038740865623093  0.003567180664109  0.014598864795050  0.005150756306611  0.020977695355942  0.002964490728465  0.004422261336370  0.195061370043426  0.007872295003207  0.008704637897026  1.000000000000000  0.000000000000000  0.000000000000000  0.000000000000000  0.000000000000000  0.000000000000000  0.000000000000000  0.025898278265250  1.000000000000000  1.000000000000000 
100.0    I  0.000000000000000  0.006057759424586  0.000000000000000  0.000000000000000  0.000000000000000  0.000000000000000  0.000000000000000  0.226565484566834  0.000000000000000  0.010131559020711  0.015668381810954  0.000000000000000  0.000000000000000  0.000000000000000  0.008704637897026  0.000000000000000  0.000000000000000  0.733058378594605  0.000000000000000  0.000000000000000  1.000000000000000  0.000000000000000  0.000000000000000  0.000000000000000  0.000000000000000  0.000000000000000  0.000000000000000  0.025898278265250  1.000000000000000  1.000000000000000 
101.0    E  0.037343475151774  0.000000000000000  0.030734439813320  0.068869069742288  0.075362989230673  0.004456108265111  0.008704637897026  0.000000000000000  0.066155274679696  0.020179021098474  0.000000000000000  0.025172634095273  0.512278411516401  0.027355979052946  0.060454770600871  0.028755864082027  0.021702423996330  0.000000000000000  0.000000000000000  0.012387252134536  1.000000000000000  0.000000000000000  0.000000000000000  0.000000000000000  0.000000000000000  0.000000000000000  0.000000000000000  0.025898278265250  1.000000000000000  1.000000000000000 
102.0    S  0.037188490509584  0.025541729015259  0.000000000000000  0.000000000000000  0.000000000000000  0.032217759962337  0.000000000000000  0.000000000000000  0.000000000000000  0.000000000000000  0.000000000000000  0.000000000000000  0.000000000000000  0.000000000000000  0.000000000000000  0.822450068712464  0.082526427563438  0.000000000000000  0.000000000000000  0.000000000000000  0.986232704493359  0.013955716443012  0.000000000000000  1.000000000000000  0.000000000000000  0.000000000000000  0.000000000000000  0.025898278265250  0.492774668469685  1.000000000000000 
103.0    Y  0.182124889237251  0.009551877169469  0.016243428674614  0.054258764225065  0.059788009880742  0.019410754402882  0.064257114166004  0.120157616048595  0.000000000000000  0.078781461973937  0.012387252134536  0.006049367405103  0.000000000000000  0.025808677029241  0.044439919080852  0.064704057740086  0.027223568504446  0.046617000834108  0.006805892126111  0.161432168787792  0.971307495541633  0.029016151634585  0.000000000000000  0.714001989842532  0.285982743300952  0.000000000000000  0.000000000000000  0.025898278265250  0.478967609111348  1.000000000000000 
104.0    D  0.050695447223565  0.013583508751407  0.121245238792717  0.064928693956104  0.177513419817928  0.124222636665319  0.026150820083856  0.021388809579560  0.000000000000000  0.018491422214884  0.050906722691888  0.062630100317477  0.000000000000000  0.000000000000000  0.016909760070714  0.054409410206008  0.068062313458507  0.011849746448238  0.007370611335120  0.109727724701190  0.984866442895551  0.014802657353114  0.000000000000000  1.000000000000000  0.000000000000000  0.000000000000000  0.000000000000000  0.025898278265250  0.489370825198718  1.000000000000000 
105.0    D  0.036829356494115  0.000000000000000  0.340800651820627  0.116306207212877  0.000000000000000  0.062326953209504  0.022987605403996  0.020545980628204  0.030101934188130  0.000000000000000  0.000000000000000  0.093817443594648  0.116629123942101  0.050942020775164  0.013184621814532  0.027223568504446  0.040921419471361  0.027337023903307  0.000000000000000  0.000000000000000  1.000000000000000  0.000000000000000  0.000000000000000  0.000000000000000  0.000000000000000  0.000000000000000  0.000000000000000  0.025898278265250  1.000000000000000  1.000000000000000 
106.0    Y  0.038473262917029  0.006944083446614  0.023211764385325  0.282045534364128  0.059995578814932  0.020905118043533  0.010322956294205  0.000000000000000  0.186080656895817  0.000000000000000  0.004425327676937  0.005463344073197  0.000000000000000  0.000000000000000  0.080492601844364  0.088941466327162  0.030101934188130  0.028517671516983  0.000000000000000  0.134064577102243  1.000000000000000  0.000000000000000  0.000000000000000  0.000000000000000  0.000000000000000  0.000000000000000  0.000000000000000  0.025898278265250  1.000000000000000  1.000000000000000 
107.0    R  0.032735503971869  0.000000000000000  0.000000000000000  0.000000000000000  0.000000000000000  0.000000000000000  0.006032618227280  0.000000000000000  0.005369487092078  0.000000000000000  0.000000000000000  0.000000000000000  0.000000000000000  0.106727214298906  0.820172911196726  0.028755864082027  0.000000000000000  0.000000000000000  0.000000000000000  0.000000000000000  1.000000000000000  0.000000000000000  0.000000000000000  0.000000000000000  0.000000000000000  0.000000000000000  0.000000000000000  0.025898278265250  1.000000000000000  1.000000000000000 
108.0    Y  0.000000000000000  0.000000000000000  0.000000000000000  0.000000000000000  0.014023594541676  0.000000000000000  0.006202218210404  0.357496246590423  0.000000000000000  0.081503170953660  0.074376981019167  0.005819052590323  0.014150530984653  0.024097044146999  0.000000000000000  0.004512053845912  0.014427848605147  0.186597297912119  0.000000000000000  0.216884671788017  1.000000000000000  0.000000000000000  0.000000000000000  0.000000000000000  0.000000000000000  0.000000000000000  0.000000000000000  0.025970183174801  1.000000000000000  1.000000000000000 
109.0    V  0.058153103606438  0.000000000000000  0.000000000000000  0.000000000000000  0.000000000000000  0.000000000000000  0.000000000000000  0.135841857815757  0.000000000000000  0.040921419471361  0.005229903347572  0.000000000000000  0.000000000000000  0.041291825176821  0.000000000000000  0.013368672276291  0.012779719664965  0.692554734055462  0.000000000000000  0.000000000000000  1.000000000000000  0.000000000000000  0.000000000000000  0.000000000000000  0.000000000000000  0.000000000000000  0.000000000000000  0.025970183174801  1.000000000000000  1.000000000000000 
110.0    G  0.048227505470592  0.006443230848516  0.000000000000000  0.015679246070461  0.000000000000000  0.859160754947185  0.000000000000000  0.000000000000000  0.000000000000000  0.000000000000000  0.020890632740705  0.000000000000000  0.000000000000000  0.020389921057640  0.000000000000000  0.012779719664965  0.000000000000000  0.000000000000000  0.000000000000000  0.016187230680625  1.000000000000000  0.000000000000000  0.000000000000000  0.000000000000000  0.000000000000000  0.000000000000000  0.000000000000000  0.025970183174801  1.000000000000000  1.000000000000000 
111.0    C  0.020053529649420  0.853817714391245  0.000000000000000  0.000000000000000  0.032352028870043  0.000000000000000  0.000000000000000  0.015679246070461  0.000000000000000  0.000000000000000  0.000000000000000  0.000000000000000  0.000000000000000  0.000000000000000  0.000000000000000  0.019209982300853  0.000000000000000  0.048529304687565  0.000000000000000  0.010380357922629  0.974004268543241  0.000000000000000  0.026060345119530  0.000000000000000  0.000000000000000  0.000000000000000  0.000000000000000  0.025970183174801  1.000000000000000  1.000000000000000 
112.0    T  0.000000000000000  0.008206598000084  0.000000000000000  0.034818551588104  0.011438169499575  0.000000000000000  0.042071877164899  0.159209684415812  0.014936645587402  0.076999879590360  0.032396909406866  0.000000000000000  0.077643017611527  0.000000000000000  0.017701310707747  0.083158065067543  0.302498522304823  0.139081265073104  0.000000000000000  0.000000000000000  0.919550046151658  0.000000000000000  0.080158537672641  0.000000000000000  0.000000000000000  0.436181352885379  0.563700206072711  0.026755883892077  1.000000000000000  0.479299719246488 
113.0    G  0.000000000000000  0.434973676354325  0.020660228205353  0.000000000000000  0.000000000000000  0.480630464194381  0.034339194299277  0.000000000000000  0.000000000000000  0.000000000000000  0.000000000000000  0.000000000000000  0.000000000000000  0.000000000000000  0.012361520331023  0.000000000000000  0.000000000000000  0.017086491523197  0.000000000000000  0.000000000000000  0.979420297586927  0.000000000000000  0.020660228205353  0.000000000000000  0.000000000000000  0.845572287377516  0.154320325861692  0.028955876934074  1.000000000000000  0.414947292794991 
114.0    S  0.008235089244459  0.018312848182414  0.128781744202509  0.288771446138396  0.066292983835514  0.119824929811622  0.000000000000000  0.000000000000000  0.020890632740705  0.049240867878084  0.008992886650998  0.049652150006007  0.000000000000000  0.014248955711246  0.003941607944706  0.106949378210325  0.037111239564794  0.014558444207887  0.000000000000000  0.064257114166004  0.715488260011456  0.110567554416443  0.173860246463749  1.000000000000000  0.000000000000000  0.438302860658018  0.561749951515823  0.027565355162412  0.378141999320990  0.473028823362798 
115.0    P  0.013202912256446  0.019873640730368  0.041291825176821  0.175312406330300  0.000000000000000  0.139951611081780  0.021838233935173  0.000000000000000  0.007625248131064  0.000000000000000  0.019156794688331  0.000000000000000  0.501040802539816  0.018085784640471  0.000000000000000  0.031532863557646  0.000000000000000  0.011079219028746  0.000000000000000  0.000000000000000  0.982139595263391  0.017603425445270  0.000000000000000  0.579949827252717  0.420156876116641  0.883927531063671  0.116306207212877  0.026626377971090  0.481964903870322  0.317978251685893 
116.0    A  0.165511113799425  0.000000000000000  0.217185546287656  0.312515575646302  0.000000000000000  0.093169399174933  0.068773663085384  0.000000000000000  0.004453020596459  0.000000000000000  0.000000000000000  0.014288517023436  0.063240825064183  0.000000000000000  0.000000000000000  0.006684336138145  0.000000000000000  0.036372704200067  0.017725866952124  0.000000000000000  0.952637998043937  0.047202268298838  0.000000000000000  0.277392368016961  0.722465198961763  1.000000000000000  0.000000000000000  0.027699428099840  0.457866843209063  0.473685035299634 
117.0    G  0.081786129465938  0.000000000000000  0.564091068728256  0.115743252815915  0.000000000000000  0.038154578520910  0.004265705256819  0.000000000000000  0.006057759424586  0.000000000000000  0.012770864507629  0.013715965587649  0.000000000000000  0.030416542942445  0.000000000000000  0.040442051702589  0.042985681816867  0.026589491547079  0.000000000000000  0.023003544721378  0.993092495437036  0.006829520471956  0.000000000000000  1.000000000000000  0.000000000000000  0.000000000000000  0.000000000000000  0.026296233821418  0.500000000000000  1.000000000000000 
118.0    S  0.045216715183454  0.000000000000000  0.094666644742311  0.157672176103906  0.000000000000000  0.033772668813730  0.020588749245846  0.000000000000000  0.023003544721378  0.009793226722193  0.000000000000000  0.070805242830987  0.026132699997314  0.014823192424070  0.054939972556987  0.320634150690562  0.110644220572443  0.000000000000000  0.000000000000000  0.017241152188156  0.989656656415207  0.000000000000000  0.010180837104401  0.000000000000000  0.000000000000000  0.000000000000000  0.000000000000000  0.026296233821418  1.000000000000000  1.000000000000000 
119.0    H  0.013470992890900  0.009303569135664  0.011932167952818  0.011140825916907  0.051118878659861  0.004483993804121  0.592546385470791  0.000000000000000  0.000000000000000  0.014905617977306  0.000000000000000  0.018414678247058  0.000000000000000  0.010873799936180  0.000000000000000  0.123964591342287  0.082698214994258  0.021300040738789  0.000000000000000  0.033913417871306  0.692074858025740  0.000000000000000  0.308213081365952  0.000000000000000  0.000000000000000  1.000000000000000  0.000000000000000  0.026078415036107  1.000000000000000  0.495514781632040 
120.0    T  0.139951611081780  0.000000000000000  0.236186760249302  0.094666644742311  0.012985091587401  0.024130472909118  0.014558444207887  0.053437636118248  0.048462075396688  0.026405824512891  0.010934264574962  0.085792776953432  0.007149212250999  0.013706461698950  0.000000000000000  0.021959667190730  0.090433430366908  0.051154323849425  0.000000000000000  0.068109507013333  0.956608158091874  0.043404847992660  0.000000000000000  0.674551267169849  0.325335463860483  1.000000000000000  0.000000000000000  0.035871950432969  0.474671060475260  0.255784367433608 
121.0    I  0.034458411345904  0.000000000000000  0.017241152188156  0.000000000000000  0.000000000000000  0.000000000000000  0.000000000000000  0.222827623974243  0.000000000000000  0.070413701781080  0.039281667953807  0.016220926102235  0.085911793473252  0.000000000000000  0.000000000000000  0.000000000000000  0.066247048962330  0.447512535463986  0.000000000000000  0.000000000000000  1.000000000000000  0.000000000000000  0.000000000000000  0.000000000000000  0.000000000000000  0.000000000000000  0.000000000000000  0.026296233821418  1.000000000000000  1.000000000000000 
122.0    M  0.013359409029562  0.000000000000000  0.000000000000000  0.004664699949510  0.041607862913637  0.000000000000000  0.052120690239060  0.145894762727308  0.094339123032535  0.103736823198748  0.051940366349603  0.121245238792717  0.000000000000000  0.027950153180706  0.007238969233519  0.007982188146205  0.062068280964815  0.192776353175993  0.012123919598045  0.061001985048514  1.000000000000000  0.000000000000000  0.000000000000000  0.000000000000000  0.000000000000000  0.000000000000000  0.000000000000000  0.026296233821418  1.000000000000000  1.000000000000000 
123.0    W  0.000000000000000  0.008484233252518  0.000000000000000  0.000000000000000  0.061853541025950  0.015832139064986  0.003708367659963  0.000000000000000  0.000000000000000  0.030458738465361  0.003217152411201  0.000000000000000  0.000000000000000  0.017241152188156  0.000000000000000  0.020588749245846  0.000000000000000  0.000000000000000  0.747942879181195  0.090936292727172  1.000000000000000  0.000000000000000  0.000000000000000  0.000000000000000  0.000000000000000  0.000000000000000  0.000000000000000  0.026296233821418  1.000000000000000  1.000000000000000 
124.0    L  0.000000000000000  0.000000000000000  0.000000000000000  0.000000000000000  0.430773079856009  0.046649324478030  0.030862526920168  0.031906628928350  0.000000000000000  0.216884671788017  0.235532818476202  0.000000000000000  0.000000000000000  0.000000000000000  0.000000000000000  0.000000000000000  0.000000000000000  0.007370611335120  0.000000000000000  0.000000000000000  0.983502074026248  0.000000000000000  0.016220926102235  0.000000000000000  0.000000000000000  0.000000000000000  0.000000000000000  0.026296233821418  1.000000000000000  1.000000000000000 
125.0    K  0.003721242179859  0.000000000000000  0.005859527301898  0.026205255763779  0.000000000000000  0.032419373017675  0.033842970172685  0.031293351740979  0.108818820412016  0.017812082385835  0.036803837174843  0.056094378166704  0.015832139064986  0.000000000000000  0.069348092004240  0.007183984735560  0.166200888522714  0.061298687749284  0.319082192207238  0.008099227351717  0.988970916380931  0.000000000000000  0.010746420454217  0.000000000000000  0.000000000000000  1.000000000000000  0.000000000000000  0.027091798859834  1.000000000000000  0.489710148793463 
126.0    P  0.021702423996330  0.052884912287518  0.000000000000000  0.000000000000000  0.000000000000000  0.000000000000000  0.000000000000000  0.088695209762524  0.000000000000000  0.557869661162482  0.040582456335309  0.000000000000000  0.036071419297401  0.000000000000000  0.000000000000000  0.000000000000000  0.004462290026752  0.197647279150986  0.000000000000000  0.000000000000000  1.000000000000000  0.000000000000000  0.000000000000000  1.000000000000000  0.000000000000000  1.000000000000000  0.000000000000000  0.026259804757290  0.481964903870322  0.481964903870322 
127.0    T  0.026350972195316  0.000000000000000  0.017824433060444  0.227667458397995  0.020137103601328  0.012242143546083  0.181998693624886  0.000000000000000  0.083446768955994  0.013368672276291  0.017373111836205  0.018671737575887  0.018035709648701  0.017074652173452  0.108969779942133  0.086689435570712  0.086509357253217  0.000000000000000  0.000000000000000  0.063592480756418  0.993092495437036  0.007164094087536  0.000000000000000  1.000000000000000  0.000000000000000  0.000000000000000  0.000000000000000  0.026332713421973  0.500000000000000  1.000000000000000 
128.0    V  0.052811649025782  0.000000000000000  0.035304600455316  0.230685623163450  0.007667648936355  0.008048859012657  0.019532223477894  0.000000000000000  0.339621571137236  0.015964376292411  0.000000000000000  0.034842694335241  0.000000000000000  0.035673584597712  0.150621539374348  0.027016788478371  0.011312016971715  0.030883926609398  0.000000000000000  0.000000000000000  0.996540262827868  0.003552375983597  0.000000000000000  1.000000000000000  0.000000000000000  0.000000000000000  0.000000000000000  0.026332713421973  0.500000000000000  1.000000000000000 
129.0    N  0.000000000000000  0.000000000000000  0.139081265073104  0.101110168545217  0.000000000000000  0.610896550836750  0.000000000000000  0.000000000000000  0.030206440533280  0.000000000000000  0.000000000000000  0.087292408279212  0.000000000000000  0.007380836257791  0.003552375983597  0.013257935964155  0.007134361328219  0.000000000000000  0.000000000000000  0.000000000000000  0.944747040997206  0.055207190717592  0.000000000000000  0.803293996757034  0.196963471512337  0.000000000000000  0.000000000000000  0.026332713421973  0.443805668634749  1.000000000000000 
130.0    E  0.026718818059124  0.000000000000000  0.070952631384129  0.222056698960601  0.036803837174843  0.018840747307668  0.011469926844016  0.000000000000000  0.240148715988369  0.041752314949691  0.000000000000000  0.037317599596081  0.073149915092162  0.055016188347697  0.095921631000055  0.014268722656437  0.025916235806701  0.029605314706227  0.000000000000000  0.000000000000000  0.840313752233282  0.159430548959818  0.000000000000000  1.000000000000000  0.000000000000000  0.000000000000000  0.000000000000000  0.026332713421973  0.303338390062173  1.000000000000000 
131.0    V  0.071943093207985  0.000000000000000  0.000000000000000  0.000000000000000  0.017385158134138  0.021108970070869  0.007380836257791  0.059087632296921  0.017935975216484  0.082526427563438  0.035971546603993  0.011816937478781  0.424548123223420  0.015474107373954  0.014518135535171  0.045626000332954  0.061767853218796  0.112812590932804  0.000000000000000  0.000000000000000  1.000000000000000  0.000000000000000  0.000000000000000  0.000000000000000  0.000000000000000  0.000000000000000  0.000000000000000  0.026296233821418  1.000000000000000  1.000000000000000 
132.0    A  0.070462525759089  0.000000000000000  0.012318752719629  0.090433430366908  0.032039601184019  0.028676246322230  0.116952937228925  0.008906041192918  0.122257934180917  0.000000000000000  0.012797448404060  0.000000000000000  0.022923958502614  0.196010113518935  0.087960523457837  0.057871626407958  0.039037378926668  0.037034149091924  0.000000000000000  0.064435519924674  0.995159721820083  0.000000000000000  0.005157901722715  0.000000000000000  0.000000000000000  0.000000000000000  0.000000000000000  0.026405824512891  1.000000000000000  1.000000000000000 
133.0    R  0.008099227351717  0.012824087637664  0.000000000000000  0.070024325887136  0.000000000000000  0.000000000000000  0.000000000000000  0.018236845340914  0.000000000000000  0.000000000000000  0.010979833595365  0.000000000000000  0.000000000000000  0.092205716067677  0.683020128377198  0.000000000000000  0.000000000000000  0.032667503131411  0.000000000000000  0.072142838594802  0.991029563264079  0.009118422670457  0.000000000000000  1.000000000000000  0.000000000000000  0.000000000000000  1.000000000000000  0.026350972195316  0.490389501994276  0.500000000000000 
134.0    C  0.000000000000000  0.873572895916694  0.000000000000000  0.000000000000000  0.007780076196050  0.010979833595365  0.000000000000000  0.039885274025905  0.010934264574962  0.014588749139302  0.000000000000000  0.012081974022739  0.000000000000000  0.000000000000000  0.000000000000000  0.000000000000000  0.000000000000000  0.029977003728915  0.000000000000000  0.000000000000000  0.695440985854994  0.000000000000000  0.304602565918798  1.000000000000000  0.000000000000000  0.000000000000000  1.000000000000000  0.026350972195316  0.500000000000000  0.500000000000000 
135.0    W  0.006702894768974  0.000000000000000  0.061767853218796  0.019572881853502  0.008850655353873  0.074068298183849  0.013868927144836  0.020645912588410  0.033539383949795  0.039774841727373  0.047104215923699  0.020861692238999  0.450312989923965  0.000000000000000  0.000000000000000  0.054071043161562  0.012603777487846  0.028716027608720  0.097598311575924  0.009909307807233  0.911933165519769  0.000000000000000  0.087838668762920  0.000000000000000  0.000000000000000  1.000000000000000  0.000000000000000  0.034963659407366  1.000000000000000  0.266277050848354 
136.0    E  0.014782150730087  0.000000000000000  0.088941466327162  0.455966582759885  0.043254678626609  0.014548356559847  0.039830019603727  0.031077192771038  0.000000000000000  0.024654588776640  0.015843116871719  0.013212066990274  0.000000000000000  0.043404847992660  0.034386831542692  0.075782051191359  0.006376586298054  0.070805242830987  0.000000000000000  0.027054267672489  1.000000000000000  0.000000000000000  0.000000000000000  0.000000000000000  0.000000000000000  1.000000000000000  0.000000000000000  0.027337023903307  1.000000000000000  0.432568345292494 
137.0    C  0.000000000000000  0.836826242683391  0.010911551034902  0.000000000000000  0.000000000000000  0.035231262879544  0.000000000000000  0.044194173824159  0.000000000000000  0.027508094173848  0.000000000000000  0.007737053686977  0.000000000000000  0.000000000000000  0.000000000000000  0.007688937672139  0.021182255106250  0.000000000000000  0.000000000000000  0.008771261109950  1.000000000000000  0.000000000000000  0.000000000000000  0.000000000000000  0.000000000000000  0.000000000000000  0.000000000000000  0.026332713421973  1.000000000000000  1.000000000000000 
138.0    G  0.020404059173264  0.000000000000000  0.052628934600526  0.028636520146105  0.000000000000000  0.798851916449148  0.000000000000000  0.000000000000000  0.000000000000000  0.000000000000000  0.000000000000000  0.016265962463814  0.000000000000000  0.000000000000000  0.000000000000000  0.058842404033825  0.024281477149502  0.000000000000000  0.000000000000000  0.000000000000000  1.000000000000000  0.000000000000000  0.000000000000000  0.000000000000000  0.000000000000000  0.000000000000000  0.000000000000000  0.026332713421973  1.000000000000000  1.000000000000000 
139.0    S  0.020109206989082  0.018517074545962  0.000000000000000  0.058964890680960  0.000000000000000  0.002857560977938  0.204475514639445  0.000000000000000  0.033819520141429  0.044904380517002  0.000000000000000  0.093104841445169  0.000000000000000  0.186597297912119  0.019970302550048  0.172061950198837  0.067873866020143  0.023051429016919  0.000000000000000  0.053660339777360  0.991716730738293  0.008088007217511  0.000000000000000  1.000000000000000  0.000000000000000  0.000000000000000  0.000000000000000  0.026332713421973  0.482633512435878  1.000000000000000 
140.0    V  0.024097044146999  0.019818615614467  0.000000000000000  0.000000000000000  0.066846692992828  0.000000000000000  0.088265900274047  0.054749894691695  0.000000000000000  0.000000000000000  0.006560402288626  0.004021640950914  0.000000000000000  0.000000000000000  0.000000000000000  0.000000000000000  0.010110512925647  0.268501117905031  0.260435857252055  0.196554323035083  1.000000000000000  0.000000000000000  0.000000000000000  0.000000000000000  0.000000000000000  0.000000000000000  0.000000000000000  0.026332713421973  1.000000000000000  1.000000000000000 
141.0    Y  0.000000000000000  0.000000000000000  0.000000000000000  0.000000000000000  0.620713745763056  0.000000000000000  0.000000000000000  0.010061575230546  0.000000000000000  0.023389421668636  0.000000000000000  0.000000000000000  0.000000000000000  0.000000000000000  0.000000000000000  0.000000000000000  0.000000000000000  0.029056404456661  0.010828670981644  0.305872010282967  0.993781093322555  0.000000000000000  0.005879870107074  0.000000000000000  0.000000000000000  0.000000000000000  0.000000000000000  0.026332713421973  1.000000000000000  1.000000000000000 
142.0    K  0.021448194238358  0.000000000000000  0.000000000000000  0.053363607149453  0.000000000000000  0.000000000000000  0.000000000000000  0.006796463693036  0.538120062391899  0.041955390711883  0.051688960527704  0.006834255975827  0.000000000000000  0.073760896458513  0.014111351721122  0.008543245761599  0.011233879162867  0.154856087222989  0.000000000000000  0.017421347167620  1.000000000000000  0.000000000000000  0.000000000000000  0.000000000000000  0.000000000000000  0.000000000000000  1.000000000000000  0.026387527731993  1.000000000000000  0.500000000000000 
143.0    L  0.047960815500028  0.000000000000000  0.000000000000000  0.000000000000000  0.005451995172352  0.007254037908646  0.025016087833009  0.026168952734638  0.000000000000000  0.733058378594605  0.122852574818156  0.000000000000000  0.000000000000000  0.000000000000000  0.000000000000000  0.000000000000000  0.000000000000000  0.026867390195094  0.000000000000000  0.005200982864205  0.992404374685819  0.007774685326719  0.000000000000000  0.333324669272800  0.666649338545599  0.000000000000000  1.000000000000000  0.027546254934599  0.500000000000000  0.500000000000000 
144.0    N  0.000000000000000  0.000000000000000  0.094666644742311  0.135278080565714  0.011374918351555  0.000000000000000  0.016053147490296  0.043767385027725  0.171585553906864  0.038580081465423  0.000000000000000  0.059087632296921  0.000000000000000  0.039118639332937  0.000000000000000  0.000000000000000  0.014598864795050  0.337041932934264  0.000000000000000  0.038848427153248  0.994470168673214  0.005798920197770  0.000000000000000  0.237664775307455  0.762600826628142  0.000000000000000  1.000000000000000  0.028222703442244  0.492774668469685  0.500000000000000 
145.0    P  0.005129379396188  0.007910584432426  0.074376981019167  0.072092850316251  0.061682284117865  0.000000000000000  0.105696535922190  0.000000000000000  0.057273040292209  0.005597506446770  0.006232384686008  0.062847536274904  0.117929781361920  0.004845966006701  0.139951611081780  0.000000000000000  0.000000000000000  0.084085450532614  0.000000000000000  0.194251817196012  0.989656656415207  0.000000000000000  0.010061575230546  0.000000000000000  0.000000000000000  0.000000000000000  1.000000000000000  0.028855697210294  1.000000000000000  0.492433221447775 
146.0    V  0.033492920704259  0.000000000000000  0.019491649561157  0.055168937268166  0.013811367672870  0.000000000000000  0.115984184558910  0.146604368653985  0.043706752585577  0.134064577102243  0.009433442120988  0.007021524426649  0.000000000000000  0.036676505571292  0.006716847548773  0.000000000000000  0.043465061615937  0.314907494986850  0.000000000000000  0.019545766876770  1.000000000000000  0.000000000000000  0.000000000000000  0.000000000000000  0.000000000000000  0.000000000000000  1.000000000000000  0.026644840367749  1.000000000000000  0.478967609111348 
147.0    G  0.079825859949712  0.000000000000000  0.000000000000000  0.092782723164316  0.000000000000000  0.518709968282806  0.020977695355942  0.000000000000000  0.000000000000000  0.000000000000000  0.000000000000000  0.020081349022959  0.133600748901376  0.049583365199446  0.035822255804012  0.048596627242660  0.000000000000000  0.000000000000000  0.000000000000000  0.000000000000000  0.986916545885842  0.013405789537948  0.000000000000000  0.414947292794991  0.584793832025974  0.466516495768404  0.533292890415882  0.049172652834598  0.484980955170867  0.478967609111348 
148.0    V  0.023357019509921  0.000000000000000  0.159541096103619  0.120324305387719  0.000000000000000  0.000000000000000  0.000000000000000  0.000000000000000  0.021138253610161  0.113125807860363  0.010075533208249  0.000000000000000  0.346517471412604  0.039912929974856  0.000000000000000  0.072594295745358  0.025155191800660  0.068156733291579  0.000000000000000  0.000000000000000  1.000000000000000  0.000000000000000  0.000000000000000  1.000000000000000  0.000000000000000  0.467811748915700  0.532185091226680  0.058112808913323  0.500000000000000  0.492433221447775 
149.0    P  0.082126976696836  0.000000000000000  0.046876218415182  0.246387334234843  0.000000000000000  0.109196611989587  0.016153605253874  0.014308338850283  0.023947186878247  0.023814762974059  0.000000000000000  0.000000000000000  0.294022812572741  0.098345305669196  0.000000000000000  0.038714021805747  0.006254021958252  0.000000000000000  0.000000000000000  0.000000000000000  0.913831450229400  0.028755864082027  0.057114465639338  0.367292158319577  0.632878296985140  0.000000000000000  1.000000000000000  0.061086610400675  0.486664687079119  0.500000000000000 
150.0    N  0.000000000000000  0.000000000000000  0.214195488692142  0.185051662250006  0.000000000000000  0.224533093220984  0.230366046549676  0.000000000000000  0.013331657783001  0.000000000000000  0.000000000000000  0.051653144884638  0.016816251949747  0.013773127467300  0.015549370653439  0.006601456128223  0.028183605574445  0.000000000000000  0.000000000000000  0.000000000000000  0.951318276331799  0.000000000000000  0.048697786228781  0.000000000000000  0.000000000000000  0.516557193842066  0.483303048532487  0.070854338298651  1.000000000000000  0.460732093099352 
151.0    D  0.243501067135810  0.000000000000000  0.120157616048595  0.230046912656219  0.000000000000000  0.136030305208850  0.071893243334413  0.000000000000000  0.000000000000000  0.000000000000000  0.057751410777926  0.031686233743438  0.041006601705999  0.000000000000000  0.000000000000000  0.067826835742613  0.000000000000000  0.000000000000000  0.000000000000000  0.000000000000000  0.749499800877774  0.026737344552581  0.223601225445651  1.000000000000000  0.000000000000000  0.529609167341938  0.470413053756894  0.061128967090459  0.470413053756894  0.459456441739525 
152.0    D  0.220217343531745  0.000000000000000  0.188416863694798  0.137929217505245  0.000000000000000  0.100970097201201  0.185694115082604  0.000000000000000  0.000000000000000  0.000000000000000  0.039527485698561  0.000000000000000  0.127184961512836  0.000000000000000  0.000000000000000  0.000000000000000  0.000000000000000  0.000000000000000  0.000000000000000  0.000000000000000  0.595841287287023  0.367801686463934  0.036524289017539  0.619853849969493  0.380244688310252  0.871758239537062  0.128247268167143  0.085733330536912  0.424253950852948  0.410655350376033 
153.0    H  0.173739777480292  0.000000000000000  0.018363692631559  0.039145763707004  0.000000000000000  0.000000000000000  0.677832163400000  0.000000000000000  0.000000000000000  0.000000000000000  0.000000000000000  0.000000000000000  0.000000000000000  0.031185084968720  0.000000000000000  0.059829466137206  0.000000000000000  0.000000000000000  0.000000000000000  0.000000000000000  0.969289816935065  0.000000000000000  0.030500992524257  1.000000000000000  0.000000000000000  0.503128911748891  0.496890546661277  0.105039219029160  0.481964903870322  0.480963727332387 
154.0    H  0.077428043611494  0.000000000000000  0.078617810739751  0.000000000000000  0.000000000000000  0.021196942616370  0.735603372927869  0.000000000000000  0.000000000000000  0.035599480538191  0.000000000000000  0.000000000000000  0.000000000000000  0.000000000000000  0.000000000000000  0.051832471613403  0.000000000000000  0.000000000000000  0.000000000000000  0.000000000000000  1.000000000000000  0.000000000000000  0.000000000000000  0.199990032083188  0.799960128332753  1.000000000000000  0.000000000000000  0.105623298051564  0.494485458190466  0.489710148793463 
155.0    H  0.000000000000000  0.000000000000000  0.000000000000000  0.000000000000000  0.000000000000000  0.000000000000000  1.000000000000000  0.000000000000000  0.000000000000000  0.000000000000000  0.000000000000000  0.000000000000000  0.000000000000000  0.000000000000000  0.000000000000000  0.000000000000000  0.000000000000000  0.000000000000000  0.000000000000000  0.000000000000000  1.000000000000000  0.000000000000000  0.000000000000000  1.000000000000000  0.000000000000000  0.000000000000000  0.000000000000000  0.134810053961806  1.000000000000000  1.000000000000000 
