No:  residues  hmm_col_1  hmm_col_2  hmm_col_3  hmm_col_4  hmm_col_5  hmm_col_6  hmm_col_7  hmm_col_8  hmm_col_9  hmm_col_10  hmm_col_11  hmm_col_12  hmm_col_13  hmm_col_14  hmm_col_15  hmm_col_16  hmm_col_17  hmm_col_18  hmm_col_19  hmm_col_20  hmm_col_21   hmm_col_22   hmm_col_23   hmm_col_24   hmm_col_25   hmm_col_26   hmm_col_27   hmm_col_28   hmm_col_29   hmm_col_30   
1.0    K  0.006886563733650  0.009591685030586  0.004825854051277  0.024013674707625  0.000000000000000  0.001895770448769  0.003698100122018  0.000000000000000  0.828170661334546  0.000000000000000  0.000000000000000  0.013139006488339  0.003271119091830  0.042335155546418  0.019942637012952  0.019695365493484  0.016746460352130  0.001932923157061  0.000000000000000  0.003828513341179  0.999307092990453  0.000000000000000  0.000621051272824  0.608361179317034  0.391477148128271  0.000000000000000  0.000000000000000  0.046714039019842  0.491751037013124  1.000000000000000 
2.0    L  0.000000000000000  0.009426905622818  0.000000000000000  0.003574606125500  0.002841759147724  0.000000000000000  0.000000000000000  0.029482445340480  0.004954653903617  0.879039560911787  0.019249969897590  0.008257953441886  0.004829200237972  0.002522377637309  0.000000000000000  0.004693890818464  0.010337276874282  0.016220926102235  0.004373487846306  0.000000000000000  0.997231251352069  0.002701544197287  0.000000000000000  0.484309094613314  0.515841589650680  1.000000000000000  0.000000000000000  0.046455718263469  0.490729531926740  0.500000000000000 
3.0    T  0.008443167203432  0.004521446160118  0.008454880035357  0.004016069635375  0.000000000000000  0.000000000000000  0.000000000000000  0.002925704950047  0.023179608341268  0.002116652278994  0.002314634318245  0.018325546081748  0.009400804890621  0.003804704173997  0.000000000000000  0.028359973603661  0.878430468238362  0.005597506446770  0.000000000000000  0.000000000000000  0.987600861445373  0.010598471308185  0.001759035116890  0.566049451055337  0.434070113800521  0.000000000000000  0.000000000000000  0.046649324478030  0.469761374607006  1.000000000000000 
4.0    P  0.010738974184156  0.003467231786209  0.002144712526928  0.006815333638834  0.018414678247058  0.002389625080336  0.002179178363916  0.000000000000000  0.006730829372750  0.011825131195075  0.000000000000000  0.005574275412960  0.891928519420093  0.000000000000000  0.000000000000000  0.009329399899020  0.018775563273857  0.008949358577967  0.000000000000000  0.000984719194233  0.969961910341735  0.009685216405773  0.020207014560742  0.205755086319677  0.794434400096105  0.000000000000000  1.000000000000000  0.047398985792951  0.488354264481114  0.500000000000000 
5.0    L  0.000000000000000  0.000000000000000  0.000000000000000  0.004126115724031  0.015668381810954  0.000000000000000  0.004298353942836  0.017027376753333  0.003005873476877  0.846158596600290  0.032509383328812  0.012267626854275  0.005566553180269  0.000000000000000  0.003604462861929  0.001697938593926  0.018427446754082  0.009080578964985  0.000000000000000  0.026737344552581  0.983502074026248  0.016153605253874  0.000000000000000  0.321078952247356  0.678772489940003  0.880869374126979  0.119410367047805  0.047366142703450  0.474342157570227  0.474671060475260 
6.0    C  0.003421868418231  0.950000382874886  0.001476093679996  0.000000000000000  0.000000000000000  0.003734161396851  0.000000000000000  0.000000000000000  0.002067352333740  0.008155561932982  0.000000000000000  0.005380664243684  0.003370083377120  0.000000000000000  0.005727018582770  0.005949565389466  0.001981762786291  0.003064781632409  0.002552275886510  0.003148761060519  0.995159721820083  0.003069033268233  0.001841376046715  0.480963727332387  0.519069635271529  0.000000000000000  1.000000000000000  0.043828101582575  0.494142825750366  0.497924876547229 
7.0    V  0.013849714049920  0.003654779288404  0.000000000000000  0.001808488325249  0.000000000000000  0.003501041795193  0.003314483991039  0.044563303667629  0.001689720098799  0.007504647374637  0.000000000000000  0.005440669846363  0.000000000000000  0.000000000000000  0.001957190634921  0.015420571029466  0.033539383949795  0.855002177891973  0.000000000000000  0.008507789182313  0.971980987981352  0.027337023903307  0.000702604287115  0.085911793473252  0.913831450229400  0.000000000000000  1.000000000000000  0.043797732783773  0.457232544749951  0.495171435966512 
8.0    I  0.050625217102003  0.001712120549445  0.015040538173465  0.003922529465777  0.005609158244623  0.005695349136002  0.000929665926267  0.013303964183577  0.020375792738415  0.002690332121842  0.002655133284974  0.035747842912619  0.013230395505664  0.018249490540830  0.022592692102277  0.024467321758017  0.753667454779191  0.007259067767585  0.000000000000000  0.002300239823428  0.992404374685819  0.003849802097419  0.003791540897537  0.341510064188599  0.658383461029622  0.047104215923699  0.952637998043937  0.044194173824159  0.494828328207603  0.479964630519454 
9.0    L  0.007747786958893  0.001115572506688  0.001585331212846  0.000000000000000  0.012551468699329  0.002756398131658  0.000000000000000  0.003741934446182  0.006891338790603  0.759435844907265  0.145289263439765  0.003148761060519  0.004346289533535  0.003405305623192  0.000000000000000  0.007114608074937  0.010554485035435  0.026867390195094  0.000891177234906  0.002781348038276  0.983502074026248  0.009638337264137  0.006777645993376  0.797192476540536  0.202922395244320  0.349654020684615  0.650220073274240  0.042718357873182  0.485990493990676  0.475329550614909 
10.0    K  0.011438169499575  0.001807235211011  0.040751585476830  0.039118639332937  0.001496699179890  0.001617520822919  0.054071043161562  0.020193012978711  0.059870951138919  0.009400804890621  0.000000000000000  0.615145672375572  0.002559362116911  0.020263118041422  0.023930593704600  0.024637505439259  0.061853541025950  0.001190678802809  0.001341441634209  0.009322935492435  0.979420297586927  0.020165038913309  0.000547065045993  0.298333935757930  0.701735863019538  0.284795844305529  0.715488260011456  0.043194756454018  0.460412848602520  0.470739232270603 
11.0    C  0.014508075817293  0.910038824080899  0.001085067117827  0.001365836018299  0.002087511701584  0.003513196531827  0.000000000000000  0.002480763637771  0.002600491432102  0.003527837930281  0.002086065250093  0.008338479203437  0.002378058630201  0.000000000000000  0.004671171081157  0.011351289449776  0.018198962288570  0.005451995172352  0.003544996700458  0.002724108723341  0.942784535918240  0.035353576963934  0.022051185053261  0.320856474390726  0.679243142274472  0.046134825177589  0.953959550547558  0.041723384477997  0.451250363731215  0.478304079045937 
12.0    T  0.018529914053296  0.000807080388822  0.008060024838292  0.004077780966491  0.001097928636503  0.007179006902180  0.025844480263852  0.029977003728915  0.011981895778696  0.002453403088171  0.002131374759873  0.073048578035078  0.001765142044436  0.011226095129250  0.018594245254792  0.143289023216047  0.596254436165316  0.037525107108913  0.002094759017223  0.003868526843488  0.946057646725596  0.035012162943568  0.019011286853657  0.383420664918273  0.616426162731903  0.193311584363829  0.806641759222126  0.042777619159120  0.447202450891303  0.444729496768949 
13.0    D  0.014209503934386  0.000000000000000  0.355273010795340  0.071743900865938  0.001109403578893  0.013322420183874  0.012191335627714  0.007309558576808  0.054108535344979  0.012797448404060  0.000000000000000  0.338681244371342  0.006982696580912  0.003323686443385  0.025541729015259  0.031730190652170  0.032262454233851  0.007742418463001  0.000000000000000  0.011678509754960  0.764188260382583  0.117848066989780  0.117684808067651  0.364755086060044  0.635075491269395  0.230685623163450  0.769503610080431  0.041955390711883  0.362486708219713  0.433168428200044 
14.0    L  0.126044056861824  0.008650504566283  0.020025748815003  0.005013382412355  0.032150834621674  0.006615197752832  0.004137571619859  0.096321388544801  0.016827912128016  0.157453747493425  0.017361073885236  0.039802421103953  0.015463385256488  0.003300728064111  0.005782864445313  0.033936933010072  0.092782723164316  0.223446290589197  0.033446521825832  0.061511501377113  0.605836330215122  0.271683715631515  0.122342706299679  0.341036958719839  0.658839975867070  0.497235084336607  0.502780290199234  0.043555538708983  0.253841525217357  0.291789525454617 
15.0    E  0.024895003008924  0.007910584432426  0.025737219289612  0.044656066866909  0.004927255503247  0.040051497630006  0.002387969292367  0.022436632978491  0.078291527414008  0.019654452684938  0.000000000000000  0.326238736922239  0.009329399899020  0.015082297263621  0.036549614501623  0.079000193653300  0.217336140022505  0.022390025787080  0.019209982300853  0.003879267560301  0.624598062826688  0.281264621172202  0.094077921713192  0.435879119768531  0.564091068728256  0.452189688780544  0.547526235396787  0.042071877164899  0.254722799154181  0.273005136436413 
16.0    N  0.050660319992832  0.010650020369395  0.026078415036107  0.017873921456309  0.007888682012474  0.060875266783953  0.006310631075075  0.022097086912080  0.031708204580653  0.014947002470186  0.001995547036551  0.357992185300286  0.012318752719629  0.005237158560861  0.037343475151774  0.096121301954392  0.190518103792471  0.040023745666555  0.001088079737128  0.008344261000374  0.778624691061662  0.204901151909379  0.016493026838093  0.282632641781148  0.717474767303352  0.607097442197523  0.392836258333790  0.041636713284126  0.304813773519076  0.285982743300952 
17.0    A  0.071843428002167  0.005489916797682  0.028086097706595  0.017836792298856  0.002096211496862  0.037759932605936  0.006772949714958  0.037008487870426  0.020905118043533  0.020347565462016  0.004425327676937  0.229728220869763  0.011382805577328  0.014043048853297  0.012149156810665  0.123792858991628  0.291789525454617  0.055054335882936  0.001150119911714  0.008355836624103  0.512633618944297  0.012770864507629  0.474342157570227  0.376572616658453  0.623300597137549  0.173739777480292  0.826450318154212  0.041607862913637  0.481297221550876  0.371903440608626 
18.0    T  0.075519865211871  0.016470178488918  0.022624033943431  0.031511014215456  0.001649220483250  0.036171569280941  0.005425605999082  0.033377044001495  0.025790794016021  0.011296346051139  0.007916069532493  0.190782401120070  0.018186352100033  0.008212288352248  0.026718818059124  0.125173406963917  0.330105710253750  0.025880333166705  0.001181634852753  0.006053561960619  0.766309980103892  0.143388378028271  0.090433430366908  0.554400321801535  0.445655247948486  0.632001549226403  0.367801686463934  0.044316876114983  0.412938832467860  0.129139298460517 
19.0    N  0.039010329653175  0.018658799798040  0.031995215638389  0.030691862351981  0.002241996902061  0.050836199883258  0.010768790257622  0.013668511951653  0.026479138592066  0.005589752031340  0.003609463173620  0.335643125695066  0.017325010056298  0.003741934446182  0.019818615614467  0.122937759253281  0.244177132240557  0.019478143660548  0.000000000000000  0.003239529475838  0.566834706389211  0.113282742283417  0.319746395319357  0.580351957191860  0.419574818553271  0.373453364278086  0.626766510220345  0.045468146363586  0.392836258333790  0.258995690890005 
20.0    T  0.073556671076173  0.012913286221160  0.029625842660270  0.017229205672952  0.006155108484761  0.063724855187387  0.004978752450466  0.037681494615336  0.025085543397374  0.014437852694482  0.005037766604125  0.185822873053877  0.035206850890540  0.010287241578588  0.017530366883289  0.116952937228925  0.308213081365952  0.021974893748642  0.001572199487541  0.011915637916065  0.643048741715302  0.153893051668115  0.202922395244320  0.355026839635857  0.644834125327943  0.807760777609608  0.192109397661002  0.049240867878084  0.383420664918273  0.172300644121954 
21.0    N  0.055168937268166  0.003323686443385  0.038660389958974  0.012806321994336  0.001726420959109  0.037499105699163  0.002124000763388  0.023847800140009  0.037838533873455  0.007905103133023  0.001167792770289  0.299784978447778  0.015755507107728  0.011899130778932  0.016909760070714  0.122342706299679  0.283220971323950  0.022545760732213  0.000000000000000  0.005425605999082  0.742776460330414  0.104385989928546  0.152936005141483  0.562529242344405  0.437392382452911  0.106579361470995  0.893165852352760  0.043737058299850  0.391748593474670  0.267757705797864 
22.0    S  0.089003137224817  0.006740166754239  0.028379638053797  0.026150820083856  0.007055675860561  0.039418044025977  0.009303569135664  0.031884520601514  0.029157280985525  0.009929935072701  0.006176477473468  0.186338798349865  0.007104751967193  0.011351289449776  0.014377932041014  0.175921046915675  0.289773987976114  0.025559439329931  0.001018032969571  0.005336094752947  0.314035595285882  0.004733096329806  0.681129017320244  1.000000000000000  0.000000000000000  0.000772595020689  0.999307092990453  0.044255482444204  0.496202187342909  0.205185402202625 
23.0    S  0.052156830072213  0.021807980689409  0.010746420454217  0.002679166579279  0.003510762213324  0.038821508805764  0.000000000000000  0.042393885232740  0.016232173489026  0.015399208389678  0.015506318354466  0.138888591081887  0.065425642623411  0.018236845340914  0.024180703024100  0.135278080565714  0.352330188785505  0.039472726932681  0.000000000000000  0.006944083446614  0.599154510669709  0.085436715746363  0.315344352207812  0.172659306017982  0.827023368443266  0.117115180859053  0.882702996290655  0.056211144509235  0.454074208860755  0.067779838052691 
24.0    N  0.036524289017539  0.019037660369925  0.046487930076078  0.020503300852999  0.004431466738031  0.050520054300348  0.017861536490844  0.029666941279704  0.044935516651467  0.004143311489720  0.003116192343004  0.237994477124383  0.014874654820274  0.010089510549237  0.005620834296917  0.179617522068008  0.231647015472593  0.033936933010072  0.000000000000000  0.008986655416802  0.689202576487815  0.040190546357206  0.270743761381481  0.272249253834027  0.727994774499543  0.024535253708549  0.975355461527642  0.061810682273808  0.490389501994276  0.072293011494080 
25.0    T  0.081446696835206  0.004449935067274  0.024705909893873  0.009705377201441  0.002103489016002  0.036473690681827  0.009591685030586  0.023131457781251  0.020375792738415  0.005949565389466  0.009888723390393  0.151774360549381  0.070511383591032  0.013517760790390  0.012568880795967  0.177882932654324  0.309926924984747  0.026589491547079  0.004490214250135  0.004872912390289  0.879039560911787  0.051545846788130  0.069204036530268  0.593779833036705  0.406126198178118  0.774855930959171  0.225312615652708  0.050171086794747  0.486327473706143  0.066661611301985 
26.0    N  0.039172906888772  0.016827912128016  0.043919334381460  0.017664540111322  0.011792390379067  0.037707622491274  0.005794902085317  0.024298313621330  0.033077637339848  0.021065120808392  0.012090351512050  0.196963471512337  0.033725882390763  0.007031265076512  0.018853811245637  0.123450107680672  0.316878130508606  0.027489033622576  0.003325991045894  0.008924580053504  0.666649338545599  0.103808753011362  0.229409970577841  0.428688018317086  0.571173123424273  0.578344091952644  0.421907898065009  0.043015487549709  0.387965427137428  0.283810525536516 
27.0    S  0.040779842115280  0.004632478513324  0.055054335882936  0.032217759962337  0.004016069635375  0.032084048303750  0.007817917089551  0.030755750688556  0.028242272710971  0.002578950861357  0.005520443921417  0.274523203446762  0.014895289770127  0.008217982650030  0.020789516266886  0.169458040850000  0.226565484566834  0.024214247842474  0.009923054551084  0.007683609953330  0.750019494642909  0.122088566120278  0.127892183716804  0.397768241877459  0.602486157497393  0.531447837179277  0.468460723436213  0.039692218204337  0.378141999320990  0.229409970577841 
28.0    S  0.062760471452436  0.011233879162867  0.042570563582515  0.030991147835572  0.001932923157061  0.034482304376311  0.005086891365504  0.045029054651185  0.026904662135591  0.014150530984653  0.009226505167418  0.188547509585822  0.025630403474898  0.017253106986923  0.015335297872711  0.210953949032504  0.209787409276635  0.026979361205450  0.007406460665068  0.013677989526473  0.814507563070215  0.104675810938553  0.080940187428402  0.544498507668053  0.455650640318571  0.447822835045425  0.552099423581546  0.040638754579640  0.393653988284602  0.261702570493644 
29.0    S  0.074531804520664  0.008425628372613  0.042393885232740  0.039281667953807  0.004829200237972  0.040414029121484  0.005062269396224  0.043194756454018  0.026042287723726  0.008862933476062  0.008656502717695  0.202922395244320  0.022530138616566  0.014895289770127  0.020517517584752  0.220981882765918  0.179742066605870  0.021182255106250  0.007769298192759  0.007742418463001  0.649769531227720  0.051403129294529  0.298954949194031  0.313600551130249  0.686342215627455  0.179742066605870  0.820172911196726  0.042866665268456  0.426317445883978  0.278548412704833 
30.0    G  0.061213768599183  0.006389859832483  0.015303442149796  0.056759276107594  0.003836482793998  0.063109456099793  0.002206537528457  0.072192861534599  0.027450952132449  0.024895003008924  0.013696964395563  0.189070999660495  0.045185384204555  0.002631315579816  0.022127741222102  0.158000387306601  0.158329281715402  0.041091961256408  0.030374405874417  0.006138066536465  0.628506687260914  0.283810525536516  0.087595465567547  0.303548721098762  0.696405740334518  0.650220073274240  0.349896466398799  0.045911519789947  0.316658563430804  0.159984051730538 
31.0    E  0.032128557083002  0.047728671811272  0.065743861200242  0.142397922152764  0.001984511998035  0.081108672933699  0.002831927407967  0.014700407929903  0.056641371141708  0.008189550589976  0.011202775375124  0.160762185428825  0.018932385319223  0.015176679617838  0.015009294749273  0.145995924326640  0.152830034711509  0.020432364820887  0.003823209571865  0.002401247787607  0.315563008028029  0.022498926851792  0.662044455197699  0.124653906419009  0.875391329694264  0.136597217387619  0.863339558574412  0.042305821220389  0.477641468191219  0.270743761381481 
32.0    M  0.041781265481410  0.003131348942966  0.016322433794754  0.035648866120888  0.000000000000000  0.041579032533771  0.023880883136956  0.042042725266307  0.094666644742311  0.039774841727373  0.017738157846032  0.068773663085384  0.063284675459406  0.009779659833234  0.038075320739850  0.167472950303480  0.227194529112130  0.051189793616239  0.010813669656652  0.006829520471956  0.374749900438887  0.304602565918798  0.320634150690562  0.367801686463934  0.632001549226403  0.590905773467183  0.408951029278891  0.044163551371335  0.400534938794811  0.081842838942723 
33.0    M  0.024281477149502  0.005827125104264  0.042866665268456  0.095921631000055  0.001163752514232  0.137642699762245  0.004259795830724  0.046746429948825  0.059705183523902  0.028577034046872  0.055398856199679  0.122342706299679  0.013849714049920  0.012744335833422  0.037969899747032  0.110185019738396  0.156474557331749  0.032329611922466  0.005819052590323  0.005839254877480  0.730016005327261  0.147215348699373  0.122852574818156  0.444421340583285  0.555554364327547  0.597495602428391  0.402204185470958  0.045342256494818  0.378929141627600  0.164140140678019 
34.0    M  0.020803931456818  0.003131348942966  0.021167577773209  0.044904380517002  0.001412043256392  0.024826075003003  0.001457791389938  0.153786418093893  0.025844480263852  0.111259466656562  0.248789930455021  0.040162698045918  0.008149910886952  0.006389859832483  0.016243428674614  0.049928244778072  0.114943755768957  0.079164640857701  0.019170077769591  0.008561029425373  0.802181166352486  0.054108535344979  0.143786486668826  0.380244688310252  0.619853849969493  0.405563577788521  0.594191552528466  0.043015487549709  0.441045682598588  0.249480679749763 
35.0    E  0.028399316139016  0.005644259366889  0.079439480581604  0.284401306968126  0.002937897951931  0.101390894447130  0.004996037426865  0.033866436463899  0.093040328447909  0.011800567074710  0.046423528770651  0.063769041203029  0.021226348196077  0.019050860844942  0.032061817041786  0.058153103606438  0.072594295745358  0.029217974929733  0.001797241505127  0.009739071830274  0.740206649000025  0.075624630576206  0.184155960727060  0.414947292794991  0.584793832025974  0.675487042267819  0.324659650682471  0.041955390711883  0.416676603579609  0.240315232097190 
36.0    K  0.022374511581268  0.010308655552913  0.070903467808497  0.178376813214735  0.005734963422008  0.084964265119171  0.001577657768769  0.022112408755104  0.175312406330300  0.025488671666844  0.019887420863687  0.061810682273808  0.043495199744722  0.038956287321097  0.067405026980903  0.044842172956459  0.091759414752131  0.022923958502614  0.004004950148002  0.007678285926135  0.774855930959171  0.187115373349086  0.038128140946007  0.324434691734796  0.675487042267819  0.728499556949005  0.271495464080574  0.040978187944239  0.319746395319357  0.262975444800968 
37.0    G  0.024063661694877  0.008138620539127  0.056016668723088  0.271872097713721  0.003365414686375  0.405282559942655  0.000000000000000  0.006328152137750  0.044378354954482  0.003621994322014  0.003802067867806  0.029157280985525  0.001936946739723  0.022608357591727  0.028656376350146  0.029116888415774  0.034987902770445  0.013102627881890  0.000000000000000  0.013536513381251  0.853226098112067  0.112656307826354  0.033984012214215  0.341273429471292  0.658839975867070  0.791137301185450  0.209061599978516  0.040582456335309  0.354043859553636  0.377618146390706 
38.0    E  0.015124172295215  0.000000000000000  0.107992273425035  0.668037039195050  0.000000000000000  0.040921419471361  0.002203480737220  0.011469926844016  0.020818356642063  0.005582008358364  0.002104947548913  0.032262454233851  0.023947186878247  0.019928818619977  0.005957818958032  0.010474317121721  0.015964376292411  0.009888723390393  0.000000000000000  0.007442484359718  0.920187650624875  0.079054971397121  0.000660570425318  0.330563651285644  0.669427628489221  0.888842681166570  0.111182374192237  0.040162698045918  0.397768241877459  0.425726853874473 
39.0    I  0.010873799936180  0.000000000000000  0.001688549279898  0.002642281701270  0.007036140467562  0.001135072370623  0.000000000000000  0.379454813243513  0.008425628372613  0.055822865772048  0.385285554179204  0.014812921330135  0.000000000000000  0.001279681058455  0.007452808988653  0.001835005369559  0.012023493907507  0.093234001668217  0.010117523428550  0.006886563733650  0.960594863953477  0.038234001285371  0.001277022801305  0.529609167341938  0.470413053756894  0.309283119671793  0.690637224071928  0.039857637239955  0.444113397921202  0.491069797631696 
40.0    K  0.006091444082901  0.003052062031923  0.000000000000000  0.009929935072701  0.005048253244678  0.002338825594959  0.004259795830724  0.023503183615448  0.645728675151168  0.007546377569725  0.026534257701464  0.010280113476789  0.000000000000000  0.033215489823705  0.091759414752131  0.015367219906660  0.061810682273808  0.039308905369876  0.000000000000000  0.014348065035952  0.997231251352069  0.000000000000000  0.002446610231688  0.000000000000000  0.000000000000000  0.873572895916694  0.126657112519886  0.041752314949691  1.000000000000000  0.449377563305515 
41.0    N  0.000000000000000  0.002877436886360  0.021929245719361  0.013936383115939  0.000000000000000  0.008104843254419  0.001205627545794  0.009840859218339  0.023067412588794  0.003428991396912  0.000000000000000  0.819604607637517  0.000000000000000  0.012056876367648  0.012225184089633  0.025016087833009  0.026700304402804  0.009985151275024  0.000000000000000  0.010258758792376  1.000000000000000  0.000000000000000  0.000000000000000  0.000000000000000  0.000000000000000  0.440740078953585  0.559418550517856  0.039968299414920  1.000000000000000  0.488692883205403 
42.0    C  0.001231813875812  0.959929261038908  0.000000000000000  0.001427790476953  0.003381783459061  0.011288518733778  0.000000000000000  0.000000000000000  0.000000000000000  0.003101109105202  0.000000000000000  0.000000000000000  0.000000000000000  0.000000000000000  0.002134331521682  0.007432174033842  0.003632050557083  0.000000000000000  0.005118724233822  0.001293952165083  1.000000000000000  0.000000000000000  0.000000000000000  0.000000000000000  0.000000000000000  0.000000000000000  1.000000000000000  0.039857637239955  1.000000000000000  0.494142825750366 
43.0    S  0.005317633267576  0.006099894473495  0.004416135027830  0.018376425785796  0.006328152137750  0.000000000000000  0.002414600118986  0.000000000000000  0.007801677078914  0.007562086147607  0.000000000000000  0.010806176789148  0.001297544740329  0.042926132294676  0.021762679385454  0.785128118673572  0.064524908467703  0.005859527301898  0.000000000000000  0.009551877169469  0.999307092990453  0.000000000000000  0.000717864910346  0.000000000000000  0.000000000000000  0.000000000000000  1.000000000000000  0.039885274025905  1.000000000000000  0.494142825750366 
44.0    F  0.000000000000000  0.000000000000000  0.000000000000000  0.000000000000000  0.872967591133763  0.000000000000000  0.000000000000000  0.013157233650131  0.000000000000000  0.017935975216484  0.017554685984869  0.000000000000000  0.002254463706088  0.000000000000000  0.000000000000000  0.013415084944340  0.008967987608242  0.006438766288697  0.003825860537449  0.043706752585577  0.998614666101029  0.000000000000000  0.001716874142406  0.000000000000000  0.000000000000000  0.137642699762245  0.862143545017596  0.039857637239955  1.000000000000000  0.493116352246680 
45.0    N  0.020389921057640  0.000000000000000  0.031730190652170  0.006891338790603  0.002897451042658  0.000000000000000  0.004923841373371  0.009936820365184  0.043045313949473  0.004370457425921  0.000000000000000  0.805524291048750  0.002050227897701  0.009964409309989  0.003591992367780  0.025808677029241  0.012090351512050  0.003022587878012  0.000000000000000  0.013936383115939  0.993781093322555  0.000000000000000  0.005941323254848  0.000000000000000  0.000000000000000  0.244007940194056  0.755759964158113  0.039940605100095  1.000000000000000  0.492092011016900 
46.0    I  0.055322110286222  0.011187255790634  0.000000000000000  0.007910584432426  0.002707167745411  0.001394535136411  0.000000000000000  0.353063601096189  0.001661843221692  0.011589804170634  0.189202099121197  0.012744335833422  0.000000000000000  0.013120804577252  0.000000000000000  0.024046987815013  0.069396177101790  0.240815473505037  0.000000000000000  0.005904374719985  0.997922718999051  0.001156515245951  0.000812130955444  1.000000000000000  0.000000000000000  0.408384495555011  0.591725510876286  0.040079268836320  0.499307333050514  0.485653747770817 
47.0    S  0.048093975630027  0.007442484359718  0.005949565389466  0.005990947889348  0.000000000000000  0.003567180664109  0.000000000000000  0.007641120886307  0.007774685326719  0.000000000000000  0.000000000000000  0.015733680469636  0.016596237288990  0.000000000000000  0.004571869693260  0.053289680735497  0.823591017267573  0.000000000000000  0.000000000000000  0.000000000000000  0.996540262827868  0.001419895036446  0.002194335748109  1.000000000000000  0.000000000000000  1.000000000000000  0.000000000000000  0.039912929974856  0.498961359499525  0.490729531926740 
48.0    T  0.028261855548784  0.002170134235654  0.005679580145782  0.009499056899868  0.000000000000000  0.111259466656562  0.009387781636929  0.008037708655419  0.012753172596108  0.002313030491902  0.000000000000000  0.001258568975083  0.008326927625531  0.000000000000000  0.004046807670156  0.040836414184162  0.756283998641981  0.000000000000000  0.000000000000000  0.000000000000000  0.996540262827868  0.000683865391058  0.002913562552132  1.000000000000000  0.000000000000000  0.761544369851631  0.238655253534929  0.039527485698561  0.500000000000000  0.497579860910041 
49.0    S  0.019736363466341  0.000000000000000  0.047464740306704  0.316658563430804  0.011882646509695  0.073812041339346  0.002439836182917  0.018932385319223  0.033562639738129  0.086509357253217  0.004729816734182  0.105257869201052  0.008149910886952  0.011915637916065  0.023748825881274  0.139757731370733  0.019998006466317  0.047563543151230  0.001318396469846  0.026552656223083  0.993092495437036  0.006133813427137  0.000952495567898  0.672683604260913  0.327144517863753  0.506979739895015  0.492774668469685  0.039554893561571  0.491069797631696  0.495514781632040 
50.0    I  0.012378668920703  0.012370091654239  0.000000000000000  0.016804599850897  0.030122806491895  0.009827226342469  0.004930672000438  0.367037659008526  0.029421202016913  0.260797148382465  0.067125279476258  0.004163463812765  0.003812624065532  0.006341324851385  0.037214276542655  0.001077572011760  0.025453361345944  0.102379587232478  0.001987265023638  0.006702894768974  0.988285651500733  0.001872264528307  0.009691932013401  1.000000000000000  0.000000000000000  0.665264520540343  0.334713814244611  0.039582320428851  0.497235084336607  0.496890546661277 
51.0    R  0.004340268471309  0.000000000000000  0.003248523821777  0.026571067502006  0.000000000000000  0.063548417080747  0.004120399676047  0.027412923397901  0.142595464483553  0.019011286853657  0.002983041988204  0.021807980689409  0.001437721545086  0.025755065154789  0.597081593537295  0.019037660369925  0.029605314706227  0.007124477855623  0.003356096699012  0.001120221703346  1.000000000000000  0.000000000000000  0.000000000000000  0.310572070446110  0.689202576487815  0.975355461527642  0.024365776331604  0.039637231228933  0.469761374607006  0.475988954248766 
52.0    N  0.015657525079369  0.000000000000000  0.771640087529467  0.020832791829550  0.000000000000000  0.020818356642063  0.002260723080059  0.003460029371494  0.036473690681827  0.000000000000000  0.001366783071870  0.093169399174933  0.000000000000000  0.006323767316777  0.006015915423719  0.007421877991210  0.011109979770213  0.000000000000000  0.000000000000000  0.003372420150681  0.995159721820083  0.002966546269169  0.001803481075643  0.250000000000000  0.750019494642909  1.000000000000000  0.000000000000000  0.038660389958974  0.495514781632040  0.500000000000000 
53.0    K  0.007124477855623  0.012344395497865  0.010040674511479  0.053548872173036  0.000000000000000  0.006679704514781  0.000000000000000  0.014690221914205  0.704172113456040  0.004674410012620  0.001010300372577  0.015040538173465  0.007183984735560  0.015799251263302  0.108668070011253  0.001520751349730  0.028222703442244  0.008999122205854  0.000000000000000  0.000000000000000  0.908148417721510  0.089126607335259  0.002785206479227  0.405563577788521  0.594191552528466  1.000000000000000  0.000000000000000  0.038633601903780  0.379981214100379  0.498615625676035 
54.0    V  0.003505898635419  0.000000000000000  0.002024806837929  0.033913417871306  0.002865494812827  0.009779659833234  0.005937206470318  0.040779842115280  0.341983825975623  0.026681803574726  0.076150641479699  0.021285281791258  0.022813000166477  0.083215725827273  0.106801217611217  0.018414678247058  0.046520164223954  0.150621539374348  0.002808469790717  0.003828513341179  0.995159721820083  0.000000000000000  0.004578212045604  0.000000000000000  0.000000000000000  0.420448207626857  0.579547975952228  0.038875364165577  1.000000000000000  0.476649272644080 
55.0    Q  0.009162773040874  0.002611329092588  0.001190678802809  0.046294993688135  0.000000000000000  0.003535181495636  0.013946046429265  0.006323767316777  0.409802303818759  0.011573748422034  0.008431470597691  0.010888884677246  0.009258537272981  0.338681244371342  0.072896835611779  0.001903671154085  0.032554482156507  0.004648561313698  0.000000000000000  0.016367751985934  0.997922718999051  0.001079066879687  0.001323890944141  1.000000000000000  0.000000000000000  0.303338390062173  0.696888619343735  0.038929294236546  0.499653546495226  0.480630464194381 
56.0    K  0.004872912390289  0.000000000000000  0.009698652277548  0.120909541201742  0.002578950861357  0.012430257558671  0.009739071830274  0.003137867174832  0.477972658796871  0.008906041192918  0.005365766536834  0.053105312446166  0.001080563821379  0.123707082051901  0.073353011142585  0.009207339123529  0.076733480244691  0.003298440966499  0.000000000000000  0.004094775294988  0.891310495896971  0.006953716666035  0.101601950248040  0.547526235396787  0.452503231441453  0.114070686067931  0.885767519102361  0.038902319855693  0.491410299272626  0.484980955170867 
57.0    E  0.060245612983790  0.000000000000000  0.031336763621909  0.393381222676783  0.000000000000000  0.015614173327976  0.002073092204980  0.026442456143759  0.035158077646525  0.005892109674557  0.037499105699163  0.005823087448433  0.000000000000000  0.051474438579223  0.009512234520805  0.002337205006310  0.022828818414776  0.211833108736530  0.000000000000000  0.088633752229966  0.993092495437036  0.005900283537355  0.001050287490681  1.000000000000000  0.000000000000000  0.912565488543452  0.087171479146900  0.038419964601706  0.493116352246680  0.362486708219713 
58.0    Y  0.011776053980925  0.002165626257037  0.005313948642211  0.006185045827119  0.024080347136200  0.000000000000000  0.122597375498569  0.008906041192918  0.026332713421973  0.015810206266046  0.003137867174832  0.081164912670618  0.001788542356285  0.030311309698179  0.034458411345904  0.051154323849425  0.005093948184604  0.000000000000000  0.000000000000000  0.569591688611057  0.996540262827868  0.003799433388329  0.000000000000000  1.000000000000000  0.000000000000000  0.102379587232478  0.897510050667261  0.038902319855693  0.495514781632040  0.485317234884773 
59.0    A  0.724471077277439  0.005157901722715  0.035698320214017  0.056445406884489  0.000000000000000  0.001374383179029  0.000000000000000  0.000000000000000  0.006104124063846  0.006910472151028  0.007124477855623  0.000000000000000  0.005667782061852  0.000000000000000  0.002792939426488  0.117603263439223  0.019196671569463  0.007284269425288  0.000000000000000  0.004094775294988  0.999307092990453  0.000000000000000  0.000541781968783  0.000000000000000  0.000000000000000  0.000000000000000  1.000000000000000  0.038875364165577  1.000000000000000  0.486664687079119 
60.0    F  0.003424241098891  0.001011701917539  0.000000000000000  0.000000000000000  0.029177498278604  0.000000000000000  0.014588749139302  0.041091961256408  0.007416735319926  0.731028724200017  0.003047833906929  0.015646675870490  0.005065779510356  0.000000000000000  0.001585331212846  0.006633564425366  0.102948877158447  0.024654588776640  0.000000000000000  0.012744335833422  1.000000000000000  0.000000000000000  0.000330285212659  0.000000000000000  0.000000000000000  0.072745408400134  0.927230546435463  0.038902319855693  1.000000000000000  0.485653747770817 
61.0    F  0.000000000000000  0.005262631159632  0.005815020527994  0.000000000000000  0.773782496771195  0.010152648925433  0.000000000000000  0.003540085696357  0.000000000000000  0.057352492644460  0.007416735319926  0.002580739073551  0.000000000000000  0.002128422094167  0.001947717287797  0.014558444207887  0.007391075365044  0.008632535037499  0.089436032501432  0.009854511006494  0.996540262827868  0.001184915586180  0.002020600745154  0.250000000000000  0.750019494642909  0.000000000000000  1.000000000000000  0.038902319855693  0.499653546495226  0.486327473706143 
62.0    Y  0.003741934446182  0.001193984646184  0.027469986278493  0.001249009356716  0.013725476066224  0.001864494168242  0.023292349793733  0.009200959293711  0.007016659163156  0.007646419143730  0.000000000000000  0.047497651762547  0.000000000000000  0.008484233252518  0.011808749439971  0.019183370061173  0.001195641008203  0.000000000000000  0.006228066222973  0.809442216547408  0.994470168673214  0.000000000000000  0.005750886180344  0.000000000000000  0.000000000000000  0.217185546287656  0.782954296256543  0.039227249727583  1.000000000000000  0.482299092292069 
63.0    K  0.022813000166477  0.001135859415574  0.020890632740705  0.016481598704188  0.006872258405644  0.011109979770213  0.000000000000000  0.012709049970814  0.430176315305720  0.015766431778823  0.003410029652866  0.047563543151230  0.000000000000000  0.001927571378683  0.228299562502998  0.100551046367739  0.040190546357206  0.029197729590099  0.000000000000000  0.010987446874321  0.996540262827868  0.003723822442532  0.000000000000000  1.000000000000000  0.000000000000000  0.302918165107561  0.697371833175203  0.039802421103953  0.496202187342909  0.479964630519454 
64.0    L  0.017349044275447  0.000000000000000  0.025400487562010  0.039390730986968  0.015909143746322  0.006461120065963  0.018098325096791  0.020517517584752  0.015134659206666  0.638606879597695  0.005273585879386  0.002292281598206  0.038022573707315  0.027148193285957  0.016839580391307  0.051154323849425  0.024912264891892  0.029076551803219  0.000000000000000  0.008549169541100  0.998614666101029  0.000000000000000  0.001078319186683  0.000000000000000  0.000000000000000  0.030969673852002  0.969289816935065  0.039281667953807  1.000000000000000  0.486327473706143 
65.0    D  0.000000000000000  0.000000000000000  0.918912883479050  0.025312608551001  0.000000000000000  0.001637828485236  0.010330114102676  0.007264101114165  0.000000000000000  0.009604991150426  0.002058772311115  0.004869535915137  0.000000000000000  0.000000000000000  0.000000000000000  0.000000000000000  0.000000000000000  0.020109206989082  0.000000000000000  0.000000000000000  0.992404374685819  0.000000000000000  0.007657026682358  0.000000000000000  0.000000000000000  0.085259239679960  0.914465089499901  0.039254449410735  1.000000000000000  0.484980955170867 
66.0    I  0.019357010902874  0.000000000000000  0.010223266183242  0.000000000000000  0.005358333158557  0.000000000000000  0.000000000000000  0.335643125695066  0.006992383366625  0.139467415290621  0.007324774191071  0.000000000000000  0.000000000000000  0.000000000000000  0.000000000000000  0.007737053686977  0.001935604615750  0.465870214652387  0.000000000000000  0.000000000000000  0.982820598545251  0.012542771698687  0.004349303196206  0.230525779478158  0.769503610080431  0.084611642440779  0.915099168127928  0.039145763707004  0.480963727332387  0.474671060475260 
67.0    V  0.033772668813730  0.000000000000000  0.018211581220852  0.052811649025782  0.000000000000000  0.004869535915137  0.000000000000000  0.067032288551121  0.017039183322895  0.025033433674676  0.037655384843587  0.000000000000000  0.000000000000000  0.014209503934386  0.001672242743255  0.009303569135664  0.024877753086837  0.677832163400000  0.007159130036526  0.008572905762338  0.990342871933025  0.007520269086732  0.002144712526928  0.269807059126107  0.730016005327261  0.161992620679167  0.837987134667949  0.040218413978165  0.484309094613314  0.471392267959120 
68.0    P  0.012301687133894  0.090433430366908  0.004397806977097  0.032871930600121  0.007662335968661  0.003802067867806  0.008692579067069  0.000000000000000  0.056094378166704  0.013148116910709  0.000000000000000  0.025506345192216  0.511214265304961  0.142991371650476  0.017253106986923  0.055360469943898  0.018148573936339  0.000000000000000  0.000000000000000  0.000000000000000  0.953298545288159  0.006661210091937  0.039857637239955  0.194386508970640  0.805524291048750  0.052994997789572  0.946713631236714  0.039064446955788  0.491410299272626  0.473028823362798 
69.0    T  0.004872912390289  0.000000000000000  0.023211764385325  0.054108535344979  0.005299235654092  0.001935604615750  0.000000000000000  0.539614118252214  0.018135998662246  0.195874296737335  0.052192994964273  0.013811367672870  0.000000000000000  0.001496699179890  0.006420938963241  0.004906806176342  0.027680234971949  0.040695130924032  0.000000000000000  0.009591685030586  0.815072332402625  0.103020260619155  0.082183922512817  0.475000191437443  0.524858341811534  0.692554734055462  0.307572836187786  0.040893064732969  0.373194595824238  0.421907898065009 
70.0    D  0.012081974022739  0.002796813947658  0.346037429012870  0.121077273653328  0.000000000000000  0.078183067507079  0.008082402980616  0.004667934393972  0.081052472165688  0.012208248127692  0.001643514613839  0.237171078785113  0.015733680469636  0.009368280576493  0.008999122205854  0.032531924927628  0.022266212721075  0.004982204654994  0.000000000000000  0.000967802307875  0.788946840852465  0.153679858406823  0.057114465639338  0.485653747770817  0.514413353946788  0.496202187342909  0.503826880205252  0.040470093714201  0.323760749713606  0.371645746107754 
71.0    N  0.019183370061173  0.000000000000000  0.154427329640866  0.106505511884358  0.000000000000000  0.103020260619155  0.001849050061009  0.004149059322248  0.077481731246187  0.012438876543418  0.000000000000000  0.351111218934499  0.006254021958252  0.007154169425142  0.013202912256446  0.071743900865938  0.043828101582575  0.023454360898662  0.000000000000000  0.004186615088032  0.707106781186547  0.199436309952258  0.093492859897649  0.513700719689482  0.486327473706143  0.336108748538157  0.663882579191219  0.039609766313576  0.294226684304692  0.360232437209480 
72.0    D  0.014318260073052  0.000000000000000  0.183518829504263  0.057035343033966  0.000000000000000  0.059292769696278  0.002228054132556  0.003642134712644  0.049859077488065  0.003881957395791  0.001810997161007  0.333555792419442  0.011265069308283  0.010873799936180  0.009264957026648  0.147521792917025  0.095788747512986  0.006015915423719  0.000000000000000  0.010110512925647  0.534032704023926  0.414085330667273  0.051904376505681  0.379191886343611  0.620713745763056  0.677832163400000  0.322193657621254  0.040723348417603  0.157235621479502  0.306296332976169 
73.0    T  0.010047636589302  0.000000000000000  0.058883204619051  0.017457611532378  0.001532390816205  0.038234001285371  0.013830527571555  0.010896434893363  0.040414029121484  0.001417928007719  0.002504954302270  0.480630464194381  0.013084476367319  0.010598471308185  0.010152648925433  0.168520966467132  0.090308149870220  0.018919266936727  0.000000000000000  0.012665079998208  0.695440985854994  0.267386771971311  0.037395280100960  0.456599125005996  0.543367431263029  0.596254436165316  0.403600537252382  0.041148966314351  0.234717936828863  0.346517471412604 
74.0    T  0.022343515411901  0.001158922653961  0.041035035169505  0.027795593548059  0.008626553493462  0.039145763707004  0.002750672318188  0.024791682599723  0.041781265481410  0.001636693622398  0.002765967652763  0.168754748140343  0.004961527275542  0.013075410041928  0.025365299405540  0.273383864371158  0.281069730944654  0.006350121890502  0.002005253018984  0.011187255790634  0.767373048000443  0.197784325296362  0.034626010870779  0.386087566545892  0.613867841957530  0.482633512435878  0.517632461920689  0.040554336466849  0.286181040149671  0.376311686852767 
75.0    S  0.016980232226970  0.003356096699012  0.042777619159120  0.073099229003247  0.001739634571497  0.041752314949691  0.012065236454559  0.011117683290895  0.040274207202657  0.008015454260446  0.004058043372257  0.121750533567905  0.004010506037969  0.037188490509584  0.061171353149840  0.373453364278086  0.125782227937223  0.001977646108106  0.000000000000000  0.019437682082789  0.639936206922154  0.353553390593274  0.006820059305733  0.494142825750366  0.505926600513464  0.918276162300924  0.081786129465938  0.040386025957422  0.189727406621757  0.375790369516391 
76.0    Y  0.010272990314102  0.090873282332519  0.019343598294335  0.000000000000000  0.037629293163482  0.000000000000000  0.008537326086726  0.003796800734302  0.001673402255407  0.000000000000000  0.000000000000000  0.021807980689409  0.000000000000000  0.001835005369559  0.000000000000000  0.014387901518829  0.009916178797030  0.004422261336370  0.000000000000000  0.775393206347005  0.955282936382437  0.005774853247163  0.038902319855693  0.316219885588484  0.683967651951245  0.093298648956060  0.906890328933143  0.039308905369876  0.491751037013124  0.480963727332387 
77.0    T  0.002636792939693  0.009118422670457  0.001266444877589  0.000886249175114  0.007812500000000  0.007370611335120  0.004440691301703  0.049997508020797  0.018274807250812  0.002448306680548  0.054033576956742  0.020474896935287  0.001837550991238  0.000000000000000  0.607097442197523  0.016851256745226  0.087474116599700  0.013555291986751  0.005547294369310  0.088695209762524  0.995159721820083  0.001945019049013  0.003157503393772  1.000000000000000  0.000000000000000  0.768437590644006  0.231326107009463  0.041492661199451  0.497924876547229  0.428985265214345 
78.0    L  0.004248001526777  0.010672189505894  0.007452808988653  0.000000000000000  0.013359409029562  0.000000000000000  0.000000000000000  0.038499939795180  0.000000000000000  0.780245480173703  0.097598311575924  0.004690638388614  0.000000000000000  0.000000000000000  0.000000000000000  0.017530366883289  0.012700243781005  0.008759109984598  0.002401247787607  0.002110791800858  0.995849753094458  0.000797625967881  0.003353771236085  0.500000000000000  0.500000000000000  0.348202870167259  0.651573574681647  0.039802421103953  0.500000000000000  0.478635729097649 
79.0    T  0.001600790249292  0.000000000000000  0.000000000000000  0.000000000000000  0.000000000000000  0.005140056738395  0.002946054837278  0.689680460913530  0.037891025595679  0.019478143660548  0.007483868892365  0.055322110286222  0.000000000000000  0.002727887758725  0.057471877884479  0.022143084320441  0.062240609568404  0.031206708315657  0.002679166579279  0.002041718945713  0.995849753094458  0.003773188784863  0.000541406564259  0.333324669272800  0.666649338545599  0.000000000000000  1.000000000000000  0.040751585476830  0.494485458190466  0.481630947010074 
80.0    S  0.008844522672740  0.001334948683537  0.014864348067684  0.000000000000000  0.000000000000000  0.011849746448238  0.143886186415970  0.001845209064448  0.017193415771346  0.002434767957569  0.000000000000000  0.449377563305515  0.004575039770386  0.001958547726369  0.009875024206663  0.274142897146974  0.035698320214017  0.000000000000000  0.000000000000000  0.022266212721075  1.000000000000000  0.000000000000000  0.000123431650495  1.000000000000000  0.000000000000000  0.058476468614463  0.941478464541206  0.039582320428851  0.499653546495226  0.480297431976738 
81.0    C  0.000000000000000  0.905006462882905  0.000000000000000  0.000000000000000  0.000000000000000  0.019998006466317  0.000000000000000  0.000000000000000  0.000000000000000  0.007139308204917  0.003726404494326  0.000000000000000  0.000000000000000  0.000000000000000  0.011493802701998  0.022813000166477  0.003941607944706  0.007006938747359  0.012048522073500  0.006624374723696  0.992404374685819  0.007259067767585  0.000000000000000  0.695923195915551  0.303969820795774  0.501040802539816  0.498961359499525  0.039582320428851  0.490729531926740  0.481297221550876 
82.0    N  0.017676788481967  0.002640450845758  0.013396500572409  0.000000000000000  0.000000000000000  0.011477879947487  0.002218807157786  0.008189550589976  0.002808469790717  0.010110512925647  0.005628631831398  0.863938187400277  0.009329399899020  0.000000000000000  0.021552514403548  0.011148550825921  0.004667934393972  0.000000000000000  0.000000000000000  0.015082297263621  0.999307092990453  0.000911796821206  0.000000000000000  1.000000000000000  0.000000000000000  0.000000000000000  1.000000000000000  0.039336161672027  0.499653546495226  0.491069797631696 
83.0    T  0.047169561516268  0.000000000000000  0.019410754402882  0.004035603076891  0.000000000000000  0.000000000000000  0.012132326171891  0.025665959398502  0.007998803909597  0.008961773626767  0.001284123789263  0.018984949873516  0.005933092538338  0.003881957395791  0.004403907859943  0.038128140946007  0.762072415169885  0.029076551803219  0.000000000000000  0.011086901220315  1.000000000000000  0.000000000000000  0.000000000000000  0.000000000000000  0.000000000000000  0.000000000000000  1.000000000000000  0.039281667953807  1.000000000000000  0.491069797631696 
84.0    S  0.003300728064111  0.000000000000000  0.008021012075937  0.000000000000000  0.000000000000000  0.000000000000000  0.005108091205222  0.008519591661447  0.001297544740329  0.009571760405505  0.000000000000000  0.000000000000000  0.007604135735611  0.004587742075053  0.008632535037499  0.844400887423782  0.069540632536552  0.010503398391817  0.003844468836070  0.014895289770127  1.000000000000000  0.000000000000000  0.000000000000000  0.000000000000000  0.000000000000000  0.000000000000000  1.000000000000000  0.039281667953807  1.000000000000000  0.491069797631696 
85.0    V  0.179120206296638  0.009175484150107  0.001044479578013  0.009766111738947  0.000951176043499  0.007556846325109  0.004723264358724  0.036906020669673  0.009813612352684  0.014298424501999  0.000000000000000  0.006057759424586  0.002826044698966  0.000000000000000  0.004992575637512  0.030628106729433  0.233905874457850  0.428985265214345  0.000000000000000  0.019437682082789  0.998614666101029  0.001222457479154  0.000000000000000  0.370103324500012  0.629814989973700  0.471065636952404  0.528875481809214  0.039254449410735  0.497235084336607  0.491069797631696 
86.0    I  0.000000000000000  0.000000000000000  0.000000000000000  0.000000000000000  0.002554045602611  0.000000000000000  0.014926295880976  0.788946840852465  0.000000000000000  0.037759932605936  0.026314467300263  0.012149156810665  0.000000000000000  0.000000000000000  0.007993261482300  0.013120804577252  0.019681718436678  0.076521024525013  0.000000000000000  0.000000000000000  0.984866442895551  0.014407861217385  0.000762486809187  1.000000000000000  0.000000000000000  0.683493725970905  0.316658563430804  0.039336161672027  0.482299092292069  0.495858365369147 
87.0    T  0.030862526920168  0.000000000000000  0.000000000000000  0.000000000000000  0.000000000000000  0.002044551331982  0.006185045827119  0.001204792158017  0.133230842008493  0.007960087473568  0.000000000000000  0.011195012893540  0.004533999665561  0.027016788478371  0.032352028870043  0.022189177477241  0.715488260011456  0.000000000000000  0.000000000000000  0.005609158244623  0.999307092990453  0.000492359597117  0.000000000000000  1.000000000000000  0.000000000000000  1.000000000000000  0.000000000000000  0.039968299414920  0.500000000000000  0.498270131413934 
88.0    Q  0.011710934388715  0.000000000000000  0.011343424061749  0.068203992315933  0.000000000000000  0.005719084749788  0.008820034412548  0.007960087473568  0.006167920989848  0.007855942034363  0.000000000000000  0.008820034412548  0.020474896935287  0.813943185070435  0.010888884677246  0.012259126529637  0.002044551331982  0.000000000000000  0.000000000000000  0.003887342663360  0.988970916380931  0.010888884677246  0.000000000000000  0.418413121341696  0.581560020773925  0.000000000000000  0.000000000000000  0.040107059298841  0.485317234884773  1.000000000000000 
89.0    A  0.797745239809033  0.000000000000000  0.020067434515460  0.002919627438740  0.007447644885064  0.031293351740979  0.000000000000000  0.005122273493030  0.003532731943598  0.002152158429447  0.000000000000000  0.004726539411013  0.003467231786209  0.001712120549445  0.005512796263315  0.082640912821411  0.018135998662246  0.013396500572409  0.000000000000000  0.000000000000000  0.997231251352069  0.003105411136519  0.000000000000000  1.000000000000000  0.000000000000000  0.000000000000000  0.000000000000000  0.039912929974856  0.496546247718518  1.000000000000000 
90.0    C  0.000000000000000  0.927230546435463  0.007208925723858  0.000000000000000  0.005350910077990  0.005516618767128  0.000000000000000  0.000000000000000  0.000000000000000  0.014915953345933  0.000000000000000  0.000000000000000  0.007572576694805  0.000000000000000  0.006447698504005  0.014629253866164  0.000000000000000  0.007198938954677  0.002301834780882  0.001783590332055  1.000000000000000  0.000000000000000  0.000000000000000  0.000000000000000  0.000000000000000  0.000000000000000  0.000000000000000  0.041006601705999  1.000000000000000  1.000000000000000 
91.0    P  0.014140725982545  0.000000000000000  0.075102253095428  0.040414029121484  0.000000000000000  0.000000000000000  0.002215733369016  0.000000000000000  0.000000000000000  0.000000000000000  0.000000000000000  0.012630013575087  0.813943185070435  0.012098734810207  0.004212814186306  0.018338252785646  0.001419895036446  0.003741934446182  0.000000000000000  0.001874861837967  0.998614666101029  0.001400346921890  0.000000000000000  0.055552667572911  0.944747040997206  0.000000000000000  0.000000000000000  0.041349107497129  0.498961359499525  1.000000000000000 
92.0    K  0.000000000000000  0.002214198071833  0.001903671154085  0.004419197120492  0.000000000000000  0.000000000000000  0.000000000000000  0.014427848605147  0.909408251800733  0.000000000000000  0.010701820155981  0.002716566350996  0.009651708102554  0.004143311489720  0.011719054603795  0.005566553180269  0.020905118043533  0.000000000000000  0.000000000000000  0.002536403520957  0.998614666101029  0.001636693622398  0.000000000000000  1.000000000000000  0.000000000000000  1.000000000000000  0.000000000000000  0.041723384477997  0.498961359499525  0.498961359499525 
93.0    V  0.029831906691866  0.000000000000000  0.000000000000000  0.000000000000000  0.001393568853240  0.022219959540426  0.058193426239389  0.130760617474066  0.008021012075937  0.006702894768974  0.006483551449922  0.000000000000000  0.000000000000000  0.005912565597537  0.000000000000000  0.028497911422493  0.049446081324091  0.645728675151168  0.000000000000000  0.006735496445450  1.000000000000000  0.000000000000000  0.000000000000000  0.000000000000000  0.000000000000000  0.000000000000000  0.000000000000000  0.041723384477997  1.000000000000000  1.000000000000000 
94.0    S  0.005589752031340  0.000000000000000  0.000000000000000  0.000000000000000  0.003377098559796  0.000000000000000  0.007927051145163  0.007179006902180  0.001154913086176  0.000000000000000  0.006142322594846  0.024281477149502  0.008454880035357  0.000000000000000  0.006116830439504  0.631126016056058  0.238820734095609  0.019236631458514  0.000000000000000  0.040554336466849  1.000000000000000  0.000000000000000  0.000000000000000  1.000000000000000  0.000000000000000  0.000000000000000  0.000000000000000  0.045373696246997  1.000000000000000  1.000000000000000 
